-1.220667e-007 2.1192
-1.216667e-007 2.1177
-1.212667e-007 2.1185
-1.208667e-007 2.1184
-1.204667e-007 2.1179
-1.200667e-007 2.1211
-1.196667e-007 2.1218
-1.192667e-007 2.1216
-1.188667e-007 2.1207
-1.184667e-007 2.1217
-1.180667e-007 2.1211
-1.176667e-007 2.1256
-1.172667e-007 2.1269
-1.168667e-007 2.1235
-1.164667e-007 2.1268
-1.160667e-007 2.126
-1.156667e-007 2.1282
-1.152667e-007 2.1281
-1.148667e-007 2.1315
-1.144667e-007 2.1304
-1.140667e-007 2.133
-1.136667e-007 2.1326
-1.132667e-007 2.1321
-1.128667e-007 2.1345
-1.124667e-007 2.1384
-1.120667e-007 2.1366
-1.116667e-007 2.1406
-1.112667e-007 2.1388
-1.108667e-007 2.1372
-1.104667e-007 2.1399
-1.100667e-007 2.1403
-1.096667e-007 2.1428
-1.092667e-007 2.142
-1.088667e-007 2.1435
-1.084667e-007 2.1435
-1.080667e-007 2.147
-1.076667e-007 2.1498
-1.072667e-007 2.1473
-1.068667e-007 2.1484
-1.064667e-007 2.1475
-1.060667e-007 2.1515
-1.056667e-007 2.1492
-1.052667e-007 2.1515
-1.048667e-007 2.153
-1.044667e-007 2.1537
-1.040667e-007 2.1549
-1.036667e-007 2.1551
-1.032667e-007 2.1561
-1.028667e-007 2.161
-1.024667e-007 2.1564
-1.020667e-007 2.1589
-1.016667e-007 2.1596
-1.012667e-007 2.1625
-1.008667e-007 2.1602
-1.004667e-007 2.1603
-1.000667e-007 2.1612
-9.966668e-008 2.1632
-9.926668e-008 2.1656
-9.886668e-008 2.1665
-9.846668e-008 2.1678
-9.806668e-008 2.168
-9.766668e-008 2.1677
-9.726668e-008 2.1695
-9.686668e-008 2.1682
-9.646668e-008 2.1708
-9.606668e-008 2.1695
-9.566668e-008 2.1722
-9.526668e-008 2.1729
-9.486668e-008 2.1736
-9.446668e-008 2.1758
-9.406668e-008 2.1764
-9.366668e-008 2.1791
-9.326668e-008 2.1764
-9.286668e-008 2.1794
-9.246668e-008 2.1805
-9.206668e-008 2.1785
-9.166668e-008 2.181
-9.126668e-008 2.1814
-9.086668e-008 2.1827
-9.046668e-008 2.1828
-9.006668e-008 2.1852
-8.966668e-008 2.1829
-8.926668e-008 2.1897
-8.886668e-008 2.1874
-8.846668e-008 2.19
-8.806668e-008 2.1905
-8.766668e-008 2.1884
-8.726668e-008 2.1894
-8.686668e-008 2.1928
-8.646668e-008 2.1907
-8.606668e-008 2.1921
-8.566668e-008 2.1938
-8.526668e-008 2.193
-8.486668e-008 2.1929
-8.446668e-008 2.1941
-8.406668e-008 2.195
-8.366668e-008 2.1971
-8.326668e-008 2.1961
-8.286668e-008 2.1957
-8.246668e-008 2.1946
-8.206668e-008 2.198
-8.166668e-008 2.1979
-8.126668e-008 2.199
-8.086668e-008 2.1985
-8.046668e-008 2.2027
-8.006668e-008 2.1995
-7.966668e-008 2.2002
-7.926668e-008 2.2027
-7.886668e-008 2.2022
-7.846668e-008 2.2039
-7.806668e-008 2.2063
-7.766668e-008 2.201
-7.726668e-008 2.2071
-7.686668e-008 2.2005
-7.646668e-008 2.2046
-7.606668e-008 2.206
-7.566668e-008 2.2024
-7.526668e-008 2.2049
-7.486668e-008 2.2028
-7.446668e-008 2.2015
-7.406668e-008 2.2046
-7.366668e-008 2.2019
-7.326668e-008 2.205
-7.286668e-008 2.2054
-7.246668e-008 2.2044
-7.206668e-008 2.205
-7.166668e-008 2.2045
-7.126668e-008 2.2026
-7.086668e-008 2.205
-7.046668e-008 2.2058
-7.006668e-008 2.2015
-6.966668e-008 2.2042
-6.926668e-008 2.2018
-6.886668e-008 2.2032
-6.846668e-008 2.2021
-6.806668e-008 2.2027
-6.766668e-008 2.2035
-6.726668e-008 2.2007
-6.686668e-008 2.203
-6.646668e-008 2.2007
-6.606668e-008 2.1988
-6.566668e-008 2.2001
-6.526668e-008 2.2002
-6.486668e-008 2.1945
-6.446668e-008 2.1982
-6.406668e-008 2.1924
-6.366668e-008 2.195
-6.326668e-008 2.1905
-6.286668e-008 2.1905
-6.246668e-008 2.1918
-6.206668e-008 2.1867
-6.166668e-008 2.1858
-6.126668e-008 2.1833
-6.086668e-008 2.179
-6.046668e-008 2.1799
-6.006668e-008 2.1779
-5.966668e-008 2.173
-5.926668e-008 2.1724
-5.886668e-008 2.1689
-5.846668e-008 2.1662
-5.806668e-008 2.1653
-5.766668e-008 2.1614
-5.726668e-008 2.1598
-5.686668e-008 2.1541
-5.646668e-008 2.149
-5.606668e-008 2.1479
-5.566668e-008 2.1436
-5.526668e-008 2.1397
-5.486668e-008 2.1373
-5.446668e-008 2.1331
-5.406668e-008 2.1258
-5.366668e-008 2.1222
-5.326668e-008 2.1218
-5.286668e-008 2.1141
-5.246668e-008 2.1152
-5.206668e-008 2.1086
-5.166668e-008 2.1065
-5.126668e-008 2.1029
-5.086668e-008 2.0991
-5.046668e-008 2.0948
-5.006668e-008 2.0893
-4.966668e-008 2.0853
-4.926668e-008 2.0841
-4.886668e-008 2.0801
-4.846668e-008 2.0767
-4.806668e-008 2.0735
-4.766668e-008 2.0692
-4.726668e-008 2.0697
-4.686668e-008 2.0666
-4.646668e-008 2.062
-4.606668e-008 2.0581
-4.566668e-008 2.0589
-4.526668e-008 2.0584
-4.486668e-008 2.0526
-4.446668e-008 2.0518
-4.406668e-008 2.0491
-4.366668e-008 2.045
-4.326668e-008 2.0438
-4.286668e-008 2.0429
-4.246668e-008 2.0407
-4.206668e-008 2.0407
-4.166668e-008 2.0375
-4.126668e-008 2.0344
-4.086668e-008 2.0343
-4.046668e-008 2.0347
-4.006668e-008 2.0298
-3.966668e-008 2.0338
-3.926668e-008 2.0297
-3.886668e-008 2.0296
-3.846668e-008 2.0314
-3.806668e-008 2.0276
-3.766668e-008 2.0278
-3.726668e-008 2.0282
-3.686668e-008 2.0277
-3.646668e-008 2.0254
-3.606668e-008 2.0267
-3.566668e-008 2.0213
-3.526668e-008 2.0238
-3.486668e-008 2.0223
-3.446668e-008 2.0223
-3.406668e-008 2.0215
-3.366668e-008 2.023
-3.326668e-008 2.0229
-3.286668e-008 2.0193
-3.246668e-008 2.0221
-3.206668e-008 2.0225
-3.166668e-008 2.0193
-3.126668e-008 2.02
-3.086668e-008 2.02
-3.046668e-008 2.0185
-3.006668e-008 2.0201
-2.966668e-008 2.0226
-2.926668e-008 2.0245
-2.886668e-008 2.0197
-2.846668e-008 2.0241
-2.806668e-008 2.0207
-2.766668e-008 2.0235
-2.726668e-008 2.0251
-2.686668e-008 2.0258
-2.646668e-008 2.0259
-2.606668e-008 2.0292
-2.566668e-008 2.0279
-2.526668e-008 2.0287
-2.486668e-008 2.0312
-2.446668e-008 2.0289
-2.406668e-008 2.0354
-2.366668e-008 2.0332
-2.326668e-008 2.034
-2.286668e-008 2.0354
-2.246668e-008 2.0363
-2.206668e-008 2.04
-2.166668e-008 2.0391
-2.126668e-008 2.0444
-2.086668e-008 2.0404
-2.046668e-008 2.045
-2.006668e-008 2.0454
-1.966668e-008 2.0467
-1.926668e-008 2.0513
-1.886668e-008 2.0505
-1.846668e-008 2.0523
-1.806668e-008 2.0529
-1.766668e-008 2.0573
-1.726668e-008 2.0561
-1.686668e-008 2.0565
-1.646668e-008 2.061
-1.606668e-008 2.0624
-1.566668e-008 2.065
-1.526668e-008 2.0649
-1.486668e-008 2.0691
-1.446668e-008 2.0707
-1.406668e-008 2.0718
-1.366668e-008 2.0724
-1.326668e-008 2.0731
-1.286668e-008 2.0785
-1.246668e-008 2.0838
-1.206668e-008 2.0788
-1.166668e-008 2.0868
-1.126668e-008 2.0857
-1.086668e-008 2.0875
-1.046668e-008 2.0895
-1.006668e-008 2.0907
-9.666684e-009 2.0912
-9.266684e-009 2.0962
-8.866684e-009 2.098
-8.466684e-009 2.0984
-8.066684e-009 2.1036
-7.666684e-009 2.0976
-7.266684e-009 2.1011
-6.866684e-009 2.1028
-6.466684e-009 2.1058
-6.066684e-009 2.1073
-5.666684e-009 2.1102
-5.266684e-009 2.109
-4.866684e-009 2.1151
-4.466684e-009 2.1135
-4.066684e-009 2.1151
-3.666684e-009 2.116
-3.266684e-009 2.1185
-2.866684e-009 2.1218
-2.466684e-009 2.1214
-2.066684e-009 2.124
-1.666684e-009 2.1254
-1.266684e-009 2.1283
-8.666845e-010 2.1283
-4.666845e-010 2.133
-6.668448e-011 2.1308
3.333155e-010 2.1329
7.333155e-010 2.1388
1.133316e-009 2.1349
1.533316e-009 2.1371
1.933316e-009 2.1374
2.333316e-009 2.1397
2.733316e-009 2.1406
3.133316e-009 2.1444
3.533316e-009 2.144
3.933316e-009 2.149
4.333316e-009 2.1476
4.733316e-009 2.1469
5.133316e-009 2.1474
5.533316e-009 2.1518
5.933316e-009 2.1502
6.333316e-009 2.1538
6.733316e-009 2.1541
7.133316e-009 2.1599
7.533316e-009 2.158
7.933316e-009 2.1601
8.333316e-009 2.1655
8.733316e-009 2.1632
9.133316e-009 2.1667
9.533316e-009 2.1685
9.933316e-009 2.1647
1.033332e-008 2.1681
1.073332e-008 2.1669
1.113332e-008 2.1694
1.153332e-008 2.1719
1.193332e-008 2.1717
1.233332e-008 2.1763
1.273332e-008 2.1741
1.313332e-008 2.1723
1.353332e-008 2.1789
1.393332e-008 2.1761
1.433332e-008 2.1789
1.473332e-008 2.1797
1.513332e-008 2.1798
1.553332e-008 2.1811
1.593332e-008 2.1819
1.633332e-008 2.1857
1.673332e-008 2.1836
1.713332e-008 2.1896
1.753332e-008 2.1882
1.793332e-008 2.1893
1.833332e-008 2.1897
1.873332e-008 2.1855
1.913332e-008 2.1919
1.953332e-008 2.1911
1.993332e-008 2.1917
2.033332e-008 2.1939
2.073332e-008 2.1911
2.113332e-008 2.195
2.153332e-008 2.1952
2.193332e-008 2.1977
2.233332e-008 2.1971
2.273332e-008 2.1981
2.313332e-008 2.1977
2.353332e-008 2.2012
2.393332e-008 2.2022
2.433332e-008 2.1985
2.473332e-008 2.2002
2.513332e-008 2.1997
2.553332e-008 2.2031
2.593332e-008 2.1993
2.633332e-008 2.2022
2.673332e-008 2.2034
2.713332e-008 2.2035
2.753332e-008 2.2024
2.793332e-008 2.2045
2.833332e-008 2.2068
2.873332e-008 2.2062
2.913332e-008 2.2073
2.953332e-008 2.207
2.993332e-008 2.2085
3.033332e-008 2.2052
3.073332e-008 2.2098
3.113332e-008 2.2063
3.153332e-008 2.2095
3.193332e-008 2.2132
3.233332e-008 2.2085
3.273332e-008 2.211
3.313332e-008 2.2111
3.353332e-008 2.2105
3.393332e-008 2.2111
3.433332e-008 2.2096
3.473332e-008 2.2121
3.513332e-008 2.2102
3.553332e-008 2.2092
3.593332e-008 2.2074
3.633332e-008 2.2092
3.673332e-008 2.2095
3.713332e-008 2.2087
3.753332e-008 2.2085
3.793332e-008 2.2079
3.833332e-008 2.211
3.873332e-008 2.2109
3.913332e-008 2.2072
3.953332e-008 2.2067
3.993332e-008 2.2073
4.033332e-008 2.2076
4.073332e-008 2.2051
4.113332e-008 2.207
4.153332e-008 2.2034
4.193332e-008 2.2026
4.233332e-008 2.2023
4.273332e-008 2.2039
4.313332e-008 2.1988
4.353332e-008 2.1983
4.393332e-008 2.1984
4.433332e-008 2.1965
4.473332e-008 2.1951
4.513332e-008 2.1916
4.553332e-008 2.1908
4.593332e-008 2.1898
4.633332e-008 2.1889
4.673332e-008 2.1901
4.713332e-008 2.1883
4.753332e-008 2.1834
4.793332e-008 2.1843
4.833332e-008 2.1841
4.873332e-008 2.1792
4.913332e-008 2.1784
4.953332e-008 2.1744
4.993332e-008 2.1724
5.033332e-008 2.1706
5.073332e-008 2.1715
5.113332e-008 2.1693
5.153332e-008 2.1656
5.193332e-008 2.1648
5.233332e-008 2.161
5.273332e-008 2.1627
5.313332e-008 2.1596
5.353332e-008 2.1597
5.393332e-008 2.1548
5.433332e-008 2.1543
5.473332e-008 2.1546
5.513332e-008 2.1512
5.553332e-008 2.1493
5.593332e-008 2.1477
5.633332e-008 2.1456
5.673332e-008 2.1452
5.713332e-008 2.1444
5.753332e-008 2.143
5.793332e-008 2.1408
5.833332e-008 2.1401
5.873332e-008 2.1379
5.913332e-008 2.1347
5.953332e-008 2.1381
5.993332e-008 2.1351
6.033332e-008 2.1341
6.073332e-008 2.1329
6.113332e-008 2.1288
6.153332e-008 2.1277
6.193332e-008 2.1288
6.233332e-008 2.126
6.273332e-008 2.1246
6.313332e-008 2.1247
6.353332e-008 2.1221
6.393332e-008 2.1256
6.433332e-008 2.1211
6.473332e-008 2.1209
6.513332e-008 2.1205
6.553332e-008 2.1194
6.593332e-008 2.1195
6.633332e-008 2.1175
6.673332e-008 2.1166
6.713332e-008 2.1175
6.753332e-008 2.1151
6.793332e-008 2.1133
6.833332e-008 2.1129
6.873332e-008 2.1139
6.913332e-008 2.1124
6.953332e-008 2.1129
6.993332e-008 2.1116
7.033332e-008 2.113
7.073332e-008 2.1116
7.113332e-008 2.1077
7.153332e-008 2.1105
7.193332e-008 2.1126
7.233332e-008 2.109
7.273332e-008 2.1122
7.313332e-008 2.1071
7.353332e-008 2.1076
7.393332e-008 2.1102
7.433332e-008 2.1076
7.473332e-008 2.1091
7.513332e-008 2.1091
7.553332e-008 2.1077
7.593332e-008 2.1106
7.633332e-008 2.1107
7.673332e-008 2.1081
7.713332e-008 2.1114
7.753332e-008 2.1088
7.793332e-008 2.1132
7.833332e-008 2.1111
7.873332e-008 2.1117
7.913332e-008 2.111
7.953332e-008 2.1136
7.993332e-008 2.1141
8.033332e-008 2.1131
8.073332e-008 2.1146
8.113332e-008 2.1138
8.153332e-008 2.1153
8.193332e-008 2.1149
8.233332e-008 2.1178
8.273332e-008 2.1181
8.313332e-008 2.1196
8.353332e-008 2.1207
8.393332e-008 2.1212
8.433332e-008 2.1216
8.473332e-008 2.121
8.513332e-008 2.1235
8.553332e-008 2.1246
8.593332e-008 2.1288
8.633332e-008 2.1276
8.673332e-008 2.1269
8.713332e-008 2.1299
8.753332e-008 2.1283
8.793332e-008 2.1296
8.833332e-008 2.1326
8.873332e-008 2.132
8.913332e-008 2.1335
8.953332e-008 2.1359
8.993332e-008 2.1318
9.033332e-008 2.1355
9.073332e-008 2.1375
9.113332e-008 2.1389
9.153332e-008 2.1399
9.193332e-008 2.1428
9.233332e-008 2.1406
9.273332e-008 2.1426
9.313332e-008 2.1419
9.353332e-008 2.1432
9.393332e-008 2.1452
9.433332e-008 2.1474
9.473332e-008 2.1485
9.513332e-008 2.1466
9.553332e-008 2.1455
9.593332e-008 2.1501
9.633332e-008 2.149
9.673332e-008 2.1513
9.713332e-008 2.1533
9.753332e-008 2.1537
9.793332e-008 2.1554
9.833332e-008 2.1528
9.873332e-008 2.1574
9.913332e-008 2.1569
9.953332e-008 2.1582
9.993332e-008 2.1561
1.003333e-007 2.1597
1.007333e-007 2.159
1.011333e-007 2.1592
1.015333e-007 2.1603
1.019333e-007 2.1623
1.023333e-007 2.163
1.027333e-007 2.1646
1.031333e-007 2.1654
1.035333e-007 2.1666
1.039333e-007 2.1695
1.043333e-007 2.1698
1.047333e-007 2.1692
1.051333e-007 2.1686
1.055333e-007 2.1707
1.059333e-007 2.1733
1.063333e-007 2.1731
1.067333e-007 2.1755
1.071333e-007 2.1778
1.075333e-007 2.1761
1.079333e-007 2.1742
1.083333e-007 2.1741
1.087333e-007 2.1753
1.091333e-007 2.1801
1.095333e-007 2.1779
1.099333e-007 2.1817
1.103333e-007 2.1841
1.107333e-007 2.1815
1.111333e-007 2.1809
1.115333e-007 2.1859
1.119333e-007 2.1838
1.123333e-007 2.1826
1.127333e-007 2.1835
1.131333e-007 2.1876
1.135333e-007 2.185
1.139333e-007 2.187
1.143333e-007 2.1903
1.147333e-007 2.188
1.151333e-007 2.1896
1.155333e-007 2.1921
1.159333e-007 2.1912
1.163333e-007 2.1926
1.167333e-007 2.1925
1.171333e-007 2.1902
1.175333e-007 2.1932
1.179333e-007 2.1928
1.183333e-007 2.1917
1.187333e-007 2.1969
1.191333e-007 2.1955
1.195333e-007 2.1968
1.199333e-007 2.1989
1.203333e-007 2.1988
1.207333e-007 2.1979
1.211333e-007 2.2007
1.215333e-007 2.1986
1.219333e-007 2.1995
1.223333e-007 2.2014
1.227333e-007 2.1991
1.231333e-007 2.1985
1.235333e-007 2.1999
1.239333e-007 2.1997
1.243333e-007 2.2002
1.247333e-007 2.2
1.251333e-007 2.201
1.255333e-007 2.2003
1.259333e-007 2.2016
1.263333e-007 2.1981
1.267333e-007 2.201
1.271333e-007 2.2029
1.275333e-007 2.2008
1.279333e-007 2.2051
1.283333e-007 2.2006
1.287333e-007 2.2031
1.291333e-007 2.2014
1.295333e-007 2.1996
1.299333e-007 2.2008
1.303333e-007 2.2005
1.307333e-007 2.2004
1.311333e-007 2.1976
1.315333e-007 2.1988
1.319333e-007 2.2004
1.323333e-007 2.1965
1.327333e-007 2.1997
1.331333e-007 2.1981
1.335333e-007 2.1962
1.339333e-007 2.1948
1.343333e-007 2.1931
1.347333e-007 2.1951
1.351333e-007 2.1925
1.355333e-007 2.191
1.359333e-007 2.1889
1.363333e-007 2.188
1.367333e-007 2.1864
1.371333e-007 2.188
1.375333e-007 2.1814
1.379333e-007 2.1811
1.383333e-007 2.1775
1.387333e-007 2.1781
1.391333e-007 2.1761
1.395333e-007 2.174
1.399333e-007 2.1708
1.403333e-007 2.1685
1.407333e-007 2.164
1.411333e-007 2.1638
1.415333e-007 2.1599
1.419333e-007 2.1553
1.423333e-007 2.1536
1.427333e-007 2.1528
1.431333e-007 2.1446
1.435333e-007 2.1433
1.439333e-007 2.1388
1.443333e-007 2.1316
1.447333e-007 2.1327
1.451333e-007 2.1294
1.455333e-007 2.1239
1.459333e-007 2.1206
1.463333e-007 2.1178
1.467333e-007 2.1119
1.471333e-007 2.1113
1.475333e-007 2.1043
1.479333e-007 2.1018
1.483333e-007 2.1001
1.487333e-007 2.0941
1.491333e-007 2.0909
1.495333e-007 2.0847
1.499333e-007 2.0829
1.503333e-007 2.0791
1.507333e-007 2.0764
1.511333e-007 2.0764
1.515333e-007 2.0696
1.519333e-007 2.0715
1.523333e-007 2.0621
1.527333e-007 2.0608
1.531333e-007 2.0604
1.535333e-007 2.0545
1.539333e-007 2.0563
1.543333e-007 2.0519
1.547333e-007 2.0511
1.551333e-007 2.0499
1.555333e-007 2.0435
1.559333e-007 2.0437
1.563333e-007 2.0405
1.567333e-007 2.0397
1.571333e-007 2.0401
1.575333e-007 2.0392
1.579333e-007 2.0359
1.583333e-007 2.0359
1.587333e-007 2.0317
1.591333e-007 2.0296
1.595333e-007 2.0315
1.599333e-007 2.0294
1.603333e-007 2.0284
1.607333e-007 2.0275
1.611333e-007 2.029
1.615333e-007 2.028
1.619333e-007 2.0273
1.623333e-007 2.0266
1.627333e-007 2.0222
1.631333e-007 2.0237
1.635333e-007 2.0232
1.639333e-007 2.0232
1.643333e-007 2.0235
1.647333e-007 2.0215
1.651333e-007 2.0203
1.655333e-007 2.0255
1.659333e-007 2.0227
1.663333e-007 2.0225
1.667333e-007 2.0231
1.671333e-007 2.0215
1.675333e-007 2.0241
1.679333e-007 2.0232
1.683333e-007 2.0225
1.687333e-007 2.0232
1.691333e-007 2.0215
1.695333e-007 2.0242
1.699333e-007 2.0221
1.703333e-007 2.0248
1.707333e-007 2.0254
1.711333e-007 2.0229
1.715333e-007 2.0246
1.719333e-007 2.025
1.723333e-007 2.0264
1.727333e-007 2.0313
1.731333e-007 2.0265
1.735333e-007 2.0311
1.739333e-007 2.0273
1.743333e-007 2.0323
1.747333e-007 2.0344
1.751333e-007 2.0343
1.755333e-007 2.0349
1.759333e-007 2.0363
1.763333e-007 2.0405
1.767333e-007 2.0396
1.771333e-007 2.0417
1.775333e-007 2.043
1.779333e-007 2.0424
1.783333e-007 2.0444
1.787333e-007 2.0461
1.791333e-007 2.0468
1.795333e-007 2.0494
1.799333e-007 2.0519
1.803333e-007 2.0533
1.807333e-007 2.0572
1.811333e-007 2.0545
1.815333e-007 2.0598
1.819333e-007 2.0625
1.823333e-007 2.0618
1.827333e-007 2.0656
1.831333e-007 2.0665
1.835333e-007 2.0692
1.839333e-007 2.0706
1.843333e-007 2.0741
1.847333e-007 2.073
1.851333e-007 2.0774
1.855333e-007 2.0777
1.859333e-007 2.0816
1.863333e-007 2.0813
1.867333e-007 2.0845
1.871333e-007 2.0842
1.875333e-007 2.0846
1.879333e-007 2.0893
1.883333e-007 2.0893
1.887333e-007 2.0909
1.891333e-007 2.0946
1.895333e-007 2.095
1.899333e-007 2.098
1.903333e-007 2.1019
1.907333e-007 2.1016
1.911333e-007 2.1043
1.915333e-007 2.1059
1.919333e-007 2.1082
1.923333e-007 2.1089
1.927333e-007 2.1096
1.931333e-007 2.1152
1.935333e-007 2.1156
1.939333e-007 2.115
1.943333e-007 2.116
1.947333e-007 2.1201
1.951333e-007 2.1182
1.955333e-007 2.1243
1.959333e-007 2.1242
1.963333e-007 2.1239
1.967333e-007 2.1292
1.971333e-007 2.1307
1.975333e-007 2.1294
1.979333e-007 2.1354
1.983333e-007 2.1325
1.987333e-007 2.1353
1.991333e-007 2.139
1.995333e-007 2.1411
1.999333e-007 2.1432
2.003333e-007 2.145
2.007333e-007 2.1453
2.011333e-007 2.1436
2.015333e-007 2.1495
2.019333e-007 2.1489
2.023333e-007 2.1501
2.027333e-007 2.1518
2.031333e-007 2.1503
2.035333e-007 2.1562
2.039333e-007 2.1565
2.043333e-007 2.1575
2.047333e-007 2.1578
2.051333e-007 2.1596
2.055333e-007 2.1601
2.059333e-007 2.1598
2.063333e-007 2.1636
2.067333e-007 2.1656
2.071333e-007 2.1623
2.075333e-007 2.1679
2.079333e-007 2.1691
2.083333e-007 2.1678
2.087333e-007 2.1728
2.091333e-007 2.1715
2.095333e-007 2.1732
2.099333e-007 2.1728
2.103333e-007 2.1729
2.107333e-007 2.1752
2.111333e-007 2.1767
2.115333e-007 2.1772
2.119333e-007 2.1794
2.123333e-007 2.1834
2.127333e-007 2.1811
2.131333e-007 2.185
2.135333e-007 2.1843
2.139333e-007 2.1842
2.143333e-007 2.1878
2.147333e-007 2.188
2.151333e-007 2.1895
2.155333e-007 2.1898
2.159333e-007 2.1904
2.163333e-007 2.1937
2.167333e-007 2.1938
2.171333e-007 2.1957
2.175333e-007 2.1951
2.179333e-007 2.1945
2.183333e-007 2.194
2.187333e-007 2.1954
2.191333e-007 2.1963
2.195333e-007 2.1981
2.199333e-007 2.1978
2.203333e-007 2.1999
2.207333e-007 2.2027
2.211333e-007 2.2021
2.215333e-007 2.202
2.219333e-007 2.2002
2.223333e-007 2.2033
2.227333e-007 2.2036
2.231333e-007 2.204
2.235333e-007 2.2081
2.239333e-007 2.2062
2.243333e-007 2.2108
2.247333e-007 2.2054
2.251333e-007 2.2094
2.255333e-007 2.2079
2.259333e-007 2.2078
2.263333e-007 2.2088
2.267333e-007 2.209
2.271333e-007 2.2101
2.275333e-007 2.2118
2.279333e-007 2.2092
2.283333e-007 2.2118
2.287333e-007 2.2129
2.291333e-007 2.2158
2.295333e-007 2.213
2.299333e-007 2.2138
2.303333e-007 2.2151
2.307333e-007 2.2139
2.311333e-007 2.2139
2.315333e-007 2.215
2.319333e-007 2.2167
2.323333e-007 2.2184
2.327333e-007 2.2151
2.331333e-007 2.2157
2.335333e-007 2.2179
2.339333e-007 2.2193
2.343333e-007 2.2167
2.347333e-007 2.2182
2.351333e-007 2.2178
2.355333e-007 2.216
2.359333e-007 2.2193
2.363333e-007 2.2159
2.367333e-007 2.2158
2.371333e-007 2.2192
2.375333e-007 2.2153
2.379333e-007 2.2186
2.383333e-007 2.2171
2.387333e-007 2.213
2.391333e-007 2.2155
2.395333e-007 2.2154
2.399333e-007 2.2131
2.403333e-007 2.2157
2.407333e-007 2.2147
2.411333e-007 2.2136
2.415333e-007 2.2124
2.419333e-007 2.2087
2.423333e-007 2.2069
2.427333e-007 2.2097
2.431333e-007 2.2059
2.435333e-007 2.2049
2.439333e-007 2.207
2.443333e-007 2.2036
2.447333e-007 2.2019
2.451333e-007 2.2038
2.455333e-007 2.1985
2.459333e-007 2.1988
2.463333e-007 2.1962
2.467333e-007 2.1932
2.471333e-007 2.1925
2.475333e-007 2.1908
2.479333e-007 2.1918
2.483333e-007 2.1874
2.487333e-007 2.1872
2.491333e-007 2.1829
2.495333e-007 2.18
2.499333e-007 2.1825
2.503333e-007 2.179
2.507333e-007 2.176
2.511333e-007 2.1777
2.515333e-007 2.1707
2.519333e-007 2.1711
2.523333e-007 2.1719
2.527333e-007 2.1669
2.531333e-007 2.1635
2.535333e-007 2.1643
2.539333e-007 2.1613
2.543333e-007 2.1579
2.547333e-007 2.1586
2.551333e-007 2.1566
2.555333e-007 2.1517
2.559333e-007 2.1532
2.563333e-007 2.1491
2.567333e-007 2.1485
2.571333e-007 2.1488
2.575333e-007 2.1457
2.579333e-007 2.1449
2.583333e-007 2.1427
2.587333e-007 2.1409
2.591333e-007 2.1403
2.595333e-007 2.1385
2.599333e-007 2.136
2.603333e-007 2.1362
2.607333e-007 2.1365
2.611333e-007 2.135
2.615333e-007 2.1301
2.619333e-007 2.1324
2.623333e-007 2.1306
2.627333e-007 2.1276
2.631333e-007 2.1293
2.635333e-007 2.1263
2.639333e-007 2.1272
2.643333e-007 2.1252
2.647333e-007 2.1242
2.651333e-007 2.1219
2.655333e-007 2.1228
2.659333e-007 2.1213
2.663333e-007 2.1192
2.667333e-007 2.1196
2.671333e-007 2.1175
2.675333e-007 2.1204
2.679333e-007 2.1145
2.683333e-007 2.1203
2.687333e-007 2.1157
2.691333e-007 2.1125
2.695333e-007 2.115
2.699333e-007 2.1132
2.703333e-007 2.1155
2.707333e-007 2.1139
2.711333e-007 2.1128
2.715333e-007 2.1135
2.719333e-007 2.1125
2.723333e-007 2.1131
2.727333e-007 2.1108
2.731333e-007 2.1108
2.735333e-007 2.1106
2.739333e-007 2.1111
2.743333e-007 2.1124
2.747333e-007 2.1088
2.751333e-007 2.1082
2.755333e-007 2.1094
2.759333e-007 2.1119
2.763333e-007 2.107
2.767333e-007 2.1132
2.771333e-007 2.1087
2.775333e-007 2.1111
2.779333e-007 2.1127
2.783333e-007 2.1131
2.787333e-007 2.113
2.791333e-007 2.1121
2.795333e-007 2.1152
2.799333e-007 2.1142
2.803333e-007 2.1184
2.807333e-007 2.1164
2.811333e-007 2.1156
2.815333e-007 2.1174
2.819333e-007 2.1216
2.823333e-007 2.1191
2.827333e-007 2.1198
2.831333e-007 2.1219
2.835333e-007 2.1227
2.839333e-007 2.122
2.843333e-007 2.1253
2.847333e-007 2.1235
2.851333e-007 2.1257
2.855333e-007 2.1267
2.859333e-007 2.1282
2.863333e-007 2.1268
2.867333e-007 2.1298
2.871333e-007 2.1317
2.875333e-007 2.1289
2.879333e-007 2.1322
2.883333e-007 2.134
2.887333e-007 2.1308
2.891333e-007 2.1351
2.895333e-007 2.1367
2.899333e-007 2.1368
2.903333e-007 2.1389
2.907333e-007 2.1396
2.911333e-007 2.1402
2.915333e-007 2.1422
2.919333e-007 2.1414
2.923333e-007 2.1431
2.927333e-007 2.1442
2.931333e-007 2.1426
2.935333e-007 2.1436
2.939333e-007 2.1478
2.943333e-007 2.1462
2.947333e-007 2.1475
2.951333e-007 2.1487
2.955333e-007 2.145
2.959333e-007 2.1528
2.963333e-007 2.1493
2.967333e-007 2.1495
2.971333e-007 2.1513
2.975333e-007 2.1523
2.979333e-007 2.1566
2.983333e-007 2.1549
2.987333e-007 2.1553
2.991333e-007 2.157
2.995333e-007 2.1581
2.999333e-007 2.1605
3.003333e-007 2.1581
3.007333e-007 2.1618
3.011333e-007 2.1591
3.015333e-007 2.1627
3.019333e-007 2.1632
3.023333e-007 2.1643
3.027333e-007 2.1655
3.031333e-007 2.1644
3.035333e-007 2.169
3.039333e-007 2.1685
3.043333e-007 2.1688
3.047333e-007 2.1671
3.051333e-007 2.1689
3.055333e-007 2.1714
3.059333e-007 2.1696
3.063333e-007 2.172
3.067333e-007 2.1728
3.071333e-007 2.1753
3.075333e-007 2.1759
3.079333e-007 2.1768
3.083333e-007 2.1743
3.087333e-007 2.1802
3.091333e-007 2.1773
3.095333e-007 2.1774
3.099333e-007 2.1809
3.103333e-007 2.1782
3.107333e-007 2.1832
3.111333e-007 2.1834
3.115333e-007 2.182
3.119333e-007 2.1853
3.123333e-007 2.1857
3.127333e-007 2.1856
3.131333e-007 2.1871
3.135333e-007 2.187
3.139333e-007 2.1859
3.143333e-007 2.1892
3.147333e-007 2.1872
3.151333e-007 2.1923
3.155333e-007 2.191
3.159333e-007 2.1907
3.163333e-007 2.1945
3.167333e-007 2.1927
3.171333e-007 2.1937
3.175333e-007 2.1926
3.179333e-007 2.1918
3.183333e-007 2.1958
3.187333e-007 2.1951
3.191333e-007 2.1942
3.195333e-007 2.1963
3.199333e-007 2.1961
3.203333e-007 2.1983
3.207333e-007 2.1984
3.211333e-007 2.1969
3.215333e-007 2.197
3.219333e-007 2.1987
3.223333e-007 2.1967
3.227333e-007 2.1999
3.231333e-007 2.1984
3.235333e-007 2.1969
3.239333e-007 2.199
3.243333e-007 2.1983
3.247333e-007 2.2003
3.251333e-007 2.2027
3.255333e-007 2.1979
3.259333e-007 2.1947
3.263333e-007 2.2014
3.267333e-007 2.1979
3.271333e-007 2.2007
3.275333e-007 2.1993
3.279333e-007 2.1967
3.283333e-007 2.1993
3.287333e-007 2.1951
3.291333e-007 2.1975
3.295333e-007 2.1995
3.299333e-007 2.1981
3.303333e-007 2.1978
3.307333e-007 2.1954
3.311333e-007 2.196
3.315333e-007 2.1962
3.319333e-007 2.1943
3.323333e-007 2.1941
3.327333e-007 2.1948
3.331333e-007 2.1915
3.335333e-007 2.1946
3.339333e-007 2.1883
3.343333e-007 2.1892
3.347333e-007 2.1898
3.351333e-007 2.1864
3.355333e-007 2.1841
3.359333e-007 2.1861
3.363333e-007 2.1858
3.367333e-007 2.179
3.371333e-007 2.1818
3.375333e-007 2.1788
3.379333e-007 2.1768
3.383333e-007 2.1752
3.387333e-007 2.1721
3.391333e-007 2.1698
3.395333e-007 2.1677
3.399333e-007 2.1619
3.403333e-007 2.162
3.407333e-007 2.1582
3.411333e-007 2.157
3.415333e-007 2.1547
3.419333e-007 2.1519
3.423333e-007 2.1468
3.427333e-007 2.1439
3.431333e-007 2.1403
3.435333e-007 2.1367
3.439333e-007 2.1328
3.443333e-007 2.1311
3.447333e-007 2.124
3.451333e-007 2.124
3.455333e-007 2.1176
3.459333e-007 2.1125
3.463333e-007 2.1119
3.467333e-007 2.1046
3.471333e-007 2.1003
3.475333e-007 2.0991
3.479333e-007 2.0948
3.483333e-007 2.0906
3.487333e-007 2.0882
3.491333e-007 2.0826
3.495333e-007 2.08
3.499333e-007 2.078
3.503333e-007 2.0725
3.507333e-007 2.0707
3.511333e-007 2.0658
3.515333e-007 2.0642
3.519333e-007 2.0615
3.523333e-007 2.0604
3.527333e-007 2.0568
3.531333e-007 2.0541
3.535333e-007 2.0507
3.539333e-007 2.0494
3.543333e-007 2.0478
3.547333e-007 2.0451
3.551333e-007 2.0412
3.555333e-007 2.0388
3.559333e-007 2.038
3.563333e-007 2.036
3.567333e-007 2.0327
3.571333e-007 2.0329
3.575333e-007 2.0335
3.579333e-007 2.0304
3.583333e-007 2.0279
3.587333e-007 2.031
3.591333e-007 2.0266
3.595333e-007 2.031
3.599333e-007 2.0229
3.603333e-007 2.0227
3.607333e-007 2.0249
3.611333e-007 2.0209
3.615333e-007 2.0188
3.619333e-007 2.0208
3.623333e-007 2.0207
3.627333e-007 2.0188
3.631333e-007 2.02
3.635333e-007 2.0184
3.639333e-007 2.021
3.643333e-007 2.0185
3.647333e-007 2.0183
3.651333e-007 2.0171
3.655333e-007 2.0186
3.659333e-007 2.0206
3.663333e-007 2.017
3.667333e-007 2.0175
3.671333e-007 2.0184
3.675333e-007 2.0189
3.679333e-007 2.0183
3.683333e-007 2.0178
3.687333e-007 2.0159
3.691333e-007 2.0174
3.695333e-007 2.0212
3.699333e-007 2.0189
3.703333e-007 2.0213
3.707333e-007 2.0222
3.711333e-007 2.0186
3.715333e-007 2.0223
3.719333e-007 2.0244
3.723333e-007 2.0228
3.727333e-007 2.0266
3.731333e-007 2.0256
3.735333e-007 2.0252
3.739333e-007 2.0318
3.743333e-007 2.0279
3.747333e-007 2.0298
3.751333e-007 2.0319
3.755333e-007 2.0324
3.759333e-007 2.0352
3.763333e-007 2.0351
3.767333e-007 2.0348
3.771333e-007 2.0379
3.775333e-007 2.0417
3.779333e-007 2.0423
3.783333e-007 2.043
3.787333e-007 2.0464
3.791333e-007 2.0446
3.795333e-007 2.0495
3.799333e-007 2.0461
3.803333e-007 2.0527
3.807333e-007 2.0511
3.811333e-007 2.0517
3.815333e-007 2.0546
3.819333e-007 2.0566
3.823333e-007 2.0588
3.827333e-007 2.0653
3.831333e-007 2.0597
3.835333e-007 2.0648
3.839333e-007 2.0685
3.843333e-007 2.0678
3.847333e-007 2.0703
3.851333e-007 2.0748
3.855333e-007 2.0761
3.859333e-007 2.0767
3.863333e-007 2.0792
3.867333e-007 2.0808
3.871333e-007 2.0833
3.875333e-007 2.0849
3.879333e-007 2.0875
3.883333e-007 2.0895
3.887333e-007 2.0903
3.891333e-007 2.0931
3.895333e-007 2.0946
3.899333e-007 2.0954
3.903333e-007 2.0995
3.907333e-007 2.1
3.911333e-007 2.0998
3.915333e-007 2.1033
3.919333e-007 2.1047
3.923333e-007 2.108
3.927333e-007 2.1089
3.931333e-007 2.1139
3.935333e-007 2.111
3.939333e-007 2.1119
3.943333e-007 2.1176
3.947333e-007 2.1177
3.951333e-007 2.1199
3.955333e-007 2.1216
3.959333e-007 2.1231
3.963333e-007 2.1255
3.967333e-007 2.1272
3.971333e-007 2.127
3.975333e-007 2.1285
3.979333e-007 2.1296
3.983333e-007 2.1329
3.987333e-007 2.1327
3.991333e-007 2.134
3.995333e-007 2.1353
3.999333e-007 2.1367
4.003333e-007 2.1399
4.007333e-007 2.1426
4.011333e-007 2.143
4.015333e-007 2.1482
4.019333e-007 2.1443
4.023333e-007 2.1468
4.027333e-007 2.1491
4.031333e-007 2.1511
4.035333e-007 2.1539
4.039333e-007 2.1522
4.043333e-007 2.1524
4.047333e-007 2.1548
4.051333e-007 2.1552
4.055333e-007 2.1603
4.059333e-007 2.1564
4.063333e-007 2.1588
4.067333e-007 2.16
4.071333e-007 2.1616
4.075333e-007 2.1656
4.079333e-007 2.166
4.083333e-007 2.1703
4.087333e-007 2.1687
4.091333e-007 2.1702
4.095333e-007 2.1725
4.099333e-007 2.1701
4.103333e-007 2.1741
4.107333e-007 2.1747
4.111333e-007 2.1741
4.115333e-007 2.1768
4.119333e-007 2.1758
4.123333e-007 2.1778
4.127333e-007 2.1776
4.131333e-007 2.1801
4.135333e-007 2.1852
4.139333e-007 2.1815
4.143333e-007 2.1854
4.147333e-007 2.1851
4.151333e-007 2.1863
4.155333e-007 2.1902
4.159333e-007 2.19
4.163333e-007 2.19
4.167333e-007 2.1897
4.171333e-007 2.1927
4.175333e-007 2.1939
4.179333e-007 2.1947
4.183333e-007 2.1935
4.187333e-007 2.1912
4.191333e-007 2.1939
4.195333e-007 2.1951
4.199333e-007 2.1972
4.203333e-007 2.1959
4.207333e-007 2.1985
4.211333e-007 2.1977
4.215333e-007 2.1984
4.219333e-007 2.2006
4.223333e-007 2.1993
4.227333e-007 2.2011
4.231333e-007 2.1999
4.235333e-007 2.2032
4.239333e-007 2.2011
4.243333e-007 2.2035
4.247333e-007 2.2072
4.251333e-007 2.205
4.255333e-007 2.208
4.259333e-007 2.2055
4.263333e-007 2.206
4.267333e-007 2.2076
4.271333e-007 2.2102
4.275333e-007 2.2087
4.279333e-007 2.209
4.283333e-007 2.2112
4.287333e-007 2.2091
4.291333e-007 2.2101
4.295333e-007 2.2125
4.299333e-007 2.2102
4.303333e-007 2.2087
4.307333e-007 2.2108
4.311333e-007 2.2104
4.315333e-007 2.2093
4.319333e-007 2.2145
4.323333e-007 2.2126
4.327333e-007 2.2105
4.331333e-007 2.2169
4.335333e-007 2.2148
4.339333e-007 2.2138
4.343333e-007 2.2143
4.347333e-007 2.2126
4.351333e-007 2.2139
4.355333e-007 2.2129
4.359333e-007 2.2125
4.363333e-007 2.214
4.367333e-007 2.2116
4.371333e-007 2.2122
4.375333e-007 2.2123
4.379333e-007 2.2103
4.383333e-007 2.2134
4.387333e-007 2.2117
4.391333e-007 2.2088
4.395333e-007 2.2135
4.399333e-007 2.2124
4.403333e-007 2.2093
4.407333e-007 2.2095
4.411333e-007 2.2095
4.415333e-007 2.2074
4.419333e-007 2.2071
4.423333e-007 2.2047
4.427333e-007 2.2003
4.431333e-007 2.2038
4.435333e-007 2.2034
4.439333e-007 2.199
4.443333e-007 2.2001
4.447333e-007 2.1991
4.451333e-007 2.1979
4.455333e-007 2.1912
4.459333e-007 2.195
4.463333e-007 2.1917
4.467333e-007 2.1892
4.471333e-007 2.1899
4.475333e-007 2.186
4.479333e-007 2.1853
4.483333e-007 2.1848
4.487333e-007 2.1829
4.491333e-007 2.1796
4.495333e-007 2.1781
4.499333e-007 2.1777
4.503333e-007 2.1739
4.507333e-007 2.1739
4.511333e-007 2.1716
4.515333e-007 2.1676
4.519333e-007 2.17
4.523333e-007 2.1642
4.527333e-007 2.1651
4.531333e-007 2.164
4.535333e-007 2.1599
4.539333e-007 2.1601
4.543333e-007 2.1567
4.547333e-007 2.1578
4.551333e-007 2.1531
4.555333e-007 2.1512
4.559333e-007 2.1476
4.563333e-007 2.1489
4.567333e-007 2.1463
4.571333e-007 2.1455
4.575333e-007 2.1477
4.579333e-007 2.1441
4.583333e-007 2.1423
4.587333e-007 2.1427
4.591333e-007 2.142
4.595333e-007 2.1416
4.599333e-007 2.1391
4.603333e-007 2.1375
4.607333e-007 2.1359
4.611333e-007 2.1377
4.615333e-007 2.132
4.619333e-007 2.1323
4.623333e-007 2.1297
4.627333e-007 2.1292
4.631333e-007 2.1312
4.635333e-007 2.1281
4.639333e-007 2.1283
4.643333e-007 2.1263
4.647333e-007 2.1243
4.651333e-007 2.1228
4.655333e-007 2.1242
4.659333e-007 2.1234
4.663333e-007 2.1226
4.667333e-007 2.1191
4.671333e-007 2.1228
4.675333e-007 2.1155
4.679333e-007 2.1181
4.683333e-007 2.1181
4.687333e-007 2.1166
4.691333e-007 2.1184
4.695333e-007 2.1179
4.699333e-007 2.115
4.703333e-007 2.1174
4.707333e-007 2.1149
4.711333e-007 2.115
4.715333e-007 2.1132
4.719333e-007 2.1164
4.723333e-007 2.1126
4.727333e-007 2.1147
4.731333e-007 2.1146
4.735333e-007 2.1114
4.739333e-007 2.1146
4.743333e-007 2.1096
4.747333e-007 2.1172
4.751333e-007 2.1147
4.755333e-007 2.1174
4.759333e-007 2.1155
4.763333e-007 2.1127
4.767333e-007 2.1152
4.771333e-007 2.1161
4.775333e-007 2.1152
4.779333e-007 2.1177
4.783333e-007 2.1189
4.787333e-007 2.1162
4.791333e-007 2.1165
4.795333e-007 2.1205
4.799333e-007 2.12
4.803333e-007 2.1203
4.807333e-007 2.1216
4.811333e-007 2.1194
4.815333e-007 2.124
4.819333e-007 2.1229
4.823333e-007 2.1259
4.827333e-007 2.1268
4.831333e-007 2.1259
4.835333e-007 2.1258
4.839333e-007 2.1273
4.843333e-007 2.1301
4.847333e-007 2.13
4.851333e-007 2.13
4.855333e-007 2.1334
4.859333e-007 2.1306
4.863333e-007 2.1348
4.867333e-007 2.134
4.871333e-007 2.1335
4.875333e-007 2.137
4.879333e-007 2.1378
4.883333e-007 2.1362
4.887333e-007 2.1396
4.891333e-007 2.1393
4.895333e-007 2.1407
4.899333e-007 2.1411
4.903333e-007 2.1426
4.907333e-007 2.1439
4.911333e-007 2.1442
4.915333e-007 2.1443
4.919333e-007 2.1494
4.923333e-007 2.1494
4.927333e-007 2.1511
4.931333e-007 2.1479
4.935333e-007 2.1499
4.939333e-007 2.1494
4.943333e-007 2.15
4.947333e-007 2.1542
4.951333e-007 2.1531
4.955333e-007 2.1549
4.959333e-007 2.153
4.963333e-007 2.1561
4.967333e-007 2.1569
4.971333e-007 2.1593
4.975333e-007 2.1593
4.979333e-007 2.157
4.983333e-007 2.1615
4.987333e-007 2.1616
4.991333e-007 2.1621
4.995333e-007 2.1659
4.999333e-007 2.1613
5.003333e-007 2.1662
5.007333e-007 2.1665
5.011333e-007 2.1688
5.015333e-007 2.1705
5.019333e-007 2.1673
5.023333e-007 2.171
5.027333e-007 2.1704
5.031333e-007 2.1724
5.035333e-007 2.1749
5.039333e-007 2.1746
5.043333e-007 2.1737
5.047333e-007 2.1761
5.051333e-007 2.1738
5.055333e-007 2.1793
5.059333e-007 2.1779
5.063333e-007 2.1786
5.067333e-007 2.1803
5.071333e-007 2.1805
5.075333e-007 2.1834
5.079333e-007 2.1801
5.083333e-007 2.1834
5.087333e-007 2.1833
5.091333e-007 2.1859
5.095333e-007 2.1845
5.099333e-007 2.1851
5.103333e-007 2.186
5.107333e-007 2.1889
5.111333e-007 2.1856
5.115333e-007 2.1878
5.119333e-007 2.1912
5.123333e-007 2.1881
5.127333e-007 2.1901
5.131333e-007 2.1917
5.135333e-007 2.1907
5.139333e-007 2.1949
5.143333e-007 2.1945
5.147333e-007 2.1972
5.151333e-007 2.1976
5.155333e-007 2.1965
5.159333e-007 2.1974
5.163333e-007 2.1994
5.167333e-007 2.2016
5.171333e-007 2.2
5.175333e-007 2.2001
5.179333e-007 2.2009
5.183333e-007 2.1992
5.187333e-007 2.2009
5.191333e-007 2.204
5.195333e-007 2.2021
5.199333e-007 2.2023
5.203333e-007 2.2052
5.207333e-007 2.2027
5.211333e-007 2.2067
5.215333e-007 2.2052
5.219333e-007 2.2056
5.223333e-007 2.206
5.227333e-007 2.2069
5.231333e-007 2.205
5.235333e-007 2.2036
5.239333e-007 2.2056
5.243333e-007 2.204
5.247333e-007 2.2049
5.251333e-007 2.2093
5.255333e-007 2.2074
5.259333e-007 2.209
5.263333e-007 2.2077
5.267333e-007 2.2069
5.271333e-007 2.2079
5.275333e-007 2.2075
5.279333e-007 2.2076
5.283333e-007 2.2061
5.287333e-007 2.2075
5.291333e-007 2.2054
5.295333e-007 2.2095
5.299333e-007 2.2035
5.303333e-007 2.2042
5.307333e-007 2.2049
5.311333e-007 2.2066
5.315333e-007 2.2045
5.319333e-007 2.2039
5.323333e-007 2.206
5.327333e-007 2.2004
5.331333e-007 2.2044
5.335333e-007 2.2005
5.339333e-007 2.2013
5.343333e-007 2.2018
5.347333e-007 2.2018
5.351333e-007 2.1994
5.355333e-007 2.2013
5.359333e-007 2.1937
5.363333e-007 2.1951
5.367333e-007 2.1934
5.371333e-007 2.1955
5.375333e-007 2.1921
5.379333e-007 2.1899
5.383333e-007 2.1849
5.387333e-007 2.1857
5.391333e-007 2.1848
5.395333e-007 2.1831
5.399333e-007 2.1753
5.403333e-007 2.178
5.407333e-007 2.173
5.411333e-007 2.172
5.415333e-007 2.1695
5.419333e-007 2.1665
5.423333e-007 2.1647
5.427333e-007 2.1575
5.431333e-007 2.1556
5.435333e-007 2.1508
5.439333e-007 2.1513
5.443333e-007 2.1437
5.447333e-007 2.1436
5.451333e-007 2.1378
5.455333e-007 2.1359
5.459333e-007 2.1271
5.463333e-007 2.1274
5.467333e-007 2.1242
5.471333e-007 2.1178
5.475333e-007 2.1167
5.479333e-007 2.111
5.483333e-007 2.1082
5.487333e-007 2.1034
5.491333e-007 2.0994
5.495333e-007 2.0971
5.499333e-007 2.0923
5.503333e-007 2.0912
5.507333e-007 2.0853
5.511333e-007 2.0837
5.515333e-007 2.0807
5.519333e-007 2.0777
5.523333e-007 2.0731
5.527333e-007 2.0677
5.531333e-007 2.071
5.535333e-007 2.0646
5.539333e-007 2.0646
5.543333e-007 2.06
5.547333e-007 2.0583
5.551333e-007 2.057
5.555333e-007 2.0537
5.559333e-007 2.0517
5.563333e-007 2.0494
5.567333e-007 2.048
5.571333e-007 2.0477
5.575333e-007 2.0431
5.579333e-007 2.0419
5.583333e-007 2.0426
5.587333e-007 2.0373
5.591333e-007 2.037
5.595333e-007 2.038
5.599333e-007 2.034
5.603333e-007 2.0358
5.607333e-007 2.0341
5.611333e-007 2.0324
5.615333e-007 2.0289
5.619333e-007 2.0309
5.623333e-007 2.0323
5.627333e-007 2.0304
5.631333e-007 2.0303
5.635333e-007 2.0302
5.639333e-007 2.0276
5.643333e-007 2.0262
5.647333e-007 2.026
5.651333e-007 2.0281
5.655333e-007 2.0273
5.659333e-007 2.0252
5.663333e-007 2.0267
5.667333e-007 2.0256
5.671333e-007 2.0242
5.675333e-007 2.026
5.679333e-007 2.0272
5.683333e-007 2.0246
5.687333e-007 2.0244
5.691333e-007 2.0245
5.695333e-007 2.0255
5.699333e-007 2.0249
5.703333e-007 2.0289
5.707333e-007 2.0265
5.711333e-007 2.025
5.715333e-007 2.0276
5.719333e-007 2.027
5.723333e-007 2.0293
5.727333e-007 2.0294
5.731333e-007 2.0292
5.735333e-007 2.0298
5.739333e-007 2.0314
5.743333e-007 2.03
5.747333e-007 2.0334
5.751333e-007 2.0327
5.755333e-007 2.0376
5.759333e-007 2.0317
5.763333e-007 2.0365
5.767333e-007 2.0371
5.771333e-007 2.0388
5.775333e-007 2.0381
5.779333e-007 2.0424
5.783333e-007 2.0436
5.787333e-007 2.0441
5.791333e-007 2.0455
5.795333e-007 2.049
5.799333e-007 2.0494
5.803333e-007 2.0498
5.807333e-007 2.0522
5.811333e-007 2.0562
5.815333e-007 2.0572
5.819333e-007 2.0575
5.823333e-007 2.0572
5.827333e-007 2.0633
5.831333e-007 2.0609
5.835333e-007 2.0667
5.839333e-007 2.0664
5.843333e-007 2.0645
5.847333e-007 2.0709
5.851333e-007 2.0727
5.855333e-007 2.0733
5.859333e-007 2.0754
5.863333e-007 2.0777
5.867333e-007 2.0807
5.871333e-007 2.0804
5.875333e-007 2.0835
5.879333e-007 2.0844
5.883333e-007 2.0858
5.887333e-007 2.0897
5.891333e-007 2.0888
5.895333e-007 2.0921
5.899333e-007 2.0948
5.903333e-007 2.0948
5.907333e-007 2.0981
5.911333e-007 2.1004
5.915333e-007 2.0991
5.919333e-007 2.1052
5.923333e-007 2.1031
5.927333e-007 2.1058
5.931333e-007 2.1088
5.935333e-007 2.1089
5.939333e-007 2.1096
5.943333e-007 2.113
5.947333e-007 2.1166
5.951333e-007 2.1171
5.955333e-007 2.1206
5.959333e-007 2.1189
5.963333e-007 2.1215
5.967333e-007 2.1251
5.971333e-007 2.1224
5.975333e-007 2.1255
5.979333e-007 2.1285
5.983333e-007 2.126
5.987333e-007 2.1324
5.991333e-007 2.1318
5.995333e-007 2.1345
5.999333e-007 2.1336
6.003333e-007 2.1367
6.007333e-007 2.1372
6.011333e-007 2.1415
6.015333e-007 2.1438
6.019333e-007 2.1412
6.023333e-007 2.1483
6.027333e-007 2.1464
6.031333e-007 2.1472
6.035333e-007 2.1519
6.039333e-007 2.1503
6.043333e-007 2.1529
6.047333e-007 2.1524
6.051333e-007 2.1525
6.055333e-007 2.154
6.059333e-007 2.1535
6.063333e-007 2.159
6.067333e-007 2.1573
6.071333e-007 2.1625
6.075333e-007 2.1622
6.079333e-007 2.1663
6.083333e-007 2.167
6.087333e-007 2.1639
6.091333e-007 2.1676
6.095333e-007 2.1707
6.099333e-007 2.1676
6.103333e-007 2.1708
6.107333e-007 2.1719
6.111333e-007 2.1707
6.115333e-007 2.1758
6.119333e-007 2.174
6.123333e-007 2.1762
6.127333e-007 2.1799
6.131333e-007 2.1796
6.135333e-007 2.18
6.139333e-007 2.18
6.143333e-007 2.1821
6.147333e-007 2.1805
6.151333e-007 2.1818
6.155333e-007 2.1861
6.159333e-007 2.1846
6.163333e-007 2.1903
6.167333e-007 2.1876
6.171333e-007 2.19
6.175333e-007 2.1905
6.179333e-007 2.1901
6.183333e-007 2.1916
6.187333e-007 2.1898
6.191333e-007 2.1906
6.195333e-007 2.1948
6.199333e-007 2.195
6.203333e-007 2.1938
6.207333e-007 2.1994
6.211333e-007 2.1972
6.215333e-007 2.1975
6.219333e-007 2.1998
6.223333e-007 2.1999
6.227333e-007 2.2019
6.231333e-007 2.1988
6.235333e-007 2.2018
6.239333e-007 2.2016
6.243333e-007 2.2017
6.247333e-007 2.2044
6.251333e-007 2.2065
6.255333e-007 2.2032
6.259333e-007 2.2041
6.263333e-007 2.2066
6.267333e-007 2.2078
6.271333e-007 2.2086
6.275333e-007 2.2081
6.279333e-007 2.2085
6.283333e-007 2.2093
6.287333e-007 2.2076
6.291333e-007 2.2104
6.295333e-007 2.2094
6.299333e-007 2.209
6.303333e-007 2.2112
6.307333e-007 2.2096
6.311333e-007 2.2109
6.315333e-007 2.2112
6.319333e-007 2.211
6.323333e-007 2.2128
6.327333e-007 2.2123
6.331333e-007 2.2144
6.335333e-007 2.2147
6.339333e-007 2.2142
6.343333e-007 2.2141
6.347333e-007 2.2152
6.351333e-007 2.2153
6.355333e-007 2.2162
6.359333e-007 2.2117
6.363333e-007 2.2148
6.367333e-007 2.2128
6.371333e-007 2.2155
6.375333e-007 2.2175
6.379333e-007 2.2123
6.383333e-007 2.2144
6.387333e-007 2.2149
6.391333e-007 2.2105
6.395333e-007 2.2119
6.399333e-007 2.2125
6.403333e-007 2.211
6.407333e-007 2.2084
6.411333e-007 2.2079
6.415333e-007 2.2107
6.419333e-007 2.2081
6.423333e-007 2.2066
6.427333e-007 2.2068
6.431333e-007 2.2034
6.435333e-007 2.2042
6.439333e-007 2.2025
6.443333e-007 2.2033
6.447333e-007 2.2019
6.451333e-007 2.1962
6.455333e-007 2.1988
6.459333e-007 2.1959
6.463333e-007 2.1925
6.467333e-007 2.1937
6.471333e-007 2.1891
6.475333e-007 2.1905
6.479333e-007 2.186
6.483333e-007 2.1874
6.487333e-007 2.1831
6.491333e-007 2.1821
6.495333e-007 2.1807
6.499333e-007 2.1773
6.503333e-007 2.1783
6.507333e-007 2.1747
6.511333e-007 2.1698
6.515333e-007 2.1705
6.519333e-007 2.1678
6.523333e-007 2.1668
6.527333e-007 2.1638
6.531333e-007 2.1624
6.535333e-007 2.163
6.539333e-007 2.1627
6.543333e-007 2.1564
6.547333e-007 2.1581
6.551333e-007 2.153
6.555333e-007 2.1555
6.559333e-007 2.154
6.563333e-007 2.1509
6.567333e-007 2.1501
6.571333e-007 2.1475
6.575333e-007 2.1477
6.579333e-007 2.1473
6.583333e-007 2.1408
6.587333e-007 2.1435
6.591333e-007 2.1378
6.595333e-007 2.1392
6.599333e-007 2.14
6.603333e-007 2.1346
6.607333e-007 2.1379
6.611333e-007 2.1336
6.615333e-007 2.1302
6.619333e-007 2.131
6.623333e-007 2.1311
6.627333e-007 2.1289
6.631333e-007 2.1279
6.635333e-007 2.1281
6.639333e-007 2.1248
6.643333e-007 2.1236
6.647333e-007 2.1225
6.651333e-007 2.1239
6.655333e-007 2.124
6.659333e-007 2.1212
6.663333e-007 2.1231
6.667333e-007 2.1203
6.671333e-007 2.119
6.675333e-007 2.1173
6.679333e-007 2.1192
6.683333e-007 2.1181
6.687333e-007 2.1156
6.691333e-007 2.1177
6.695333e-007 2.1144
6.699333e-007 2.116
6.703333e-007 2.1142
6.707333e-007 2.114
6.711333e-007 2.1135
6.715333e-007 2.1111
6.719333e-007 2.1115
6.723333e-007 2.1142
6.727333e-007 2.1121
6.731333e-007 2.1129
6.735333e-007 2.1128
6.739333e-007 2.1093
6.743333e-007 2.1123
6.747333e-007 2.1117
6.751333e-007 2.111
6.755333e-007 2.1121
6.759333e-007 2.1138
6.763333e-007 2.1117
6.767333e-007 2.1143
6.771333e-007 2.1162
6.775333e-007 2.1136
6.779333e-007 2.1146
6.783333e-007 2.1127
6.787333e-007 2.1132
6.791333e-007 2.1148
6.795333e-007 2.1143
6.799333e-007 2.1153
6.803333e-007 2.1175
6.807333e-007 2.1178
6.811333e-007 2.1157
6.815333e-007 2.122
6.819333e-007 2.1202
6.823333e-007 2.1227
6.827333e-007 2.1237
6.831333e-007 2.1207
6.835333e-007 2.1258
6.839333e-007 2.1255
6.843333e-007 2.1217
6.847333e-007 2.125
6.851333e-007 2.128
6.855333e-007 2.1254
6.859333e-007 2.1297
6.863333e-007 2.1285
6.867333e-007 2.1312
6.871333e-007 2.1307
6.875333e-007 2.1312
6.879333e-007 2.1357
6.883333e-007 2.1324
6.887333e-007 2.1351
6.891333e-007 2.1379
6.895333e-007 2.1369
6.899333e-007 2.1407
6.903333e-007 2.1414
6.907333e-007 2.1394
6.911333e-007 2.1397
6.915333e-007 2.141
6.919333e-007 2.1444
6.923333e-007 2.1421
6.927333e-007 2.1452
6.931333e-007 2.1476
6.935333e-007 2.146
6.939333e-007 2.148
6.943333e-007 2.1455
6.947333e-007 2.1511
6.951333e-007 2.149
6.955333e-007 2.153
6.959333e-007 2.1515
6.963333e-007 2.1525
6.967333e-007 2.154
6.971333e-007 2.1546
6.975333e-007 2.1564
6.979333e-007 2.1561
6.983333e-007 2.1587
6.987333e-007 2.1582
6.991333e-007 2.1578
6.995333e-007 2.1614
6.999333e-007 2.1598
7.003333e-007 2.162
7.007333e-007 2.1634
7.011333e-007 2.1645
7.015333e-007 2.1655
7.019333e-007 2.1662
7.023333e-007 2.1662
7.027333e-007 2.166
7.031333e-007 2.1694
7.035333e-007 2.1696
7.039333e-007 2.1718
7.043333e-007 2.1701
7.047333e-007 2.1715
7.051333e-007 2.1742
7.055333e-007 2.1756
7.059333e-007 2.1753
7.063333e-007 2.1766
7.067333e-007 2.1776
7.071333e-007 2.1795
7.075333e-007 2.1805
7.079333e-007 2.1802
7.083333e-007 2.1797
7.087333e-007 2.1823
7.091333e-007 2.1814
7.095333e-007 2.1809
7.099333e-007 2.1832
7.103333e-007 2.1872
7.107333e-007 2.187
7.111333e-007 2.1865
7.115333e-007 2.1867
7.119333e-007 2.1891
7.123333e-007 2.1903
7.127333e-007 2.1894
7.131333e-007 2.192
7.135333e-007 2.1921
7.139333e-007 2.1908
7.143333e-007 2.1897
7.147333e-007 2.1935
7.151333e-007 2.1922
7.155333e-007 2.1962
7.159333e-007 2.1946
7.163333e-007 2.1952
7.167333e-007 2.1931
7.171333e-007 2.1955
7.175333e-007 2.1979
7.179333e-007 2.1959
7.183333e-007 2.1983
7.187333e-007 2.1984
7.191333e-007 2.1964
7.195333e-007 2.2045
7.199333e-007 2.2015
7.203333e-007 2.2026
7.207333e-007 2.2047
7.211333e-007 2.2009
7.215333e-007 2.2033
7.219333e-007 2.2045
7.223333e-007 2.2042
7.227333e-007 2.2057
7.231333e-007 2.2043
7.235333e-007 2.2074
7.239333e-007 2.205
7.243333e-007 2.2066
7.247333e-007 2.2053
7.251333e-007 2.2052
7.255333e-007 2.2066
7.259333e-007 2.2069
7.263333e-007 2.2069
7.267333e-007 2.209
7.271333e-007 2.2062
7.275333e-007 2.2057
7.279333e-007 2.2084
7.283333e-007 2.2059
7.287333e-007 2.2057
7.291333e-007 2.2085
7.295333e-007 2.2075
7.299333e-007 2.2074
7.303333e-007 2.2045
7.307333e-007 2.2063
7.311333e-007 2.2051
7.315333e-007 2.2055
7.319333e-007 2.2052
7.323333e-007 2.2038
7.327333e-007 2.204
7.331333e-007 2.2026
7.335333e-007 2.2016
7.339333e-007 2.2005
7.343333e-007 2.2026
7.347333e-007 2.2001
7.351333e-007 2.1988
7.355333e-007 2.1994
7.359333e-007 2.1978
7.363333e-007 2.1957
7.367333e-007 2.1941
7.371333e-007 2.1943
7.375333e-007 2.1909
7.379333e-007 2.1914
7.383333e-007 2.1868
7.387333e-007 2.1842
7.391333e-007 2.1824
7.395333e-007 2.1825
7.399333e-007 2.1771
7.403333e-007 2.1766
7.407333e-007 2.1746
7.411333e-007 2.1727
7.415333e-007 2.1685
7.419333e-007 2.1677
7.423333e-007 2.1616
7.427333e-007 2.1603
7.431333e-007 2.1575
7.435333e-007 2.1538
7.439333e-007 2.149
7.443333e-007 2.1469
7.447333e-007 2.1392
7.451333e-007 2.137
7.455333e-007 2.1355
7.459333e-007 2.1282
7.463333e-007 2.1282
7.467333e-007 2.1227
7.471333e-007 2.1192
7.475333e-007 2.1161
7.479333e-007 2.1134
7.483333e-007 2.1082
7.487333e-007 2.1037
7.491333e-007 2.0987
7.495333e-007 2.0931
7.499333e-007 2.0925
7.503333e-007 2.088
7.507333e-007 2.0863
7.511333e-007 2.0837
7.515333e-007 2.0765
7.519333e-007 2.0763
7.523333e-007 2.0718
7.527333e-007 2.0706
7.531333e-007 2.0653
7.535333e-007 2.0643
7.539333e-007 2.0609
7.543333e-007 2.0572
7.547333e-007 2.0565
7.551333e-007 2.0558
7.555333e-007 2.0505
7.559333e-007 2.053
7.563333e-007 2.0478
7.567333e-007 2.0466
7.571333e-007 2.0455
7.575333e-007 2.041
7.579333e-007 2.0396
7.583333e-007 2.0377
7.587333e-007 2.0373
7.591333e-007 2.0335
7.595333e-007 2.0376
7.599333e-007 2.0332
7.603333e-007 2.0332
7.607333e-007 2.0299
7.611333e-007 2.0304
7.615333e-007 2.0281
7.619333e-007 2.0269
7.623333e-007 2.0298
7.627333e-007 2.026
7.631333e-007 2.0257
7.635333e-007 2.0261
7.639333e-007 2.0198
7.643333e-007 2.0265
7.647333e-007 2.0252
7.651333e-007 2.0221
7.655333e-007 2.0249
7.659333e-007 2.0224
7.663333e-007 2.0242
7.667333e-007 2.0245
7.671333e-007 2.0216
7.675333e-007 2.026
7.679333e-007 2.0217
7.683333e-007 2.0218
7.687333e-007 2.0228
7.691333e-007 2.0206
7.695333e-007 2.025
7.699333e-007 2.0241
7.703333e-007 2.0234
7.707333e-007 2.0246
7.711333e-007 2.0243
7.715333e-007 2.0262
7.719333e-007 2.028
7.723333e-007 2.0244
7.727333e-007 2.0271
7.731333e-007 2.0267
7.735333e-007 2.0277
7.739333e-007 2.0304
7.743333e-007 2.0294
7.747333e-007 2.0299
7.751333e-007 2.0336
7.755333e-007 2.032
7.759333e-007 2.0318
7.763333e-007 2.0378
7.767333e-007 2.0351
7.771333e-007 2.0424
7.775333e-007 2.0391
7.779333e-007 2.0385
7.783333e-007 2.0444
7.787333e-007 2.0453
7.791333e-007 2.0474
7.795333e-007 2.0461
7.799333e-007 2.0491
7.803333e-007 2.0498
7.807333e-007 2.0525
7.811333e-007 2.0509
7.815333e-007 2.0555
7.819333e-007 2.0577
7.823333e-007 2.0604
7.827333e-007 2.0621
7.831333e-007 2.0604
7.835333e-007 2.0657
7.839333e-007 2.0655
7.843333e-007 2.0681
7.847333e-007 2.0682
7.851333e-007 2.0741
7.855333e-007 2.0741
7.859333e-007 2.0759
7.863333e-007 2.0783
7.867333e-007 2.0802
7.871333e-007 2.0803
7.875333e-007 2.085
7.879333e-007 2.0846
7.883333e-007 2.0883
7.887333e-007 2.0887
7.891333e-007 2.0889
7.895333e-007 2.0916
7.899333e-007 2.0963
7.903333e-007 2.0945
7.907333e-007 2.0996
7.911333e-007 2.1005
7.915333e-007 2.103
7.919333e-007 2.1045
7.923333e-007 2.1054
7.927333e-007 2.1065
7.931333e-007 2.1104
7.935333e-007 2.1116
7.939333e-007 2.1115
7.943333e-007 2.1141
7.947333e-007 2.1126
7.951333e-007 2.1188
7.955333e-007 2.1173
7.959333e-007 2.1202
7.963333e-007 2.124
7.967333e-007 2.1231
7.971333e-007 2.1272
7.975333e-007 2.1278
7.979333e-007 2.1286
7.983333e-007 2.1299
7.987333e-007 2.1292
7.991333e-007 2.1333
7.995333e-007 2.133
7.999333e-007 2.135
8.003333e-007 2.1368
8.007333e-007 2.1371
8.011333e-007 2.1407
8.015333e-007 2.1417
8.019333e-007 2.1419
8.023333e-007 2.1429
8.027333e-007 2.1459
8.031333e-007 2.1495
8.035333e-007 2.1502
8.039333e-007 2.1506
8.043333e-007 2.1515
8.047333e-007 2.1535
8.051333e-007 2.1535
8.055333e-007 2.1531
8.059333e-007 2.1558
8.063333e-007 2.1565
8.067333e-007 2.1615
8.071333e-007 2.1629
8.075333e-007 2.1622
8.079333e-007 2.1655
8.083333e-007 2.1657
8.087333e-007 2.1675
8.091333e-007 2.1702
8.095333e-007 2.1687
8.099333e-007 2.1674
8.103333e-007 2.1709
8.107333e-007 2.1699
8.111333e-007 2.1752
8.115333e-007 2.1763
8.119333e-007 2.1764
8.123333e-007 2.177
8.127333e-007 2.1755
8.131333e-007 2.1784
8.135333e-007 2.1815
8.139333e-007 2.1828
8.143333e-007 2.1827
8.147333e-007 2.1829
8.151333e-007 2.181
8.155333e-007 2.1852
8.159333e-007 2.1875
8.163333e-007 2.1881
8.167333e-007 2.1919
8.171333e-007 2.1928
8.175333e-007 2.1922
8.179333e-007 2.1942
8.183333e-007 2.1916
8.187333e-007 2.1949
8.191333e-007 2.1928
8.195333e-007 2.195
8.199333e-007 2.1961
8.203333e-007 2.1943
8.207333e-007 2.1975
8.211333e-007 2.1972
8.215333e-007 2.1989
8.219333e-007 2.2013
8.223333e-007 2.2002
8.227333e-007 2.1982
8.231333e-007 2.2004
8.235333e-007 2.2003
8.239333e-007 2.2048
8.243333e-007 2.2038
8.247333e-007 2.2016
8.251333e-007 2.2047
8.255333e-007 2.2051
8.259333e-007 2.2042
8.263333e-007 2.2043
8.267333e-007 2.2072
8.271333e-007 2.2071
8.275333e-007 2.2074
8.279333e-007 2.2093
8.283333e-007 2.2109
8.287333e-007 2.2103
8.291333e-007 2.2078
8.295333e-007 2.2081
8.299333e-007 2.2056
8.303333e-007 2.2094
8.307333e-007 2.2104
8.311333e-007 2.2092
8.315333e-007 2.2107
8.319333e-007 2.2115
8.323333e-007 2.2089
8.327333e-007 2.2143
8.331333e-007 2.2139
8.335333e-007 2.2092
8.339333e-007 2.2133
8.343333e-007 2.2121
8.347333e-007 2.2132
8.351333e-007 2.2135
8.355333e-007 2.2122
8.359333e-007 2.213
8.363333e-007 2.2102
8.367333e-007 2.2138
8.371333e-007 2.2133
8.375333e-007 2.2106
8.379333e-007 2.2128
8.383333e-007 2.2132
8.387333e-007 2.2116
8.391333e-007 2.2088
8.395333e-007 2.2097
8.399333e-007 2.2104
8.403333e-007 2.2097
8.407333e-007 2.2092
8.411333e-007 2.207
8.415333e-007 2.206
8.419333e-007 2.2067
8.423333e-007 2.2056
8.427333e-007 2.2035
8.431333e-007 2.1996
8.435333e-007 2.1981
8.439333e-007 2.1992
8.443333e-007 2.1959
8.447333e-007 2.1949
8.451333e-007 2.1956
8.455333e-007 2.193
8.459333e-007 2.1914
8.463333e-007 2.1912
8.467333e-007 2.1856
8.471333e-007 2.1873
8.475333e-007 2.1839
8.479333e-007 2.1831
8.483333e-007 2.18
8.487333e-007 2.1787
8.491333e-007 2.1787
8.495333e-007 2.1748
8.499333e-007 2.1785
8.503333e-007 2.1681
8.507333e-007 2.1704
8.511333e-007 2.1715
8.515333e-007 2.165
8.519333e-007 2.1664
8.523333e-007 2.1606
8.527333e-007 2.1592
8.531333e-007 2.1597
8.535333e-007 2.1572
8.539333e-007 2.1562
8.543333e-007 2.153
8.547333e-007 2.1526
8.551333e-007 2.1512
8.555333e-007 2.1497
8.559333e-007 2.1454
8.563333e-007 2.1445
8.567333e-007 2.1452
8.571333e-007 2.1423
8.575333e-007 2.1418
8.579333e-007 2.14
8.583333e-007 2.1391
8.587333e-007 2.1393
8.591333e-007 2.1374
8.595333e-007 2.1369
8.599333e-007 2.136
8.603333e-007 2.132
8.607333e-007 2.1286
8.611333e-007 2.1312
8.615333e-007 2.1266
8.619333e-007 2.1261
8.623333e-007 2.1256
8.627333e-007 2.1237
8.631333e-007 2.1242
8.635333e-007 2.1237
8.639333e-007 2.1244
8.643333e-007 2.1198
8.647333e-007 2.1184
8.651333e-007 2.12
8.655333e-007 2.1199
8.659333e-007 2.1189
8.663333e-007 2.1194
8.667333e-007 2.1149
8.671333e-007 2.1174
8.675333e-007 2.1152
8.679333e-007 2.1176
8.683333e-007 2.1134
8.687333e-007 2.1152
8.691333e-007 2.1156
8.695333e-007 2.1145
8.699333e-007 2.113
8.703333e-007 2.1129
8.707333e-007 2.1115
8.711333e-007 2.1131
8.715333e-007 2.11
8.719333e-007 2.1125
8.723333e-007 2.1104
8.727333e-007 2.1109
8.731333e-007 2.1143
8.735333e-007 2.1084
8.739333e-007 2.11
8.743333e-007 2.1103
8.747333e-007 2.1132
8.751333e-007 2.1115
8.755333e-007 2.1105
8.759333e-007 2.1135
8.763333e-007 2.1123
8.767333e-007 2.1149
8.771333e-007 2.1114
8.775333e-007 2.1135
8.779333e-007 2.1128
8.783333e-007 2.1161
