-1.22221e-007 2.0672
-1.21821e-007 2.0707
-1.21421e-007 2.0689
-1.21021e-007 2.0672
-1.20621e-007 2.071
-1.20221e-007 2.0694
-1.19821e-007 2.0711
-1.19421e-007 2.0713
-1.19021e-007 2.0707
-1.18621e-007 2.0716
-1.18221e-007 2.0742
-1.17821e-007 2.0757
-1.17421e-007 2.0765
-1.17021e-007 2.0749
-1.16621e-007 2.0752
-1.16221e-007 2.0768
-1.15821e-007 2.0787
-1.15421e-007 2.0779
-1.15021e-007 2.0786
-1.14621e-007 2.0777
-1.14221e-007 2.0833
-1.13821e-007 2.0842
-1.13421e-007 2.0838
-1.13021e-007 2.0888
-1.12621e-007 2.0877
-1.12221e-007 2.0894
-1.11821e-007 2.0896
-1.11421e-007 2.0908
-1.11021e-007 2.0945
-1.10621e-007 2.0919
-1.10221e-007 2.094
-1.09821e-007 2.0967
-1.09421e-007 2.0959
-1.09021e-007 2.1014
-1.08621e-007 2.1005
-1.08221e-007 2.1022
-1.07821e-007 2.1071
-1.07421e-007 2.1066
-1.07021e-007 2.1095
-1.06621e-007 2.1103
-1.06221e-007 2.1123
-1.05821e-007 2.1115
-1.05421e-007 2.1135
-1.05021e-007 2.114
-1.04621e-007 2.1151
-1.04221e-007 2.1168
-1.03821e-007 2.1209
-1.03421e-007 2.1206
-1.03021e-007 2.1209
-1.02621e-007 2.1238
-1.02221e-007 2.122
-1.01821e-007 2.1279
-1.01421e-007 2.1281
-1.01021e-007 2.1282
-1.00621e-007 2.1322
-1.00221e-007 2.1307
-9.982096e-008 2.1317
-9.942096e-008 2.1325
-9.902096e-008 2.1377
-9.862096e-008 2.1378
-9.822096e-008 2.1395
-9.782096e-008 2.1387
-9.742096e-008 2.1369
-9.702096e-008 2.1417
-9.662096e-008 2.1448
-9.622096e-008 2.1461
-9.582096e-008 2.1462
-9.542096e-008 2.1473
-9.502096e-008 2.1462
-9.462096e-008 2.1431
-9.422096e-008 2.1518
-9.382096e-008 2.156
-9.342096e-008 2.1607
-9.302096e-008 2.1563
-9.262096e-008 2.1534
-9.222096e-008 2.1569
-9.182096e-008 2.1544
-9.142096e-008 2.1587
-9.102096e-008 2.1594
-9.062096e-008 2.1577
-9.022096e-008 2.1586
-8.982096e-008 2.1614
-8.942096e-008 2.1654
-8.902096e-008 2.1716
-8.862096e-008 2.1676
-8.822096e-008 2.1693
-8.782096e-008 2.1709
-8.742096e-008 2.1712
-8.702096e-008 2.1727
-8.662096e-008 2.1748
-8.622096e-008 2.1711
-8.582096e-008 2.1723
-8.542096e-008 2.1759
-8.502096e-008 2.1754
-8.462096e-008 2.1784
-8.422096e-008 2.1812
-8.382096e-008 2.1809
-8.342096e-008 2.1819
-8.302096e-008 2.1817
-8.262096e-008 2.1825
-8.222096e-008 2.1832
-8.182096e-008 2.1865
-8.142096e-008 2.1836
-8.102096e-008 2.1876
-8.062096e-008 2.1836
-8.022096e-008 2.1903
-7.982096e-008 2.1893
-7.942096e-008 2.1927
-7.902096e-008 2.194
-7.862096e-008 2.1943
-7.822096e-008 2.1957
-7.782096e-008 2.1952
-7.742096e-008 2.1962
-7.702096e-008 2.195
-7.662096e-008 2.1971
-7.622096e-008 2.1947
-7.582096e-008 2.1957
-7.542096e-008 2.1986
-7.502096e-008 2.1976
-7.462096e-008 2.2005
-7.422096e-008 2.2014
-7.382096e-008 2.2017
-7.342096e-008 2.201
-7.302096e-008 2.202
-7.262096e-008 2.2033
-7.222096e-008 2.2037
-7.182096e-008 2.2007
-7.142096e-008 2.2055
-7.102096e-008 2.2024
-7.062096e-008 2.2015
-7.022096e-008 2.2058
-6.982096e-008 2.2066
-6.942096e-008 2.2082
-6.902096e-008 2.2081
-6.862096e-008 2.2092
-6.822096e-008 2.2083
-6.782096e-008 2.2099
-6.742096e-008 2.2083
-6.702096e-008 2.212
-6.662096e-008 2.2082
-6.622096e-008 2.2093
-6.582096e-008 2.2122
-6.542096e-008 2.2093
-6.502096e-008 2.2101
-6.462096e-008 2.2129
-6.422096e-008 2.2111
-6.382096e-008 2.2099
-6.342096e-008 2.213
-6.302096e-008 2.2118
-6.262096e-008 2.2117
-6.222096e-008 2.2109
-6.182096e-008 2.2091
-6.142096e-008 2.2131
-6.102096e-008 2.2132
-6.062096e-008 2.2117
-6.022096e-008 2.2101
-5.982096e-008 2.2125
-5.942096e-008 2.2104
-5.902096e-008 2.21
-5.862096e-008 2.209
-5.822096e-008 2.2104
-5.782096e-008 2.2095
-5.742096e-008 2.2096
-5.702096e-008 2.2086
-5.662096e-008 2.2084
-5.622096e-008 2.2091
-5.582096e-008 2.2068
-5.542096e-008 2.2079
-5.502096e-008 2.2038
-5.462096e-008 2.2049
-5.422096e-008 2.2038
-5.382096e-008 2.2027
-5.342096e-008 2.2017
-5.302096e-008 2.1997
-5.262096e-008 2.1957
-5.222096e-008 2.1955
-5.182096e-008 2.1951
-5.142096e-008 2.1926
-5.102096e-008 2.1898
-5.062096e-008 2.1873
-5.022096e-008 2.189
-4.982096e-008 2.1796
-4.942096e-008 2.1837
-4.902096e-008 2.1823
-4.862096e-008 2.1762
-4.822096e-008 2.1814
-4.782096e-008 2.1749
-4.742096e-008 2.1729
-4.702096e-008 2.171
-4.662096e-008 2.1679
-4.622096e-008 2.1654
-4.582096e-008 2.165
-4.542096e-008 2.1588
-4.502096e-008 2.1545
-4.462096e-008 2.1593
-4.422096e-008 2.1507
-4.382096e-008 2.15
-4.342096e-008 2.1466
-4.302096e-008 2.143
-4.262096e-008 2.1426
-4.222096e-008 2.1412
-4.182096e-008 2.1342
-4.142096e-008 2.1349
-4.102096e-008 2.1314
-4.062096e-008 2.1292
-4.022096e-008 2.1251
-3.982096e-008 2.1238
-3.942096e-008 2.122
-3.902096e-008 2.1214
-3.862096e-008 2.12
-3.822096e-008 2.1169
-3.782096e-008 2.117
-3.742096e-008 2.114
-3.702096e-008 2.1094
-3.662096e-008 2.1111
-3.622096e-008 2.1092
-3.582096e-008 2.1017
-3.542096e-008 2.1065
-3.502096e-008 2.1036
-3.462096e-008 2.1026
-3.422096e-008 2.1022
-3.382096e-008 2.0999
-3.342096e-008 2.1008
-3.302096e-008 2.0993
-3.262096e-008 2.0954
-3.222096e-008 2.0955
-3.182096e-008 2.094
-3.142096e-008 2.0927
-3.102096e-008 2.0926
-3.062096e-008 2.0914
-3.022096e-008 2.0895
-2.982096e-008 2.0894
-2.942096e-008 2.0897
-2.902096e-008 2.0875
-2.862096e-008 2.0837
-2.822096e-008 2.0856
-2.782096e-008 2.0832
-2.742096e-008 2.0805
-2.702096e-008 2.0822
-2.662096e-008 2.0812
-2.622096e-008 2.083
-2.582096e-008 2.083
-2.542096e-008 2.0807
-2.502096e-008 2.0821
-2.462096e-008 2.082
-2.422096e-008 2.082
-2.382096e-008 2.0818
-2.342096e-008 2.0811
-2.302096e-008 2.0825
-2.262096e-008 2.0831
-2.222096e-008 2.0791
-2.182096e-008 2.0844
-2.142096e-008 2.0823
-2.102096e-008 2.0805
-2.062096e-008 2.0804
-2.022096e-008 2.079
-1.982096e-008 2.0798
-1.942096e-008 2.0803
-1.902096e-008 2.0798
-1.862096e-008 2.0816
-1.822096e-008 2.0802
-1.782096e-008 2.0829
-1.742096e-008 2.0847
-1.702096e-008 2.0863
-1.662096e-008 2.0843
-1.622096e-008 2.0861
-1.582096e-008 2.0846
-1.542096e-008 2.0873
-1.502096e-008 2.0894
-1.462096e-008 2.0876
-1.422096e-008 2.0892
-1.382096e-008 2.0906
-1.342096e-008 2.0913
-1.302096e-008 2.0928
-1.262096e-008 2.0939
-1.222096e-008 2.096
-1.182096e-008 2.0971
-1.142096e-008 2.0987
-1.102096e-008 2.1019
-1.062096e-008 2.0998
-1.022096e-008 2.1016
-9.820958e-009 2.1022
-9.420958e-009 2.1055
-9.020958e-009 2.1041
-8.620958e-009 2.1072
-8.220958e-009 2.1063
-7.820958e-009 2.1062
-7.420958e-009 2.1074
-7.020958e-009 2.1117
-6.620958e-009 2.1104
-6.220958e-009 2.1118
-5.820958e-009 2.1143
-5.420958e-009 2.1151
-5.020958e-009 2.1209
-4.620958e-009 2.1175
-4.220958e-009 2.1196
-3.820958e-009 2.1231
-3.420958e-009 2.1198
-3.020958e-009 2.1291
-2.620958e-009 2.1262
-2.220958e-009 2.1257
-1.820958e-009 2.1286
-1.420958e-009 2.1296
-1.020958e-009 2.1333
-6.209577e-010 2.1345
-2.209577e-010 2.1337
1.790423e-010 2.134
5.790423e-010 2.1369
9.790423e-010 2.1368
1.379042e-009 2.1383
1.779042e-009 2.1401
2.179042e-009 2.1422
2.579042e-009 2.1422
2.979042e-009 2.1441
3.379042e-009 2.1443
3.779042e-009 2.1437
4.179042e-009 2.149
4.579042e-009 2.149
4.979042e-009 2.1514
5.379042e-009 2.1522
5.779042e-009 2.1507
6.179042e-009 2.1482
6.579042e-009 2.1472
6.979042e-009 2.1511
7.379042e-009 2.157
7.779042e-009 2.1608
8.179042e-009 2.1579
8.579042e-009 2.1571
8.979042e-009 2.1629
9.379042e-009 2.1639
9.779042e-009 2.1676
1.017904e-008 2.1626
1.057904e-008 2.165
1.097904e-008 2.1622
1.137904e-008 2.1632
1.177904e-008 2.1649
1.217904e-008 2.1674
1.257904e-008 2.1721
1.297904e-008 2.1681
1.337904e-008 2.1705
1.377904e-008 2.1743
1.417904e-008 2.1769
1.457904e-008 2.1757
1.497904e-008 2.178
1.537904e-008 2.1785
1.577904e-008 2.1763
1.617904e-008 2.1793
1.657904e-008 2.1804
1.697904e-008 2.179
1.737904e-008 2.1832
1.777904e-008 2.1817
1.817904e-008 2.1853
1.857904e-008 2.187
1.897904e-008 2.1845
1.937904e-008 2.1873
1.977904e-008 2.1884
2.017904e-008 2.1889
2.057904e-008 2.1881
2.097904e-008 2.1865
2.137904e-008 2.1885
2.177904e-008 2.19
2.217904e-008 2.191
2.257904e-008 2.1912
2.297904e-008 2.193
2.337904e-008 2.1963
2.377904e-008 2.1991
2.417904e-008 2.1966
2.457904e-008 2.1982
2.497904e-008 2.1981
2.537904e-008 2.2002
2.577904e-008 2.2011
2.617904e-008 2.2006
2.657904e-008 2.2001
2.697904e-008 2.201
2.737904e-008 2.2009
2.777904e-008 2.2
2.817904e-008 2.2028
2.857904e-008 2.2045
2.897904e-008 2.2046
2.937904e-008 2.2049
2.977904e-008 2.2062
3.017904e-008 2.2024
3.057904e-008 2.2073
3.097904e-008 2.2037
3.137904e-008 2.2044
3.177904e-008 2.2054
3.217904e-008 2.2032
3.257904e-008 2.2046
3.297904e-008 2.2081
3.337904e-008 2.2094
3.377904e-008 2.2097
3.417904e-008 2.2089
3.457904e-008 2.2132
3.497904e-008 2.2085
3.537904e-008 2.2108
3.577904e-008 2.2083
3.617904e-008 2.2118
3.657904e-008 2.2088
3.697904e-008 2.2097
3.737904e-008 2.2067
3.777904e-008 2.2109
3.817904e-008 2.2093
3.857904e-008 2.207
3.897904e-008 2.2097
3.937904e-008 2.2087
3.977904e-008 2.2094
4.017904e-008 2.2093
4.057904e-008 2.2102
4.097904e-008 2.2109
4.137904e-008 2.2055
4.177904e-008 2.2065
4.217904e-008 2.2042
4.257904e-008 2.2055
4.297904e-008 2.2031
4.337904e-008 2.2044
4.377904e-008 2.2002
4.417904e-008 2.2008
4.457904e-008 2.2003
4.497904e-008 2.1989
4.537904e-008 2.1981
4.577904e-008 2.1966
4.617904e-008 2.1956
4.657904e-008 2.1947
4.697904e-008 2.1891
4.737904e-008 2.1907
4.777904e-008 2.1888
4.817904e-008 2.1837
4.857904e-008 2.1853
4.897904e-008 2.1806
4.937904e-008 2.1815
4.977904e-008 2.1801
5.017904e-008 2.1734
5.057904e-008 2.1734
5.097904e-008 2.1713
5.137904e-008 2.167
5.177904e-008 2.1654
5.217904e-008 2.1611
5.257904e-008 2.1578
5.297904e-008 2.156
5.337904e-008 2.1508
5.377904e-008 2.1495
5.417904e-008 2.1446
5.457904e-008 2.1446
5.497904e-008 2.1407
5.537904e-008 2.1356
5.577904e-008 2.1341
5.617904e-008 2.1302
5.657904e-008 2.1298
5.697904e-008 2.1243
5.737904e-008 2.1227
5.777904e-008 2.1212
5.817904e-008 2.116
5.857904e-008 2.1152
5.897904e-008 2.1103
5.937904e-008 2.1077
5.977904e-008 2.1046
6.017904e-008 2.1021
6.057904e-008 2.101
6.097904e-008 2.0966
6.137904e-008 2.099
6.177904e-008 2.0929
6.217904e-008 2.0917
6.257904e-008 2.0878
6.297904e-008 2.0886
6.337904e-008 2.083
6.377904e-008 2.0843
6.417904e-008 2.0828
6.457904e-008 2.0769
6.497904e-008 2.0806
6.537904e-008 2.0759
6.577904e-008 2.0756
6.617904e-008 2.0762
6.657904e-008 2.0746
6.697904e-008 2.0741
6.737904e-008 2.0702
6.777904e-008 2.0713
6.817904e-008 2.0707
6.857904e-008 2.069
6.897904e-008 2.0689
6.937904e-008 2.0658
6.977904e-008 2.0625
7.017904e-008 2.0667
7.057904e-008 2.0632
7.097904e-008 2.0624
7.137904e-008 2.0629
7.177904e-008 2.0618
7.217904e-008 2.06
7.257904e-008 2.0623
7.297904e-008 2.0599
7.337904e-008 2.0577
7.377904e-008 2.058
7.417904e-008 2.0578
7.457904e-008 2.0572
7.497904e-008 2.0552
7.537904e-008 2.0567
7.577904e-008 2.058
7.617904e-008 2.0551
7.657904e-008 2.0557
7.697904e-008 2.0556
7.737904e-008 2.0581
7.777904e-008 2.0525
7.817904e-008 2.0565
7.857904e-008 2.055
7.897904e-008 2.0569
7.937904e-008 2.0557
7.977904e-008 2.0582
8.017904e-008 2.058
8.057904e-008 2.0595
8.097904e-008 2.0607
8.137904e-008 2.0572
8.177904e-008 2.0621
8.217904e-008 2.0604
8.257904e-008 2.0632
8.297904e-008 2.0605
8.337904e-008 2.0628
8.377904e-008 2.0635
8.417904e-008 2.0649
8.457904e-008 2.0669
8.497904e-008 2.0677
8.537904e-008 2.0665
8.577904e-008 2.0688
8.617904e-008 2.0714
8.657904e-008 2.0716
8.697904e-008 2.0738
8.737904e-008 2.0736
8.777904e-008 2.0755
8.817904e-008 2.0763
8.857904e-008 2.0798
8.897904e-008 2.0818
8.937904e-008 2.0827
8.977904e-008 2.0832
9.017904e-008 2.0834
9.057904e-008 2.089
9.097904e-008 2.0892
9.137904e-008 2.0884
9.177904e-008 2.0911
9.217904e-008 2.0921
9.257904e-008 2.0918
9.297904e-008 2.0952
9.337904e-008 2.0976
9.377904e-008 2.0972
9.417904e-008 2.1013
9.457904e-008 2.1013
9.497904e-008 2.1015
9.537904e-008 2.1028
9.577904e-008 2.1079
9.617904e-008 2.1093
9.657904e-008 2.1071
9.697904e-008 2.1104
9.737904e-008 2.1118
9.777904e-008 2.1151
9.817904e-008 2.1154
9.857904e-008 2.1171
9.897904e-008 2.1167
9.937904e-008 2.1195
9.977904e-008 2.1219
1.00179e-007 2.1207
1.00579e-007 2.1214
1.00979e-007 2.1259
1.01379e-007 2.1279
1.01779e-007 2.1292
1.02179e-007 2.1299
1.02579e-007 2.1253
1.02979e-007 2.1326
1.03379e-007 2.133
1.03779e-007 2.1359
1.04179e-007 2.1356
1.04579e-007 2.1359
1.04979e-007 2.1351
1.05379e-007 2.1361
1.05779e-007 2.1413
1.06179e-007 2.1475
1.06579e-007 2.1493
1.06979e-007 2.1485
1.07379e-007 2.1436
1.07779e-007 2.1469
1.08179e-007 2.1476
1.08579e-007 2.1481
1.08979e-007 2.1522
1.09379e-007 2.1483
1.09779e-007 2.1518
1.10179e-007 2.1533
1.10579e-007 2.1573
1.10979e-007 2.1618
1.11379e-007 2.1641
1.11779e-007 2.1624
1.12179e-007 2.1625
1.12579e-007 2.1647
1.12979e-007 2.1636
1.13379e-007 2.1647
1.13779e-007 2.1669
1.14179e-007 2.1668
1.14579e-007 2.1693
1.14979e-007 2.1677
1.15379e-007 2.1697
1.15779e-007 2.172
1.16179e-007 2.1739
1.16579e-007 2.1756
1.16979e-007 2.1744
1.17379e-007 2.177
1.17779e-007 2.176
1.18179e-007 2.176
1.18579e-007 2.18
1.18979e-007 2.177
1.19379e-007 2.1812
1.19779e-007 2.1811
1.20179e-007 2.1825
1.20579e-007 2.1862
1.20979e-007 2.186
1.21379e-007 2.1884
1.21779e-007 2.1908
1.22179e-007 2.1914
1.22579e-007 2.192
1.22979e-007 2.1912
1.23379e-007 2.1912
1.23779e-007 2.1898
1.24179e-007 2.1913
1.24579e-007 2.1905
1.24979e-007 2.1918
1.25379e-007 2.1936
1.25779e-007 2.1941
1.26179e-007 2.1978
1.26579e-007 2.1955
1.26979e-007 2.1968
1.27379e-007 2.1964
1.27779e-007 2.1988
1.28179e-007 2.1993
1.28579e-007 2.1989
1.28979e-007 2.1991
1.29379e-007 2.1964
1.29779e-007 2.2015
1.30179e-007 2.1984
1.30579e-007 2.2046
1.30979e-007 2.2012
1.31379e-007 2.2021
1.31779e-007 2.2049
1.32179e-007 2.2033
1.32579e-007 2.2062
1.32979e-007 2.2049
1.33379e-007 2.2075
1.33779e-007 2.2086
1.34179e-007 2.2064
1.34579e-007 2.2054
1.34979e-007 2.2053
1.35379e-007 2.2065
1.35779e-007 2.2062
1.36179e-007 2.2081
1.36579e-007 2.2086
1.36979e-007 2.204
1.37379e-007 2.2084
1.37779e-007 2.208
1.38179e-007 2.2082
1.38579e-007 2.2088
1.38979e-007 2.2087
1.39379e-007 2.2072
1.39779e-007 2.2081
1.40179e-007 2.2062
1.40579e-007 2.2051
1.40979e-007 2.2106
1.41379e-007 2.2063
1.41779e-007 2.2082
1.42179e-007 2.2065
1.42579e-007 2.2037
1.42979e-007 2.2083
1.43379e-007 2.2054
1.43779e-007 2.2039
1.44179e-007 2.2046
1.44579e-007 2.205
1.44979e-007 2.2029
1.45379e-007 2.2044
1.45779e-007 2.2005
1.46179e-007 2.2006
1.46579e-007 2.2
1.46979e-007 2.1953
1.47379e-007 2.1953
1.47779e-007 2.1936
1.48179e-007 2.1925
1.48579e-007 2.1928
1.48979e-007 2.1876
1.49379e-007 2.1885
1.49779e-007 2.1857
1.50179e-007 2.1829
1.50579e-007 2.1828
1.50979e-007 2.177
1.51379e-007 2.1756
1.51779e-007 2.1754
1.52179e-007 2.1729
1.52579e-007 2.1724
1.52979e-007 2.1713
1.53379e-007 2.1676
1.53779e-007 2.1656
1.54179e-007 2.1633
1.54579e-007 2.1599
1.54979e-007 2.1568
1.55379e-007 2.1572
1.55779e-007 2.1495
1.56179e-007 2.1499
1.56579e-007 2.1467
1.56979e-007 2.1445
1.57379e-007 2.1407
1.57779e-007 2.1363
1.58179e-007 2.1384
1.58579e-007 2.1347
1.58979e-007 2.1322
1.59379e-007 2.1279
1.59779e-007 2.1282
1.60179e-007 2.1245
1.60579e-007 2.1234
1.60979e-007 2.1213
1.61379e-007 2.1169
1.61779e-007 2.1193
1.62179e-007 2.1138
1.62579e-007 2.1137
1.62979e-007 2.1114
1.63379e-007 2.1106
1.63779e-007 2.111
1.64179e-007 2.1081
1.64579e-007 2.1076
1.64979e-007 2.104
1.65379e-007 2.1028
1.65779e-007 2.1001
1.66179e-007 2.1003
1.66579e-007 2.1014
1.66979e-007 2.0997
1.67379e-007 2.0955
1.67779e-007 2.0955
1.68179e-007 2.0924
1.68579e-007 2.0932
1.68979e-007 2.0929
1.69379e-007 2.0942
1.69779e-007 2.0897
1.70179e-007 2.0892
1.70579e-007 2.0913
1.70979e-007 2.0914
1.71379e-007 2.0883
1.71779e-007 2.0874
1.72179e-007 2.0866
1.72579e-007 2.0864
1.72979e-007 2.0858
1.73379e-007 2.0841
1.73779e-007 2.0861
1.74179e-007 2.0846
1.74579e-007 2.0846
1.74979e-007 2.0847
1.75379e-007 2.084
1.75779e-007 2.0844
1.76179e-007 2.0847
1.76579e-007 2.0849
1.76979e-007 2.0843
1.77379e-007 2.0815
1.77779e-007 2.0839
1.78179e-007 2.0824
1.78579e-007 2.0837
1.78979e-007 2.0833
1.79379e-007 2.0856
1.79779e-007 2.0857
1.80179e-007 2.0861
1.80579e-007 2.0824
1.80979e-007 2.0861
1.81379e-007 2.0837
1.81779e-007 2.0867
1.82179e-007 2.0843
1.82579e-007 2.0856
1.82979e-007 2.0872
1.83379e-007 2.0861
1.83779e-007 2.0927
1.84179e-007 2.0893
1.84579e-007 2.091
1.84979e-007 2.0926
1.85379e-007 2.0913
1.85779e-007 2.0933
1.86179e-007 2.0952
1.86579e-007 2.0974
1.86979e-007 2.1005
1.87379e-007 2.0965
1.87779e-007 2.096
1.88179e-007 2.1013
1.88579e-007 2.1027
1.88979e-007 2.1021
1.89379e-007 2.1055
1.89779e-007 2.1048
1.90179e-007 2.1085
1.90579e-007 2.1066
1.90979e-007 2.1093
1.91379e-007 2.1104
1.91779e-007 2.1114
1.92179e-007 2.1117
1.92579e-007 2.1117
1.92979e-007 2.1147
1.93379e-007 2.1169
1.93779e-007 2.1174
1.94179e-007 2.1174
1.94579e-007 2.1218
1.94979e-007 2.1212
1.95379e-007 2.1224
1.95779e-007 2.1211
1.96179e-007 2.1254
1.96579e-007 2.1268
1.96979e-007 2.1247
1.97379e-007 2.1291
1.97779e-007 2.1288
1.98179e-007 2.1319
1.98579e-007 2.1355
1.98979e-007 2.1339
1.99379e-007 2.139
1.99779e-007 2.1385
2.00179e-007 2.1389
2.00579e-007 2.1424
2.00979e-007 2.1378
2.01379e-007 2.139
2.01779e-007 2.1437
2.02179e-007 2.1426
2.02579e-007 2.1461
2.02979e-007 2.1486
2.03379e-007 2.1477
2.03779e-007 2.1478
2.04179e-007 2.1483
2.04579e-007 2.1515
2.04979e-007 2.1558
2.05379e-007 2.1573
2.05779e-007 2.1514
2.06179e-007 2.1516
2.06579e-007 2.1507
2.06979e-007 2.1578
2.07379e-007 2.1597
2.07779e-007 2.1609
2.08179e-007 2.161
2.08579e-007 2.1619
2.08979e-007 2.1652
2.09379e-007 2.1677
2.09779e-007 2.172
2.10179e-007 2.1672
2.10579e-007 2.1664
2.10979e-007 2.1667
2.11379e-007 2.1665
2.11779e-007 2.1689
2.12179e-007 2.171
2.12579e-007 2.1706
2.12979e-007 2.1695
2.13379e-007 2.1766
2.13779e-007 2.1758
2.14179e-007 2.1765
2.14579e-007 2.1802
2.14979e-007 2.1783
2.15379e-007 2.1823
2.15779e-007 2.1808
2.16179e-007 2.1802
2.16579e-007 2.1799
2.16979e-007 2.1802
2.17379e-007 2.1856
2.17779e-007 2.1852
2.18179e-007 2.1865
2.18579e-007 2.1889
2.18979e-007 2.1902
2.19379e-007 2.1899
2.19779e-007 2.1914
2.20179e-007 2.1874
2.20579e-007 2.1911
2.20979e-007 2.1893
2.21379e-007 2.1904
2.21779e-007 2.1876
2.22179e-007 2.194
2.22579e-007 2.1918
2.22979e-007 2.1972
2.23379e-007 2.1982
2.23779e-007 2.1974
2.24179e-007 2.2026
2.24579e-007 2.1974
2.24979e-007 2.2
2.25379e-007 2.2005
2.25779e-007 2.1988
2.26179e-007 2.2001
2.26579e-007 2.2021
2.26979e-007 2.1983
2.27379e-007 2.2062
2.27779e-007 2.2015
2.28179e-007 2.2033
2.28579e-007 2.2068
2.28979e-007 2.2077
2.29379e-007 2.208
2.29779e-007 2.2086
2.30179e-007 2.2056
2.30579e-007 2.2059
2.30979e-007 2.2051
2.31379e-007 2.2062
2.31779e-007 2.2034
2.32179e-007 2.2095
2.32579e-007 2.2082
2.32979e-007 2.2074
2.33379e-007 2.2085
2.33779e-007 2.2075
2.34179e-007 2.207
2.34579e-007 2.2104
2.34979e-007 2.2106
2.35379e-007 2.2098
2.35779e-007 2.2095
2.36179e-007 2.2095
2.36579e-007 2.2076
2.36979e-007 2.2104
2.37379e-007 2.2088
2.37779e-007 2.2072
2.38179e-007 2.209
2.38579e-007 2.21
2.38979e-007 2.2087
2.39379e-007 2.2116
2.39779e-007 2.2094
2.40179e-007 2.206
2.40579e-007 2.21
2.40979e-007 2.2071
2.41379e-007 2.2054
2.41779e-007 2.2037
2.42179e-007 2.205
2.42579e-007 2.205
2.42979e-007 2.2003
2.43379e-007 2.2029
2.43779e-007 2.1997
2.44179e-007 2.2001
2.44579e-007 2.1984
2.44979e-007 2.1946
2.45379e-007 2.1952
2.45779e-007 2.1946
2.46179e-007 2.1925
2.46579e-007 2.1924
2.46979e-007 2.189
2.47379e-007 2.1884
2.47779e-007 2.1838
2.48179e-007 2.1835
2.48579e-007 2.1795
2.48979e-007 2.1824
2.49379e-007 2.1756
2.49779e-007 2.1739
2.50179e-007 2.1695
2.50579e-007 2.1659
2.50979e-007 2.1657
2.51379e-007 2.1614
2.51779e-007 2.157
2.52179e-007 2.1534
2.52579e-007 2.1519
2.52979e-007 2.1497
2.53379e-007 2.1435
2.53779e-007 2.1437
2.54179e-007 2.1395
2.54579e-007 2.1365
2.54979e-007 2.1316
2.55379e-007 2.1256
2.55779e-007 2.1247
2.56179e-007 2.1224
2.56579e-007 2.1214
2.56979e-007 2.117
2.57379e-007 2.1129
2.57779e-007 2.1119
2.58179e-007 2.1074
2.58579e-007 2.1054
2.58979e-007 2.1034
2.59379e-007 2.0992
2.59779e-007 2.0984
2.60179e-007 2.0955
2.60579e-007 2.0923
2.60979e-007 2.0918
2.61379e-007 2.088
2.61779e-007 2.0857
2.62179e-007 2.0863
2.62579e-007 2.0817
2.62979e-007 2.077
2.63379e-007 2.0786
2.63779e-007 2.0754
2.64179e-007 2.0758
2.64579e-007 2.0742
2.64979e-007 2.0736
2.65379e-007 2.0699
2.65779e-007 2.0712
2.66179e-007 2.0663
2.66579e-007 2.0656
2.66979e-007 2.0668
2.67379e-007 2.0648
2.67779e-007 2.0624
2.68179e-007 2.0644
2.68579e-007 2.0638
2.68979e-007 2.0607
2.69379e-007 2.0591
2.69779e-007 2.0587
2.70179e-007 2.0596
2.70579e-007 2.0576
2.70979e-007 2.0566
2.71379e-007 2.0597
2.71779e-007 2.0555
2.72179e-007 2.0535
2.72579e-007 2.0539
2.72979e-007 2.0541
2.73379e-007 2.0543
2.73779e-007 2.0521
2.74179e-007 2.0557
2.74579e-007 2.0504
2.74979e-007 2.0521
2.75379e-007 2.0505
2.75779e-007 2.0525
2.76179e-007 2.0532
2.76579e-007 2.0518
2.76979e-007 2.055
2.77379e-007 2.0526
2.77779e-007 2.0522
2.78179e-007 2.0534
2.78579e-007 2.0527
2.78979e-007 2.0558
2.79379e-007 2.0537
2.79779e-007 2.0526
2.80179e-007 2.0553
2.80579e-007 2.0559
2.80979e-007 2.0579
2.81379e-007 2.057
2.81779e-007 2.0589
2.82179e-007 2.0567
2.82579e-007 2.0607
2.82979e-007 2.0612
2.83379e-007 2.0599
2.83779e-007 2.0627
2.84179e-007 2.0636
2.84579e-007 2.0659
2.84979e-007 2.066
2.85379e-007 2.0669
2.85779e-007 2.068
2.86179e-007 2.069
2.86579e-007 2.0705
2.86979e-007 2.0724
2.87379e-007 2.0705
2.87779e-007 2.0732
2.88179e-007 2.0783
2.88579e-007 2.0765
2.88979e-007 2.0788
2.89379e-007 2.0786
2.89779e-007 2.0803
2.90179e-007 2.0843
2.90579e-007 2.0834
2.90979e-007 2.0889
2.91379e-007 2.0865
2.91779e-007 2.0917
2.92179e-007 2.0908
2.92579e-007 2.0885
2.92979e-007 2.0984
2.93379e-007 2.0938
2.93779e-007 2.0971
2.94179e-007 2.1002
2.94579e-007 2.0982
2.94979e-007 2.1004
2.95379e-007 2.1052
2.95779e-007 2.1054
2.96179e-007 2.1065
2.96579e-007 2.1099
2.96979e-007 2.1096
2.97379e-007 2.1105
2.97779e-007 2.1144
2.98179e-007 2.1147
2.98579e-007 2.1169
2.98979e-007 2.1197
2.99379e-007 2.1162
2.99779e-007 2.1203
3.00179e-007 2.1218
3.00579e-007 2.1192
3.00979e-007 2.1232
3.01379e-007 2.129
3.01779e-007 2.127
3.02179e-007 2.1288
3.02579e-007 2.1261
3.02979e-007 2.129
3.03379e-007 2.1342
3.03779e-007 2.1348
3.04179e-007 2.1366
3.04579e-007 2.1356
3.04979e-007 2.1372
3.05379e-007 2.1355
3.05779e-007 2.138
3.06179e-007 2.1475
3.06579e-007 2.1485
3.06979e-007 2.1472
3.07379e-007 2.1437
3.07779e-007 2.1455
3.08179e-007 2.1508
3.08579e-007 2.1498
3.08979e-007 2.1497
3.09379e-007 2.15
3.09779e-007 2.1491
3.10179e-007 2.1516
3.10579e-007 2.1591
3.10979e-007 2.1624
3.11379e-007 2.1617
3.11779e-007 2.1631
3.12179e-007 2.1601
3.12579e-007 2.1614
3.12979e-007 2.1643
3.13379e-007 2.1636
3.13779e-007 2.1626
3.14179e-007 2.1671
3.14579e-007 2.1663
3.14979e-007 2.1647
3.15379e-007 2.1695
3.15779e-007 2.1704
3.16179e-007 2.1768
3.16579e-007 2.1785
3.16979e-007 2.1781
3.17379e-007 2.1745
3.17779e-007 2.1788
3.18179e-007 2.175
3.18579e-007 2.1788
3.18979e-007 2.1768
3.19379e-007 2.1808
3.19779e-007 2.1812
3.20179e-007 2.1829
3.20579e-007 2.1854
3.20979e-007 2.1869
3.21379e-007 2.1886
3.21779e-007 2.1903
3.22179e-007 2.1879
3.22579e-007 2.1915
3.22979e-007 2.1871
3.23379e-007 2.19
3.23779e-007 2.1916
3.24179e-007 2.1916
3.24579e-007 2.1925
3.24979e-007 2.1924
3.25379e-007 2.194
3.25779e-007 2.1931
3.26179e-007 2.1976
3.26579e-007 2.1944
3.26979e-007 2.1952
3.27379e-007 2.1991
3.27779e-007 2.1986
3.28179e-007 2.1982
3.28579e-007 2.1999
3.28979e-007 2.2019
3.29379e-007 2.1978
3.29779e-007 2.201
3.30179e-007 2.2033
3.30579e-007 2.2034
3.30979e-007 2.2031
3.31379e-007 2.2051
3.31779e-007 2.2058
3.32179e-007 2.2064
3.32579e-007 2.2067
3.32979e-007 2.2061
3.33379e-007 2.2053
3.33779e-007 2.2058
3.34179e-007 2.2051
3.34579e-007 2.2077
3.34979e-007 2.2066
3.35379e-007 2.2043
3.35779e-007 2.2085
3.36179e-007 2.207
3.36579e-007 2.2092
3.36979e-007 2.2095
3.37379e-007 2.206
3.37779e-007 2.2104
3.38179e-007 2.2053
3.38579e-007 2.2067
3.38979e-007 2.2056
3.39379e-007 2.2052
3.39779e-007 2.2081
3.40179e-007 2.206
3.40579e-007 2.2081
3.40979e-007 2.2094
3.41379e-007 2.2055
3.41779e-007 2.208
3.42179e-007 2.2083
3.42579e-007 2.2048
3.42979e-007 2.2054
3.43379e-007 2.2066
3.43779e-007 2.2039
3.44179e-007 2.2039
3.44579e-007 2.2039
3.44979e-007 2.2039
3.45379e-007 2.203
3.45779e-007 2.2002
3.46179e-007 2.2018
3.46579e-007 2.1985
3.46979e-007 2.1956
3.47379e-007 2.1926
3.47779e-007 2.1943
3.48179e-007 2.1925
3.48579e-007 2.192
3.48979e-007 2.1891
3.49379e-007 2.1877
3.49779e-007 2.1869
3.50179e-007 2.1843
3.50579e-007 2.1832
3.50979e-007 2.1814
3.51379e-007 2.1789
3.51779e-007 2.1774
3.52179e-007 2.1725
3.52579e-007 2.1723
3.52979e-007 2.1692
3.53379e-007 2.1659
3.53779e-007 2.1668
3.54179e-007 2.1617
3.54579e-007 2.1615
3.54979e-007 2.1566
3.55379e-007 2.1547
3.55779e-007 2.1572
3.56179e-007 2.1512
3.56579e-007 2.146
3.56979e-007 2.147
3.57379e-007 2.1451
3.57779e-007 2.1398
3.58179e-007 2.1377
3.58579e-007 2.1384
3.58979e-007 2.1327
3.59379e-007 2.1302
3.59779e-007 2.1308
3.60179e-007 2.1281
3.60579e-007 2.1257
3.60979e-007 2.1238
3.61379e-007 2.1215
3.61779e-007 2.1208
3.62179e-007 2.1203
3.62579e-007 2.1186
3.62979e-007 2.113
3.63379e-007 2.1164
3.63779e-007 2.1108
3.64179e-007 2.1103
3.64579e-007 2.1142
3.64979e-007 2.1074
3.65379e-007 2.1084
3.65779e-007 2.1072
3.66179e-007 2.1044
3.66579e-007 2.1057
3.66979e-007 2.1047
3.67379e-007 2.1036
3.67779e-007 2.1008
3.68179e-007 2.0985
3.68579e-007 2.0979
3.68979e-007 2.0974
3.69379e-007 2.0974
3.69779e-007 2.0994
3.70179e-007 2.0949
3.70579e-007 2.0964
3.70979e-007 2.0915
3.71379e-007 2.0943
3.71779e-007 2.0941
3.72179e-007 2.0921
3.72579e-007 2.0914
3.72979e-007 2.0901
3.73379e-007 2.0914
3.73779e-007 2.0922
3.74179e-007 2.0905
3.74579e-007 2.0869
3.74979e-007 2.0897
3.75379e-007 2.0853
3.75779e-007 2.0897
3.76179e-007 2.0877
3.76579e-007 2.0885
3.76979e-007 2.089
3.77379e-007 2.087
3.77779e-007 2.0892
3.78179e-007 2.0867
3.78579e-007 2.087
3.78979e-007 2.0866
3.79379e-007 2.088
3.79779e-007 2.0889
3.80179e-007 2.0882
3.80579e-007 2.0918
3.80979e-007 2.0929
3.81379e-007 2.0909
3.81779e-007 2.0923
3.82179e-007 2.0911
3.82579e-007 2.0928
3.82979e-007 2.0949
3.83379e-007 2.0914
3.83779e-007 2.0934
3.84179e-007 2.0938
3.84579e-007 2.0927
3.84979e-007 2.0958
3.85379e-007 2.0984
3.85779e-007 2.0946
3.86179e-007 2.101
3.86579e-007 2.0993
3.86979e-007 2.1015
3.87379e-007 2.0998
3.87779e-007 2.1035
3.88179e-007 2.103
3.88579e-007 2.1027
3.88979e-007 2.1071
3.89379e-007 2.1073
3.89779e-007 2.1096
3.90179e-007 2.1109
3.90579e-007 2.1123
3.90979e-007 2.1118
3.91379e-007 2.1168
3.91779e-007 2.1175
3.92179e-007 2.117
3.92579e-007 2.1179
3.92979e-007 2.1161
3.93379e-007 2.1204
3.93779e-007 2.1228
3.94179e-007 2.1219
3.94579e-007 2.1252
3.94979e-007 2.125
3.95379e-007 2.125
3.95779e-007 2.1274
3.96179e-007 2.1283
3.96579e-007 2.127
3.96979e-007 2.1344
3.97379e-007 2.1301
3.97779e-007 2.1327
3.98179e-007 2.1328
3.98579e-007 2.1362
3.98979e-007 2.136
3.99379e-007 2.1352
3.99779e-007 2.1386
4.00179e-007 2.1413
4.00579e-007 2.1431
4.00979e-007 2.1397
4.01379e-007 2.1428
4.01779e-007 2.1433
4.02179e-007 2.1479
4.02579e-007 2.1478
4.02979e-007 2.1523
4.03379e-007 2.1531
4.03779e-007 2.1512
4.04179e-007 2.1525
4.04579e-007 2.1538
4.04979e-007 2.1557
4.05379e-007 2.1593
4.05779e-007 2.1558
4.06179e-007 2.1527
4.06579e-007 2.1523
4.06979e-007 2.1584
4.07379e-007 2.1615
4.07779e-007 2.1623
4.08179e-007 2.1641
4.08579e-007 2.1649
4.08979e-007 2.1665
4.09379e-007 2.172
4.09779e-007 2.1706
4.10179e-007 2.1689
4.10579e-007 2.1697
4.10979e-007 2.1674
4.11379e-007 2.1718
4.11779e-007 2.172
4.12179e-007 2.1722
4.12579e-007 2.1721
4.12979e-007 2.173
4.13379e-007 2.1766
4.13779e-007 2.1789
4.14179e-007 2.1807
4.14579e-007 2.1783
4.14979e-007 2.1799
4.15379e-007 2.1815
4.15779e-007 2.1817
4.16179e-007 2.1814
4.16579e-007 2.1806
4.16979e-007 2.1845
4.17379e-007 2.1857
4.17779e-007 2.1882
4.18179e-007 2.1879
4.18579e-007 2.1878
4.18979e-007 2.1885
4.19379e-007 2.1892
4.19779e-007 2.1902
4.20179e-007 2.1926
4.20579e-007 2.1903
4.20979e-007 2.1933
4.21379e-007 2.1897
4.21779e-007 2.1918
4.22179e-007 2.1948
4.22579e-007 2.1925
4.22979e-007 2.1967
4.23379e-007 2.1968
4.23779e-007 2.1981
4.24179e-007 2.1993
4.24579e-007 2.1994
4.24979e-007 2.2009
4.25379e-007 2.1996
4.25779e-007 2.2001
4.26179e-007 2.1999
4.26579e-007 2.2041
4.26979e-007 2.2019
4.27379e-007 2.2029
4.27779e-007 2.2029
4.28179e-007 2.2037
4.28579e-007 2.2069
4.28979e-007 2.2054
4.29379e-007 2.2074
4.29779e-007 2.2058
4.30179e-007 2.2043
4.30579e-007 2.2058
4.30979e-007 2.2027
4.31379e-007 2.2057
4.31779e-007 2.2046
4.32179e-007 2.2044
4.32579e-007 2.2077
4.32979e-007 2.2045
4.33379e-007 2.21
4.33779e-007 2.2085
4.34179e-007 2.2078
4.34579e-007 2.2115
4.34979e-007 2.2068
4.35379e-007 2.21
4.35779e-007 2.2088
4.36179e-007 2.2088
4.36579e-007 2.209
4.36979e-007 2.209
4.37379e-007 2.2095
4.37779e-007 2.2063
4.38179e-007 2.2085
4.38579e-007 2.2066
4.38979e-007 2.2074
4.39379e-007 2.2082
4.39779e-007 2.2058
4.40179e-007 2.208
4.40579e-007 2.2069
4.40979e-007 2.2066
4.41379e-007 2.2067
4.41779e-007 2.2059
4.42179e-007 2.2016
4.42579e-007 2.2042
4.42979e-007 2.2038
4.43379e-007 2.2027
4.43779e-007 2.1994
4.44179e-007 2.1999
4.44579e-007 2.1983
4.44979e-007 2.1975
4.45379e-007 2.1963
4.45779e-007 2.1959
4.46179e-007 2.1923
4.46579e-007 2.1902
4.46979e-007 2.1869
4.47379e-007 2.1859
4.47779e-007 2.1852
4.48179e-007 2.1825
4.48579e-007 2.1834
4.48979e-007 2.1799
4.49379e-007 2.176
4.49779e-007 2.1745
4.50179e-007 2.171
4.50579e-007 2.1696
4.50979e-007 2.1663
4.51379e-007 2.1599
4.51779e-007 2.1615
4.52179e-007 2.1562
4.52579e-007 2.1493
4.52979e-007 2.1482
4.53379e-007 2.1449
4.53779e-007 2.1434
4.54179e-007 2.1396
4.54579e-007 2.1374
4.54979e-007 2.1354
4.55379e-007 2.1321
4.55779e-007 2.1276
4.56179e-007 2.1293
4.56579e-007 2.1206
4.56979e-007 2.1196
4.57379e-007 2.1176
4.57779e-007 2.1133
4.58179e-007 2.1122
4.58579e-007 2.1073
4.58979e-007 2.1065
4.59379e-007 2.1051
4.59779e-007 2.1022
4.60179e-007 2.0996
4.60579e-007 2.0955
4.60979e-007 2.0961
4.61379e-007 2.09
4.61779e-007 2.0909
4.62179e-007 2.0896
4.62579e-007 2.086
4.62979e-007 2.084
4.63379e-007 2.0815
4.63779e-007 2.0803
4.64179e-007 2.078
4.64579e-007 2.0788
4.64979e-007 2.0741
4.65379e-007 2.0742
4.65779e-007 2.0736
4.66179e-007 2.0707
4.66579e-007 2.0727
4.66979e-007 2.0697
4.67379e-007 2.0686
4.67779e-007 2.0672
4.68179e-007 2.0669
4.68579e-007 2.0657
4.68979e-007 2.0628
4.69379e-007 2.0643
4.69779e-007 2.0647
4.70179e-007 2.0623
4.70579e-007 2.0644
4.70979e-007 2.0619
4.71379e-007 2.0628
4.71779e-007 2.06
4.72179e-007 2.0609
4.72579e-007 2.0591
4.72979e-007 2.0583
4.73379e-007 2.0609
4.73779e-007 2.0561
4.74179e-007 2.0546
4.74579e-007 2.0583
4.74979e-007 2.0553
4.75379e-007 2.0598
4.75779e-007 2.0548
4.76179e-007 2.0572
4.76579e-007 2.0595
4.76979e-007 2.0551
4.77379e-007 2.0597
4.77779e-007 2.0584
4.78179e-007 2.0576
4.78579e-007 2.0597
4.78979e-007 2.0586
4.79379e-007 2.0561
4.79779e-007 2.061
4.80179e-007 2.0584
4.80579e-007 2.061
4.80979e-007 2.0639
4.81379e-007 2.0613
4.81779e-007 2.0616
4.82179e-007 2.0629
4.82579e-007 2.0653
4.82979e-007 2.0661
4.83379e-007 2.0676
4.83779e-007 2.0654
4.84179e-007 2.0686
4.84579e-007 2.0709
4.84979e-007 2.071
4.85379e-007 2.0741
4.85779e-007 2.0709
4.86179e-007 2.077
4.86579e-007 2.0757
4.86979e-007 2.0757
4.87379e-007 2.0797
4.87779e-007 2.0771
4.88179e-007 2.0811
4.88579e-007 2.0823
4.88979e-007 2.0832
4.89379e-007 2.0879
4.89779e-007 2.0878
4.90179e-007 2.0896
4.90579e-007 2.0921
4.90979e-007 2.0925
4.91379e-007 2.0941
4.91779e-007 2.0976
4.92179e-007 2.0962
4.92579e-007 2.1001
4.92979e-007 2.098
4.93379e-007 2.1003
4.93779e-007 2.1024
4.94179e-007 2.107
4.94579e-007 2.107
4.94979e-007 2.1044
4.95379e-007 2.1125
4.95779e-007 2.1096
4.96179e-007 2.1151
4.96579e-007 2.114
4.96979e-007 2.1141
4.97379e-007 2.1162
4.97779e-007 2.1165
4.98179e-007 2.1212
4.98579e-007 2.1197
4.98979e-007 2.1227
4.99379e-007 2.1254
4.99779e-007 2.124
5.00179e-007 2.1306
5.00579e-007 2.1257
5.00979e-007 2.1312
5.01379e-007 2.1329
5.01779e-007 2.1342
5.02179e-007 2.1341
5.02579e-007 2.1348
5.02979e-007 2.135
5.03379e-007 2.1406
5.03779e-007 2.1393
5.04179e-007 2.1429
5.04579e-007 2.1421
5.04979e-007 2.1388
5.05379e-007 2.1436
5.05779e-007 2.1425
5.06179e-007 2.1529
5.06579e-007 2.1522
5.06979e-007 2.1502
5.07379e-007 2.152
5.07779e-007 2.1472
5.08179e-007 2.1526
5.08579e-007 2.1546
5.08979e-007 2.1524
5.09379e-007 2.1533
5.09779e-007 2.1559
5.10179e-007 2.1595
5.10579e-007 2.1612
5.10979e-007 2.1668
5.11379e-007 2.1644
5.11779e-007 2.1658
5.12179e-007 2.1662
5.12579e-007 2.1687
5.12979e-007 2.1697
5.13379e-007 2.1699
5.13779e-007 2.1687
5.14179e-007 2.1709
5.14579e-007 2.1693
5.14979e-007 2.1716
5.15379e-007 2.175
5.15779e-007 2.1763
5.16179e-007 2.1786
5.16579e-007 2.1793
5.16979e-007 2.1798
5.17379e-007 2.1799
5.17779e-007 2.1808
5.18179e-007 2.1827
5.18579e-007 2.1804
5.18979e-007 2.1814
5.19379e-007 2.1845
5.19779e-007 2.1858
5.20179e-007 2.1872
5.20579e-007 2.1897
5.20979e-007 2.1932
5.21379e-007 2.1908
5.21779e-007 2.1957
5.22179e-007 2.192
5.22579e-007 2.1948
5.22979e-007 2.1913
5.23379e-007 2.1928
5.23779e-007 2.1965
5.24179e-007 2.1933
5.24579e-007 2.1971
5.24979e-007 2.1968
5.25379e-007 2.1975
5.25779e-007 2.1999
5.26179e-007 2.2027
5.26579e-007 2.2019
5.26979e-007 2.2
5.27379e-007 2.1999
5.27779e-007 2.2034
5.28179e-007 2.2004
5.28579e-007 2.204
5.28979e-007 2.2046
5.29379e-007 2.2018
5.29779e-007 2.2038
5.30179e-007 2.203
5.30579e-007 2.2049
5.30979e-007 2.2075
5.31379e-007 2.2067
5.31779e-007 2.2058
5.32179e-007 2.211
5.32579e-007 2.2071
5.32979e-007 2.211
5.33379e-007 2.207
5.33779e-007 2.209
5.34179e-007 2.2084
5.34579e-007 2.2084
5.34979e-007 2.2079
5.35379e-007 2.2107
5.35779e-007 2.2096
5.36179e-007 2.2131
5.36579e-007 2.2116
5.36979e-007 2.2077
5.37379e-007 2.2121
5.37779e-007 2.21
5.38179e-007 2.2131
5.38579e-007 2.2087
5.38979e-007 2.2116
5.39379e-007 2.2111
5.39779e-007 2.2087
5.40179e-007 2.2116
5.40579e-007 2.2104
5.40979e-007 2.2101
5.41379e-007 2.2105
5.41779e-007 2.2093
5.42179e-007 2.2111
5.42579e-007 2.2103
5.42979e-007 2.2092
5.43379e-007 2.2089
5.43779e-007 2.2112
5.44179e-007 2.2039
5.44579e-007 2.2059
5.44979e-007 2.2075
5.45379e-007 2.2057
5.45779e-007 2.2037
5.46179e-007 2.203
5.46579e-007 2.2037
5.46979e-007 2.201
5.47379e-007 2.199
5.47779e-007 2.1968
5.48179e-007 2.197
5.48579e-007 2.1969
5.48979e-007 2.196
5.49379e-007 2.1897
5.49779e-007 2.1892
5.50179e-007 2.1893
5.50579e-007 2.1845
5.50979e-007 2.1857
5.51379e-007 2.1859
5.51779e-007 2.1848
5.52179e-007 2.1785
5.52579e-007 2.1769
5.52979e-007 2.1745
5.53379e-007 2.1747
5.53779e-007 2.1724
5.54179e-007 2.1686
5.54579e-007 2.1645
5.54979e-007 2.1611
5.55379e-007 2.1603
5.55779e-007 2.157
5.56179e-007 2.1568
5.56579e-007 2.1518
5.56979e-007 2.1512
5.57379e-007 2.1501
5.57779e-007 2.1462
5.58179e-007 2.145
5.58579e-007 2.1417
5.58979e-007 2.1379
5.59379e-007 2.1356
5.59779e-007 2.1351
5.60179e-007 2.1337
5.60579e-007 2.1322
5.60979e-007 2.1294
5.61379e-007 2.1294
5.61779e-007 2.1256
5.62179e-007 2.1252
5.62579e-007 2.126
5.62979e-007 2.1201
5.63379e-007 2.1198
5.63779e-007 2.1191
5.64179e-007 2.1188
5.64579e-007 2.1163
5.64979e-007 2.1142
5.65379e-007 2.1126
5.65779e-007 2.1113
5.66179e-007 2.1119
5.66579e-007 2.1111
5.66979e-007 2.1081
5.67379e-007 2.1063
5.67779e-007 2.1065
5.68179e-007 2.1048
5.68579e-007 2.1041
5.68979e-007 2.1004
5.69379e-007 2.0998
5.69779e-007 2.0964
5.70179e-007 2.1044
5.70579e-007 2.0963
5.70979e-007 2.0983
5.71379e-007 2.0988
5.71779e-007 2.0941
5.72179e-007 2.0963
5.72579e-007 2.0964
5.72979e-007 2.0939
5.73379e-007 2.0942
5.73779e-007 2.0937
5.74179e-007 2.096
5.74579e-007 2.0946
5.74979e-007 2.0934
5.75379e-007 2.0935
5.75779e-007 2.0945
5.76179e-007 2.0936
5.76579e-007 2.0914
5.76979e-007 2.0916
5.77379e-007 2.0922
5.77779e-007 2.0921
5.78179e-007 2.0917
5.78579e-007 2.0917
5.78979e-007 2.0914
5.79379e-007 2.0911
5.79779e-007 2.0938
5.80179e-007 2.0896
5.80579e-007 2.0915
5.80979e-007 2.0904
5.81379e-007 2.0883
5.81779e-007 2.0933
5.82179e-007 2.0899
5.82579e-007 2.094
5.82979e-007 2.0963
5.83379e-007 2.0939
5.83779e-007 2.0949
5.84179e-007 2.0948
5.84579e-007 2.0969
5.84979e-007 2.098
5.85379e-007 2.1007
5.85779e-007 2.0992
5.86179e-007 2.1014
5.86579e-007 2.1
5.86979e-007 2.1014
5.87379e-007 2.1051
5.87779e-007 2.102
5.88179e-007 2.1024
5.88579e-007 2.1064
5.88979e-007 2.107
5.89379e-007 2.107
5.89779e-007 2.1085
5.90179e-007 2.1119
5.90579e-007 2.111
5.90979e-007 2.112
5.91379e-007 2.1168
5.91779e-007 2.1152
5.92179e-007 2.1172
5.92579e-007 2.1191
5.92979e-007 2.1177
5.93379e-007 2.1199
5.93779e-007 2.1236
5.94179e-007 2.1201
5.94579e-007 2.1246
5.94979e-007 2.1264
5.95379e-007 2.124
5.95779e-007 2.1288
5.96179e-007 2.1287
5.96579e-007 2.1274
5.96979e-007 2.1305
5.97379e-007 2.1307
5.97779e-007 2.1296
5.98179e-007 2.1375
5.98579e-007 2.1362
5.98979e-007 2.1351
5.99379e-007 2.1383
5.99779e-007 2.1369
6.00179e-007 2.1382
6.00579e-007 2.143
6.00979e-007 2.1402
6.01379e-007 2.1401
6.01779e-007 2.1445
6.02179e-007 2.1422
6.02579e-007 2.1491
6.02979e-007 2.1487
6.03379e-007 2.1475
6.03779e-007 2.1475
6.04179e-007 2.1512
6.04579e-007 2.1524
6.04979e-007 2.1546
6.05379e-007 2.1572
6.05779e-007 2.1522
6.06179e-007 2.1524
6.06579e-007 2.1503
6.06979e-007 2.1539
6.07379e-007 2.161
6.07779e-007 2.1593
6.08179e-007 2.1603
6.08579e-007 2.1604
6.08979e-007 2.165
6.09379e-007 2.1677
6.09779e-007 2.1677
6.10179e-007 2.166
6.10579e-007 2.1651
6.10979e-007 2.165
6.11379e-007 2.1666
6.11779e-007 2.1692
6.12179e-007 2.1711
6.12579e-007 2.1663
6.12979e-007 2.1695
6.13379e-007 2.1722
6.13779e-007 2.1749
6.14179e-007 2.1743
6.14579e-007 2.177
6.14979e-007 2.1777
6.15379e-007 2.1782
6.15779e-007 2.1776
6.16179e-007 2.1761
6.16579e-007 2.1788
6.16979e-007 2.1778
6.17379e-007 2.182
6.17779e-007 2.188
6.18179e-007 2.1831
6.18579e-007 2.186
6.18979e-007 2.1843
6.19379e-007 2.1866
6.19779e-007 2.1911
6.20179e-007 2.1874
6.20579e-007 2.1873
6.20979e-007 2.1902
6.21379e-007 2.1889
6.21779e-007 2.1908
6.22179e-007 2.1891
6.22579e-007 2.1927
6.22979e-007 2.1946
6.23379e-007 2.1956
6.23779e-007 2.199
6.24179e-007 2.1959
6.24579e-007 2.1972
6.24979e-007 2.1975
6.25379e-007 2.1971
6.25779e-007 2.1996
6.26179e-007 2.2
6.26579e-007 2.1989
6.26979e-007 2.1987
6.27379e-007 2.1991
6.27779e-007 2.1996
6.28179e-007 2.2014
6.28579e-007 2.2028
6.28979e-007 2.2032
6.29379e-007 2.2033
6.29779e-007 2.2038
6.30179e-007 2.2036
6.30579e-007 2.2023
6.30979e-007 2.2031
6.31379e-007 2.2031
6.31779e-007 2.2025
6.32179e-007 2.2032
6.32579e-007 2.2043
6.32979e-007 2.2063
6.33379e-007 2.205
6.33779e-007 2.2086
6.34179e-007 2.2061
6.34579e-007 2.2075
6.34979e-007 2.206
6.35379e-007 2.207
6.35779e-007 2.2077
6.36179e-007 2.2059
6.36579e-007 2.2064
6.36979e-007 2.2064
6.37379e-007 2.206
6.37779e-007 2.2076
6.38179e-007 2.2062
6.38579e-007 2.2089
6.38979e-007 2.2024
6.39379e-007 2.207
6.39779e-007 2.2055
6.40179e-007 2.2052
6.40579e-007 2.2035
6.40979e-007 2.2038
6.41379e-007 2.2012
6.41779e-007 2.2012
6.42179e-007 2.1998
6.42579e-007 2.2004
6.42979e-007 2.1978
6.43379e-007 2.1958
6.43779e-007 2.1964
6.44179e-007 2.1936
6.44579e-007 2.193
6.44979e-007 2.1939
6.45379e-007 2.1919
6.45779e-007 2.1891
6.46179e-007 2.1871
6.46579e-007 2.1863
6.46979e-007 2.1859
6.47379e-007 2.1809
6.47779e-007 2.1796
6.48179e-007 2.1766
6.48579e-007 2.1753
6.48979e-007 2.1739
6.49379e-007 2.17
6.49779e-007 2.1683
6.50179e-007 2.1633
6.50579e-007 2.162
6.50979e-007 2.1589
6.51379e-007 2.1585
6.51779e-007 2.154
6.52179e-007 2.1508
6.52579e-007 2.1464
6.52979e-007 2.1436
6.53379e-007 2.1404
6.53779e-007 2.1358
6.54179e-007 2.1349
6.54579e-007 2.1292
6.54979e-007 2.1275
6.55379e-007 2.124
6.55779e-007 2.1218
6.56179e-007 2.1212
6.56579e-007 2.114
6.56979e-007 2.1125
6.57379e-007 2.1122
6.57779e-007 2.1065
6.58179e-007 2.1067
6.58579e-007 2.1034
6.58979e-007 2.1014
6.59379e-007 2.0975
6.59779e-007 2.0963
6.60179e-007 2.0939
6.60579e-007 2.0919
6.60979e-007 2.0892
6.61379e-007 2.0846
6.61779e-007 2.0828
6.62179e-007 2.0836
6.62579e-007 2.0781
6.62979e-007 2.0767
6.63379e-007 2.0788
6.63779e-007 2.0738
6.64179e-007 2.0737
6.64579e-007 2.0724
6.64979e-007 2.0693
6.65379e-007 2.0721
6.65779e-007 2.0696
6.66179e-007 2.068
6.66579e-007 2.0681
6.66979e-007 2.065
6.67379e-007 2.0656
6.67779e-007 2.0635
6.68179e-007 2.0628
6.68579e-007 2.0632
6.68979e-007 2.0609
6.69379e-007 2.0646
6.69779e-007 2.0615
6.70179e-007 2.0601
6.70579e-007 2.0607
6.70979e-007 2.0582
6.71379e-007 2.0581
6.71779e-007 2.0595
6.72179e-007 2.0573
6.72579e-007 2.0559
6.72979e-007 2.0601
6.73379e-007 2.0562
6.73779e-007 2.057
6.74179e-007 2.058
6.74579e-007 2.0559
6.74979e-007 2.0568
6.75379e-007 2.0562
6.75779e-007 2.0584
6.76179e-007 2.0541
6.76579e-007 2.0554
6.76979e-007 2.0593
6.77379e-007 2.0562
6.77779e-007 2.0576
6.78179e-007 2.0588
6.78579e-007 2.0588
6.78979e-007 2.0614
6.79379e-007 2.0623
6.79779e-007 2.0605
6.80179e-007 2.0649
6.80579e-007 2.0635
6.80979e-007 2.0655
6.81379e-007 2.0638
6.81779e-007 2.0665
6.82179e-007 2.0646
6.82579e-007 2.0669
6.82979e-007 2.0668
6.83379e-007 2.0686
6.83779e-007 2.0689
6.84179e-007 2.0695
6.84579e-007 2.0707
6.84979e-007 2.075
6.85379e-007 2.075
6.85779e-007 2.0737
6.86179e-007 2.0786
6.86579e-007 2.0812
6.86979e-007 2.0819
6.87379e-007 2.0824
6.87779e-007 2.0816
6.88179e-007 2.0831
6.88579e-007 2.0876
6.88979e-007 2.0866
6.89379e-007 2.089
6.89779e-007 2.0921
6.90179e-007 2.0912
6.90579e-007 2.0936
6.90979e-007 2.0973
6.91379e-007 2.0966
6.91779e-007 2.0992
6.92179e-007 2.0967
6.92579e-007 2.0992
6.92979e-007 2.103
6.93379e-007 2.1026
6.93779e-007 2.1037
6.94179e-007 2.1063
6.94579e-007 2.1049
6.94979e-007 2.11
6.95379e-007 2.1122
6.95779e-007 2.117
6.96179e-007 2.1176
6.96579e-007 2.1154
6.96979e-007 2.1168
6.97379e-007 2.1242
6.97779e-007 2.1208
6.98179e-007 2.1255
6.98579e-007 2.1223
6.98979e-007 2.1223
6.99379e-007 2.127
6.99779e-007 2.1272
7.00179e-007 2.1282
7.00579e-007 2.129
7.00979e-007 2.1334
7.01379e-007 2.1379
7.01779e-007 2.1368
7.02179e-007 2.1414
7.02579e-007 2.1371
7.02979e-007 2.1387
7.03379e-007 2.1433
7.03779e-007 2.1425
7.04179e-007 2.1448
7.04579e-007 2.1451
7.04979e-007 2.1466
7.05379e-007 2.1433
7.05779e-007 2.148
7.06179e-007 2.1537
7.06579e-007 2.1558
7.06979e-007 2.1572
7.07379e-007 2.1494
7.07779e-007 2.1552
7.08179e-007 2.1584
7.08579e-007 2.1559
7.08979e-007 2.1587
7.09379e-007 2.1559
7.09779e-007 2.1596
7.10179e-007 2.1592
7.10579e-007 2.1647
7.10979e-007 2.1696
7.11379e-007 2.1665
7.11779e-007 2.1683
7.12179e-007 2.1666
7.12579e-007 2.167
7.12979e-007 2.1712
7.13379e-007 2.1724
7.13779e-007 2.1731
7.14179e-007 2.1733
7.14579e-007 2.1734
7.14979e-007 2.1748
7.15379e-007 2.1783
7.15779e-007 2.1805
7.16179e-007 2.1837
7.16579e-007 2.1836
7.16979e-007 2.1851
7.17379e-007 2.1846
7.17779e-007 2.1827
7.18179e-007 2.1849
7.18579e-007 2.1847
7.18979e-007 2.1863
7.19379e-007 2.1829
7.19779e-007 2.1875
7.20179e-007 2.1908
7.20579e-007 2.1903
7.20979e-007 2.1951
7.21379e-007 2.1977
7.21779e-007 2.1952
7.22179e-007 2.1962
7.22579e-007 2.1963
7.22979e-007 2.196
7.23379e-007 2.196
7.23779e-007 2.1944
7.24179e-007 2.1966
7.24579e-007 2.1972
7.24979e-007 2.1983
7.25379e-007 2.1982
7.25779e-007 2.2003
7.26179e-007 2.2029
7.26579e-007 2.2038
7.26979e-007 2.2031
7.27379e-007 2.2065
7.27779e-007 2.2062
7.28179e-007 2.205
7.28579e-007 2.2058
7.28979e-007 2.2034
7.29379e-007 2.2037
7.29779e-007 2.2069
7.30179e-007 2.2045
7.30579e-007 2.2081
7.30979e-007 2.2091
7.31379e-007 2.2107
7.31779e-007 2.2084
7.32179e-007 2.209
7.32579e-007 2.2112
7.32979e-007 2.208
7.33379e-007 2.2117
7.33779e-007 2.2098
7.34179e-007 2.2112
7.34579e-007 2.2099
7.34979e-007 2.2137
7.35379e-007 2.2121
7.35779e-007 2.2124
7.36179e-007 2.2164
7.36579e-007 2.2142
7.36979e-007 2.2107
7.37379e-007 2.2113
7.37779e-007 2.2124
7.38179e-007 2.2103
7.38579e-007 2.2138
7.38979e-007 2.2125
7.39379e-007 2.2109
7.39779e-007 2.2138
7.40179e-007 2.2121
7.40579e-007 2.2102
7.40979e-007 2.2109
7.41379e-007 2.2148
7.41779e-007 2.2149
7.42179e-007 2.2121
7.42579e-007 2.2132
7.42979e-007 2.2124
7.43379e-007 2.2085
7.43779e-007 2.2121
7.44179e-007 2.21
7.44579e-007 2.2063
7.44979e-007 2.2094
7.45379e-007 2.2065
7.45779e-007 2.2046
7.46179e-007 2.2069
7.46579e-007 2.2061
7.46979e-007 2.2024
7.47379e-007 2.2023
7.47779e-007 2.1978
7.48179e-007 2.1974
7.48579e-007 2.1945
7.48979e-007 2.1949
7.49379e-007 2.1898
7.49779e-007 2.1913
7.50179e-007 2.1909
7.50579e-007 2.1881
7.50979e-007 2.184
7.51379e-007 2.1855
7.51779e-007 2.1794
7.52179e-007 2.1765
7.52579e-007 2.1766
7.52979e-007 2.1745
7.53379e-007 2.1735
7.53779e-007 2.1716
7.54179e-007 2.1647
7.54579e-007 2.1655
7.54979e-007 2.1613
7.55379e-007 2.1617
7.55779e-007 2.1588
7.56179e-007 2.1548
7.56579e-007 2.1526
7.56979e-007 2.1475
7.57379e-007 2.1457
7.57779e-007 2.1474
7.58179e-007 2.1426
7.58579e-007 2.1406
7.58979e-007 2.139
7.59379e-007 2.1377
7.59779e-007 2.1317
7.60179e-007 2.132
7.60579e-007 2.1259
7.60979e-007 2.1278
7.61379e-007 2.1257
7.61779e-007 2.1204
7.62179e-007 2.1237
7.62579e-007 2.1194
7.62979e-007 2.1172
7.63379e-007 2.1168
7.63779e-007 2.1142
7.64179e-007 2.1132
7.64579e-007 2.11
7.64979e-007 2.1081
7.65379e-007 2.1071
7.65779e-007 2.1071
7.66179e-007 2.1039
7.66579e-007 2.1021
7.66979e-007 2.1004
7.67379e-007 2.1014
7.67779e-007 2.1023
7.68179e-007 2.0993
7.68579e-007 2.0957
7.68979e-007 2.0952
7.69379e-007 2.0945
7.69779e-007 2.0923
7.70179e-007 2.0944
7.70579e-007 2.0927
7.70979e-007 2.092
7.71379e-007 2.0897
7.71779e-007 2.0903
7.72179e-007 2.0889
7.72579e-007 2.0877
7.72979e-007 2.0888
7.73379e-007 2.0857
7.73779e-007 2.0856
7.74179e-007 2.0865
7.74579e-007 2.0858
7.74979e-007 2.0842
7.75379e-007 2.0839
7.75779e-007 2.0832
7.76179e-007 2.0856
7.76579e-007 2.0835
7.76979e-007 2.0845
7.77379e-007 2.0811
7.77779e-007 2.0806
7.78179e-007 2.0821
7.78579e-007 2.0845
7.78979e-007 2.0818
7.79379e-007 2.0831
7.79779e-007 2.0822
7.80179e-007 2.0827
7.80579e-007 2.084
7.80979e-007 2.0837
7.81379e-007 2.0831
7.81779e-007 2.0833
7.82179e-007 2.0832
7.82579e-007 2.0843
7.82979e-007 2.0857
7.83379e-007 2.0857
7.83779e-007 2.0878
7.84179e-007 2.0859
7.84579e-007 2.0894
7.84979e-007 2.0904
7.85379e-007 2.0884
7.85779e-007 2.0923
7.86179e-007 2.0936
7.86579e-007 2.0916
7.86979e-007 2.0929
7.87379e-007 2.0931
7.87779e-007 2.0953
7.88179e-007 2.0958
7.88579e-007 2.1004
7.88979e-007 2.0973
7.89379e-007 2.1022
7.89779e-007 2.0984
7.90179e-007 2.1034
7.90579e-007 2.1049
7.90979e-007 2.1059
7.91379e-007 2.1077
7.91779e-007 2.1093
7.92179e-007 2.1088
7.92579e-007 2.1104
7.92979e-007 2.1134
7.93379e-007 2.1129
7.93779e-007 2.1145
7.94179e-007 2.1126
7.94579e-007 2.1143
7.94979e-007 2.1179
7.95379e-007 2.1194
7.95779e-007 2.1211
7.96179e-007 2.1194
7.96579e-007 2.1242
7.96979e-007 2.1227
7.97379e-007 2.1256
7.97779e-007 2.1257
7.98179e-007 2.1264
7.98579e-007 2.1285
7.98979e-007 2.1299
7.99379e-007 2.1304
7.99779e-007 2.1303
8.00179e-007 2.132
8.00579e-007 2.1344
8.00979e-007 2.1338
8.01379e-007 2.1339
8.01779e-007 2.1358
8.02179e-007 2.1392
8.02579e-007 2.1412
8.02979e-007 2.1405
8.03379e-007 2.1406
8.03779e-007 2.1447
8.04179e-007 2.1456
8.04579e-007 2.1462
8.04979e-007 2.1497
8.05379e-007 2.1513
8.05779e-007 2.1484
8.06179e-007 2.1476
8.06579e-007 2.1454
8.06979e-007 2.1522
8.07379e-007 2.1535
8.07779e-007 2.1558
8.08179e-007 2.1586
8.08579e-007 2.156
8.08979e-007 2.1623
8.09379e-007 2.1631
8.09779e-007 2.1649
8.10179e-007 2.1646
8.10579e-007 2.1584
8.10979e-007 2.1614
8.11379e-007 2.1623
8.11779e-007 2.1646
8.12179e-007 2.1685
8.12579e-007 2.1679
8.12979e-007 2.1715
8.13379e-007 2.168
8.13779e-007 2.172
8.14179e-007 2.172
8.14579e-007 2.1737
8.14979e-007 2.1751
8.15379e-007 2.1718
8.15779e-007 2.1741
8.16179e-007 2.1754
8.16579e-007 2.1751
8.16979e-007 2.1758
8.17379e-007 2.1817
8.17779e-007 2.1805
8.18179e-007 2.182
8.18579e-007 2.1833
8.18979e-007 2.1844
8.19379e-007 2.1865
8.19779e-007 2.1871
8.20179e-007 2.1845
8.20579e-007 2.1859
8.20979e-007 2.1861
8.21379e-007 2.1856
8.21779e-007 2.1872
8.22179e-007 2.1875
8.22579e-007 2.1908
8.22979e-007 2.1912
8.23379e-007 2.1913
8.23779e-007 2.1931
8.24179e-007 2.1937
8.24579e-007 2.195
8.24979e-007 2.1942
8.25379e-007 2.1967
8.25779e-007 2.1955
8.26179e-007 2.197
8.26579e-007 2.1983
8.26979e-007 2.1978
8.27379e-007 2.1985
8.27779e-007 2.1991
8.28179e-007 2.201
8.28579e-007 2.198
8.28979e-007 2.2007
8.29379e-007 2.2015
8.29779e-007 2.203
8.30179e-007 2.2039
8.30579e-007 2.2031
8.30979e-007 2.1985
8.31379e-007 2.2013
8.31779e-007 2.2038
8.32179e-007 2.2019
8.32579e-007 2.2051
8.32979e-007 2.2046
8.33379e-007 2.2039
8.33779e-007 2.2049
8.34179e-007 2.204
8.34579e-007 2.2057
8.34979e-007 2.2063
8.35379e-007 2.205
8.35779e-007 2.2035
8.36179e-007 2.2058
8.36579e-007 2.2031
8.36979e-007 2.2049
8.37379e-007 2.2035
8.37779e-007 2.2049
8.38179e-007 2.207
8.38579e-007 2.2045
8.38979e-007 2.2044
8.39379e-007 2.2069
8.39779e-007 2.207
8.40179e-007 2.2067
8.40579e-007 2.2028
8.40979e-007 2.2026
8.41379e-007 2.2047
8.41779e-007 2.1991
8.42179e-007 2.202
8.42579e-007 2.1997
8.42979e-007 2.1976
8.43379e-007 2.2016
8.43779e-007 2.1957
8.44179e-007 2.2002
8.44579e-007 2.1955
8.44979e-007 2.1943
8.45379e-007 2.1955
8.45779e-007 2.1902
8.46179e-007 2.1924
8.46579e-007 2.1903
8.46979e-007 2.1891
8.47379e-007 2.1842
8.47779e-007 2.1823
8.48179e-007 2.183
8.48579e-007 2.1802
8.48979e-007 2.178
8.49379e-007 2.1739
8.49779e-007 2.1716
8.50179e-007 2.1684
8.50579e-007 2.1671
8.50979e-007 2.1657
8.51379e-007 2.1612
8.51779e-007 2.1615
8.52179e-007 2.1564
8.52579e-007 2.1535
8.52979e-007 2.1521
8.53379e-007 2.1487
8.53779e-007 2.1459
8.54179e-007 2.1409
8.54579e-007 2.1383
8.54979e-007 2.1369
8.55379e-007 2.1331
8.55779e-007 2.1334
8.56179e-007 2.1283
8.56579e-007 2.1247
8.56979e-007 2.1228
8.57379e-007 2.1207
8.57779e-007 2.1191
8.58179e-007 2.1139
8.58579e-007 2.1122
8.58979e-007 2.1099
8.59379e-007 2.1097
8.59779e-007 2.1041
8.60179e-007 2.1053
8.60579e-007 2.1021
8.60979e-007 2.1005
8.61379e-007 2.0998
8.61779e-007 2.0941
8.62179e-007 2.0916
8.62579e-007 2.0906
8.62979e-007 2.089
8.63379e-007 2.086
8.63779e-007 2.0889
8.64179e-007 2.083
8.64579e-007 2.0794
8.64979e-007 2.0838
8.65379e-007 2.0771
8.65779e-007 2.0773
8.66179e-007 2.0802
8.66579e-007 2.0761
8.66979e-007 2.0775
8.67379e-007 2.0757
8.67779e-007 2.0744
8.68179e-007 2.0744
8.68579e-007 2.0724
8.68979e-007 2.0686
8.69379e-007 2.0697
8.69779e-007 2.0728
8.70179e-007 2.0682
8.70579e-007 2.0705
8.70979e-007 2.0688
8.71379e-007 2.0654
8.71779e-007 2.0687
8.72179e-007 2.0648
8.72579e-007 2.0619
8.72979e-007 2.0659
8.73379e-007 2.0662
8.73779e-007 2.0635
8.74179e-007 2.0679
8.74579e-007 2.0638
8.74979e-007 2.0646
8.75379e-007 2.063
8.75779e-007 2.0629
8.76179e-007 2.0645
8.76579e-007 2.065
8.76979e-007 2.061
8.77379e-007 2.0632
8.77779e-007 2.067
8.78179e-007 2.0662
