-1.222671e-007 2.0965
-1.218671e-007 2.0975
-1.214671e-007 2.0951
-1.210671e-007 2.1009
-1.206671e-007 2.0993
-1.202671e-007 2.1028
-1.198671e-007 2.1007
-1.194671e-007 2.099
-1.190671e-007 2.1028
-1.186671e-007 2.1045
-1.182671e-007 2.1059
-1.178671e-007 2.1077
-1.174671e-007 2.1077
-1.170671e-007 2.1087
-1.166671e-007 2.1091
-1.162671e-007 2.1113
-1.158671e-007 2.1118
-1.154671e-007 2.113
-1.150671e-007 2.1139
-1.146671e-007 2.1128
-1.142671e-007 2.1146
-1.138671e-007 2.1165
-1.134671e-007 2.1176
-1.130671e-007 2.1205
-1.126671e-007 2.1245
-1.122671e-007 2.1204
-1.118671e-007 2.1243
-1.114671e-007 2.1236
-1.110671e-007 2.1272
-1.106671e-007 2.1279
-1.102671e-007 2.1283
-1.098671e-007 2.1294
-1.094671e-007 2.1328
-1.090671e-007 2.1324
-1.086671e-007 2.1332
-1.082671e-007 2.1343
-1.078671e-007 2.1341
-1.074671e-007 2.1382
-1.070671e-007 2.138
-1.066671e-007 2.1372
-1.062671e-007 2.1407
-1.058671e-007 2.138
-1.054671e-007 2.1436
-1.050671e-007 2.1434
-1.046671e-007 2.143
-1.042671e-007 2.1463
-1.038671e-007 2.144
-1.034671e-007 2.1505
-1.030671e-007 2.1453
-1.026671e-007 2.1498
-1.022671e-007 2.1515
-1.018671e-007 2.1518
-1.014671e-007 2.1518
-1.010671e-007 2.1542
-1.006671e-007 2.1568
-1.002671e-007 2.1557
-9.986712e-008 2.1565
-9.946712e-008 2.1559
-9.906712e-008 2.1583
-9.866712e-008 2.1622
-9.826712e-008 2.1626
-9.786712e-008 2.1615
-9.746712e-008 2.1626
-9.706712e-008 2.1636
-9.666712e-008 2.1663
-9.626712e-008 2.1663
-9.586712e-008 2.1673
-9.546712e-008 2.1661
-9.506712e-008 2.1669
-9.466712e-008 2.1693
-9.426712e-008 2.1719
-9.386712e-008 2.1692
-9.346712e-008 2.1721
-9.306712e-008 2.1737
-9.266712e-008 2.1742
-9.226712e-008 2.1774
-9.186712e-008 2.1758
-9.146712e-008 2.1755
-9.106712e-008 2.1808
-9.066712e-008 2.1803
-9.026712e-008 2.181
-8.986712e-008 2.1813
-8.946712e-008 2.1808
-8.906712e-008 2.1841
-8.866712e-008 2.1812
-8.826712e-008 2.1824
-8.786712e-008 2.1873
-8.746712e-008 2.1855
-8.706712e-008 2.1862
-8.666712e-008 2.1875
-8.626712e-008 2.1893
-8.586712e-008 2.1915
-8.546712e-008 2.1919
-8.506712e-008 2.1925
-8.466712e-008 2.1948
-8.426712e-008 2.1914
-8.386712e-008 2.1951
-8.346712e-008 2.1942
-8.306712e-008 2.1935
-8.266712e-008 2.1967
-8.226712e-008 2.1933
-8.186712e-008 2.1957
-8.146712e-008 2.1966
-8.106712e-008 2.1975
-8.066712e-008 2.1996
-8.026712e-008 2.1995
-7.986712e-008 2.1997
-7.946712e-008 2.2019
-7.906712e-008 2.203
-7.866712e-008 2.2033
-7.826712e-008 2.2017
-7.786712e-008 2.204
-7.746712e-008 2.2004
-7.706712e-008 2.2015
-7.666712e-008 2.2015
-7.626712e-008 2.2015
-7.586712e-008 2.2019
-7.546712e-008 2.2027
-7.506712e-008 2.2009
-7.466712e-008 2.2036
-7.426712e-008 2.2053
-7.386712e-008 2.204
-7.346712e-008 2.2045
-7.306712e-008 2.2042
-7.266712e-008 2.2055
-7.226712e-008 2.2041
-7.186712e-008 2.2045
-7.146712e-008 2.2057
-7.106712e-008 2.2062
-7.066712e-008 2.2062
-7.026712e-008 2.2039
-6.986712e-008 2.2045
-6.946712e-008 2.2047
-6.906712e-008 2.2066
-6.866712e-008 2.205
-6.826712e-008 2.2083
-6.786712e-008 2.2043
-6.746712e-008 2.2057
-6.706712e-008 2.2051
-6.666712e-008 2.2032
-6.626712e-008 2.2045
-6.586712e-008 2.2028
-6.546712e-008 2.2024
-6.506712e-008 2.2041
-6.466712e-008 2.2029
-6.426712e-008 2.2017
-6.386712e-008 2.1975
-6.346712e-008 2.1994
-6.306712e-008 2.1973
-6.266712e-008 2.1945
-6.226712e-008 2.1956
-6.186712e-008 2.1932
-6.146712e-008 2.1934
-6.106712e-008 2.1931
-6.066712e-008 2.191
-6.026712e-008 2.1886
-5.986712e-008 2.187
-5.946712e-008 2.1843
-5.906712e-008 2.1821
-5.866712e-008 2.1815
-5.826712e-008 2.1828
-5.786712e-008 2.1787
-5.746712e-008 2.1776
-5.706712e-008 2.1725
-5.666712e-008 2.1717
-5.626712e-008 2.1692
-5.586712e-008 2.1642
-5.546712e-008 2.1651
-5.506712e-008 2.1592
-5.466712e-008 2.1569
-5.426712e-008 2.1526
-5.386712e-008 2.1495
-5.346712e-008 2.1507
-5.306712e-008 2.1464
-5.266712e-008 2.1437
-5.226712e-008 2.1388
-5.186712e-008 2.1364
-5.146712e-008 2.1316
-5.106712e-008 2.1325
-5.066712e-008 2.1247
-5.026712e-008 2.1256
-4.986712e-008 2.1208
-4.946712e-008 2.121
-4.906712e-008 2.1189
-4.866712e-008 2.115
-4.826712e-008 2.1152
-4.786712e-008 2.1075
-4.746712e-008 2.1041
-4.706712e-008 2.1066
-4.666712e-008 2.1009
-4.626712e-008 2.1004
-4.586712e-008 2.0978
-4.546712e-008 2.0949
-4.506712e-008 2.0949
-4.466712e-008 2.0929
-4.426712e-008 2.0894
-4.386712e-008 2.0906
-4.346712e-008 2.0853
-4.306712e-008 2.0875
-4.266712e-008 2.0844
-4.226712e-008 2.0822
-4.186712e-008 2.0765
-4.146712e-008 2.0791
-4.106712e-008 2.0803
-4.066712e-008 2.0755
-4.026712e-008 2.0776
-3.986712e-008 2.0754
-3.946712e-008 2.0719
-3.906712e-008 2.0725
-3.866712e-008 2.0715
-3.826712e-008 2.07
-3.786712e-008 2.0699
-3.746712e-008 2.0694
-3.706712e-008 2.0713
-3.666712e-008 2.0684
-3.626712e-008 2.0686
-3.586712e-008 2.0662
-3.546712e-008 2.065
-3.506712e-008 2.0656
-3.466712e-008 2.0667
-3.426712e-008 2.0644
-3.386712e-008 2.0651
-3.346712e-008 2.0641
-3.306712e-008 2.0646
-3.266712e-008 2.0649
-3.226712e-008 2.0619
-3.186712e-008 2.0619
-3.146712e-008 2.0633
-3.106712e-008 2.0624
-3.066712e-008 2.0641
-3.026712e-008 2.0609
-2.986712e-008 2.064
-2.946712e-008 2.0631
-2.906712e-008 2.0619
-2.866712e-008 2.062
-2.826712e-008 2.0661
-2.786712e-008 2.0636
-2.746712e-008 2.0623
-2.706712e-008 2.0633
-2.666712e-008 2.0644
-2.626712e-008 2.0682
-2.586712e-008 2.0651
-2.546712e-008 2.0657
-2.506712e-008 2.0688
-2.466712e-008 2.0684
-2.426712e-008 2.0691
-2.386712e-008 2.0745
-2.346712e-008 2.0689
-2.306712e-008 2.0721
-2.266712e-008 2.0747
-2.226712e-008 2.074
-2.186712e-008 2.0782
-2.146712e-008 2.0765
-2.106712e-008 2.0791
-2.066712e-008 2.0812
-2.026712e-008 2.0808
-1.986712e-008 2.0825
-1.946712e-008 2.0832
-1.906712e-008 2.0842
-1.866712e-008 2.0829
-1.826712e-008 2.0889
-1.786712e-008 2.0892
-1.746712e-008 2.0892
-1.706712e-008 2.0937
-1.666712e-008 2.0925
-1.626712e-008 2.0953
-1.586712e-008 2.0971
-1.546712e-008 2.097
-1.506712e-008 2.0977
-1.466712e-008 2.0996
-1.426712e-008 2.1016
-1.386712e-008 2.1023
-1.346712e-008 2.1049
-1.306712e-008 2.106
-1.266712e-008 2.1065
-1.226712e-008 2.1112
-1.186712e-008 2.1117
-1.146712e-008 2.1132
-1.106712e-008 2.1147
-1.066712e-008 2.1148
-1.026712e-008 2.1155
-9.867123e-009 2.1179
-9.467123e-009 2.1216
-9.067123e-009 2.122
-8.667123e-009 2.1207
-8.267123e-009 2.1211
-7.867123e-009 2.1254
-7.467123e-009 2.1268
-7.067123e-009 2.1284
-6.667123e-009 2.1298
-6.267123e-009 2.1322
-5.867123e-009 2.1332
-5.467123e-009 2.1329
-5.067123e-009 2.1382
-4.667123e-009 2.1367
-4.267123e-009 2.1372
-3.867123e-009 2.1402
-3.467123e-009 2.1401
-3.067123e-009 2.1418
-2.667123e-009 2.1441
-2.267123e-009 2.1439
-1.867123e-009 2.1447
-1.467123e-009 2.1487
-1.067123e-009 2.1476
-6.671228e-010 2.1489
-2.671228e-010 2.1505
1.328772e-010 2.1492
5.328772e-010 2.154
9.328772e-010 2.1559
1.332877e-009 2.1577
1.732877e-009 2.1602
2.132877e-009 2.1572
2.532877e-009 2.1585
2.932877e-009 2.1588
3.332877e-009 2.1605
3.732877e-009 2.163
4.132877e-009 2.1643
4.532877e-009 2.1659
4.932877e-009 2.1665
5.332877e-009 2.165
5.732877e-009 2.171
6.132877e-009 2.1678
6.532877e-009 2.1702
6.932877e-009 2.1689
7.332877e-009 2.1716
7.732877e-009 2.1744
8.132877e-009 2.176
8.532877e-009 2.1769
8.932877e-009 2.18
9.332877e-009 2.1771
9.732877e-009 2.179
1.013288e-008 2.1814
1.053288e-008 2.1825
1.093288e-008 2.1833
1.133288e-008 2.1868
1.173288e-008 2.1839
1.213288e-008 2.1865
1.253288e-008 2.1848
1.293288e-008 2.1852
1.333288e-008 2.1887
1.373288e-008 2.1901
1.413288e-008 2.1895
1.453288e-008 2.1925
1.493288e-008 2.1926
1.533288e-008 2.1932
1.573288e-008 2.1953
1.613288e-008 2.197
1.653288e-008 2.1959
1.693288e-008 2.1972
1.733288e-008 2.1975
1.773288e-008 2.1991
1.813288e-008 2.197
1.853288e-008 2.2012
1.893288e-008 2.204
1.933288e-008 2.2005
1.973288e-008 2.2017
2.013288e-008 2.2005
2.053288e-008 2.2036
2.093288e-008 2.2047
2.133288e-008 2.2034
2.173288e-008 2.2041
2.213288e-008 2.2048
2.253288e-008 2.2061
2.293288e-008 2.2063
2.333288e-008 2.2078
2.373288e-008 2.2052
2.413288e-008 2.2055
2.453288e-008 2.211
2.493288e-008 2.2064
2.533288e-008 2.2114
2.573288e-008 2.2079
2.613288e-008 2.2108
2.653288e-008 2.2124
2.693288e-008 2.2089
2.733288e-008 2.2148
2.773288e-008 2.2094
2.813288e-008 2.2133
2.853288e-008 2.2129
2.893288e-008 2.2114
2.933288e-008 2.2137
2.973288e-008 2.2118
3.013288e-008 2.2109
3.053288e-008 2.213
3.093288e-008 2.2119
3.133288e-008 2.2151
3.173288e-008 2.215
3.213288e-008 2.2143
3.253288e-008 2.2111
3.293288e-008 2.2148
3.333288e-008 2.2118
3.373288e-008 2.2148
3.413288e-008 2.2116
3.453288e-008 2.2156
3.493288e-008 2.2133
3.533288e-008 2.2116
3.573288e-008 2.2131
3.613288e-008 2.2115
3.653288e-008 2.2091
3.693288e-008 2.2108
3.733288e-008 2.2095
3.773288e-008 2.211
3.813288e-008 2.2078
3.853288e-008 2.207
3.893288e-008 2.2085
3.933288e-008 2.2066
3.973288e-008 2.2068
4.013288e-008 2.2029
4.053288e-008 2.2016
4.093288e-008 2.2036
4.133288e-008 2.199
4.173288e-008 2.2001
4.213288e-008 2.196
4.253288e-008 2.1924
4.293288e-008 2.1948
4.333288e-008 2.19
4.373288e-008 2.1892
4.413288e-008 2.1899
4.453288e-008 2.1827
4.493288e-008 2.184
4.533288e-008 2.1836
4.573288e-008 2.178
4.613288e-008 2.1756
4.653288e-008 2.175
4.693288e-008 2.1714
4.733288e-008 2.17
4.773288e-008 2.1681
4.813288e-008 2.1651
4.853288e-008 2.1617
4.893288e-008 2.1611
4.933288e-008 2.159
4.973288e-008 2.1508
5.013288e-008 2.1526
5.053288e-008 2.1492
5.093288e-008 2.1465
5.133288e-008 2.1435
5.173288e-008 2.1418
5.213288e-008 2.1378
5.253288e-008 2.1372
5.293288e-008 2.1321
5.333288e-008 2.1347
5.373288e-008 2.1311
5.413288e-008 2.1278
5.453288e-008 2.1267
5.493288e-008 2.1221
5.533288e-008 2.1226
5.573288e-008 2.1188
5.613288e-008 2.1192
5.653288e-008 2.1134
5.693288e-008 2.1144
5.733288e-008 2.1152
5.773288e-008 2.1143
5.813288e-008 2.1099
5.853288e-008 2.1069
5.893288e-008 2.1069
5.933288e-008 2.1055
5.973288e-008 2.1055
6.013288e-008 2.1062
6.053288e-008 2.1039
6.093288e-008 2.1021
6.133288e-008 2.1012
6.173288e-008 2.099
6.213288e-008 2.0997
6.253288e-008 2.0979
6.293288e-008 2.098
6.333288e-008 2.0959
6.373288e-008 2.0919
6.413288e-008 2.0946
6.453288e-008 2.0935
6.493288e-008 2.0937
6.533288e-008 2.0911
6.573288e-008 2.0896
6.613288e-008 2.0883
6.653288e-008 2.088
6.693288e-008 2.0905
6.733288e-008 2.0904
6.773288e-008 2.0878
6.813288e-008 2.0892
6.853288e-008 2.0873
6.893288e-008 2.0864
6.933288e-008 2.0897
6.973288e-008 2.0875
7.013288e-008 2.0848
7.053288e-008 2.0848
7.093288e-008 2.0833
7.133288e-008 2.0852
7.173288e-008 2.0864
7.213288e-008 2.0847
7.253288e-008 2.0849
7.293288e-008 2.0864
7.333288e-008 2.0872
7.373288e-008 2.0854
7.413288e-008 2.0887
7.453288e-008 2.0868
7.493288e-008 2.0884
7.533288e-008 2.0861
7.573288e-008 2.0876
7.613288e-008 2.0919
7.653288e-008 2.0876
7.693288e-008 2.0891
7.733288e-008 2.0919
7.773288e-008 2.0888
7.813288e-008 2.0923
7.853288e-008 2.0921
7.893288e-008 2.093
7.933288e-008 2.0931
7.973288e-008 2.092
8.013288e-008 2.0969
8.053288e-008 2.098
8.093288e-008 2.0999
8.133288e-008 2.0979
8.173288e-008 2.102
8.213288e-008 2.1027
8.253288e-008 2.1034
8.293288e-008 2.1076
8.333288e-008 2.1046
8.373288e-008 2.1057
8.413288e-008 2.1093
8.453288e-008 2.1075
8.493288e-008 2.1098
8.533288e-008 2.112
8.573288e-008 2.1122
8.613288e-008 2.116
8.653288e-008 2.1144
8.693288e-008 2.1169
8.733288e-008 2.1168
8.773288e-008 2.1194
8.813288e-008 2.1212
8.853288e-008 2.1236
8.893288e-008 2.1225
8.933288e-008 2.1247
8.973288e-008 2.124
9.013288e-008 2.1274
9.053288e-008 2.1285
9.093288e-008 2.1288
9.133288e-008 2.1278
9.173288e-008 2.1345
9.213288e-008 2.1348
9.253288e-008 2.1343
9.293288e-008 2.1384
9.333288e-008 2.1389
9.373288e-008 2.1367
9.413288e-008 2.1381
9.453288e-008 2.14
9.493288e-008 2.1392
9.533288e-008 2.1431
9.573288e-008 2.1416
9.613288e-008 2.1447
9.653288e-008 2.1453
9.693288e-008 2.1496
9.733288e-008 2.1493
9.773288e-008 2.1508
9.813288e-008 2.1477
9.853288e-008 2.1491
9.893288e-008 2.1524
9.933288e-008 2.1525
9.973288e-008 2.1535
1.001329e-007 2.1535
1.005329e-007 2.1565
1.009329e-007 2.1564
1.013329e-007 2.159
1.017329e-007 2.1619
1.021329e-007 2.1602
1.025329e-007 2.162
1.029329e-007 2.1637
1.033329e-007 2.1635
1.037329e-007 2.167
1.041329e-007 2.1684
1.045329e-007 2.166
1.049329e-007 2.1678
1.053329e-007 2.1647
1.057329e-007 2.1676
1.061329e-007 2.1721
1.065329e-007 2.172
1.069329e-007 2.1744
1.073329e-007 2.1755
1.077329e-007 2.1735
1.081329e-007 2.1803
1.085329e-007 2.1752
1.089329e-007 2.1789
1.093329e-007 2.1834
1.097329e-007 2.1781
1.101329e-007 2.1798
1.105329e-007 2.1789
1.109329e-007 2.1793
1.113329e-007 2.1841
1.117329e-007 2.1834
1.121329e-007 2.1852
1.125329e-007 2.1837
1.129329e-007 2.19
1.133329e-007 2.1877
1.137329e-007 2.1916
1.141329e-007 2.1905
1.145329e-007 2.1918
1.149329e-007 2.1932
1.153329e-007 2.1899
1.157329e-007 2.1939
1.161329e-007 2.1937
1.165329e-007 2.195
1.169329e-007 2.1907
1.173329e-007 2.1938
1.177329e-007 2.1959
1.181329e-007 2.1951
1.185329e-007 2.1953
1.189329e-007 2.1962
1.193329e-007 2.199
1.197329e-007 2.1991
1.201329e-007 2.199
1.205329e-007 2.2005
1.209329e-007 2.1982
1.213329e-007 2.2026
1.217329e-007 2.2008
1.221329e-007 2.2056
1.225329e-007 2.2011
1.229329e-007 2.2031
1.233329e-007 2.2039
1.237329e-007 2.2041
1.241329e-007 2.2048
1.245329e-007 2.2077
1.249329e-007 2.2066
1.253329e-007 2.2045
1.257329e-007 2.2068
1.261329e-007 2.2074
1.265329e-007 2.2082
1.269329e-007 2.2072
1.273329e-007 2.2079
1.277329e-007 2.2074
1.281329e-007 2.2073
1.285329e-007 2.211
1.289329e-007 2.2079
1.293329e-007 2.2072
1.297329e-007 2.2072
1.301329e-007 2.2042
1.305329e-007 2.2081
1.309329e-007 2.2079
1.313329e-007 2.2059
1.317329e-007 2.2112
1.321329e-007 2.2085
1.325329e-007 2.2061
1.329329e-007 2.2093
1.333329e-007 2.2066
1.337329e-007 2.2077
1.341329e-007 2.206
1.345329e-007 2.2076
1.349329e-007 2.2055
1.353329e-007 2.205
1.357329e-007 2.2026
1.361329e-007 2.2009
1.365329e-007 2.2032
1.369329e-007 2.1997
1.373329e-007 2.2026
1.377329e-007 2.196
1.381329e-007 2.199
1.385329e-007 2.1974
1.389329e-007 2.1943
1.393329e-007 2.1959
1.397329e-007 2.1914
1.401329e-007 2.1872
1.405329e-007 2.1892
1.409329e-007 2.1869
1.413329e-007 2.1842
1.417329e-007 2.1839
1.421329e-007 2.1826
1.425329e-007 2.1793
1.429329e-007 2.1751
1.433329e-007 2.1753
1.437329e-007 2.1711
1.441329e-007 2.1683
1.445329e-007 2.1655
1.449329e-007 2.1642
1.453329e-007 2.1585
1.457329e-007 2.1566
1.461329e-007 2.1526
1.465329e-007 2.1492
1.469329e-007 2.1457
1.473329e-007 2.1459
1.477329e-007 2.1419
1.481329e-007 2.1375
1.485329e-007 2.1333
1.489329e-007 2.1315
1.493329e-007 2.1262
1.497329e-007 2.127
1.501329e-007 2.1213
1.505329e-007 2.1203
1.509329e-007 2.1159
1.513329e-007 2.1158
1.517329e-007 2.1115
1.521329e-007 2.1073
1.525329e-007 2.1076
1.529329e-007 2.1034
1.533329e-007 2.1028
1.537329e-007 2.0968
1.541329e-007 2.0986
1.545329e-007 2.0956
1.549329e-007 2.0894
1.553329e-007 2.0915
1.557329e-007 2.0875
1.561329e-007 2.0861
1.565329e-007 2.0854
1.569329e-007 2.0803
1.573329e-007 2.0818
1.577329e-007 2.082
1.581329e-007 2.0799
1.585329e-007 2.0782
1.589329e-007 2.0759
1.593329e-007 2.075
1.597329e-007 2.0714
1.601329e-007 2.0737
1.605329e-007 2.0688
1.609329e-007 2.0721
1.613329e-007 2.0669
1.617329e-007 2.0677
1.621329e-007 2.0648
1.625329e-007 2.0648
1.629329e-007 2.0641
1.633329e-007 2.0635
1.637329e-007 2.0651
1.641329e-007 2.0626
1.645329e-007 2.0627
1.649329e-007 2.0621
1.653329e-007 2.0593
1.657329e-007 2.0596
1.661329e-007 2.0592
1.665329e-007 2.0616
1.669329e-007 2.06
1.673329e-007 2.0601
1.677329e-007 2.0578
1.681329e-007 2.0585
1.685329e-007 2.057
1.689329e-007 2.0578
1.693329e-007 2.059
1.697329e-007 2.0573
1.701329e-007 2.0593
1.705329e-007 2.0585
1.709329e-007 2.0581
1.713329e-007 2.0586
1.717329e-007 2.059
1.721329e-007 2.0586
1.725329e-007 2.0549
1.729329e-007 2.0587
1.733329e-007 2.059
1.737329e-007 2.0592
1.741329e-007 2.0608
1.745329e-007 2.0576
1.749329e-007 2.0614
1.753329e-007 2.0653
1.757329e-007 2.0617
1.761329e-007 2.0648
1.765329e-007 2.0626
1.769329e-007 2.0665
1.773329e-007 2.0658
1.777329e-007 2.0684
1.781329e-007 2.068
1.785329e-007 2.0715
1.789329e-007 2.0699
1.793329e-007 2.071
1.797329e-007 2.0732
1.801329e-007 2.0699
1.805329e-007 2.0751
1.809329e-007 2.0771
1.813329e-007 2.077
1.817329e-007 2.0798
1.821329e-007 2.0803
1.825329e-007 2.0829
1.829329e-007 2.0873
1.833329e-007 2.0842
1.837329e-007 2.0852
1.841329e-007 2.0902
1.845329e-007 2.0866
1.849329e-007 2.0916
1.853329e-007 2.094
1.857329e-007 2.0948
1.861329e-007 2.0964
1.865329e-007 2.0988
1.869329e-007 2.0963
1.873329e-007 2.1004
1.877329e-007 2.1037
1.881329e-007 2.1043
1.885329e-007 2.1065
1.889329e-007 2.1086
1.893329e-007 2.1096
1.897329e-007 2.1085
1.901329e-007 2.1116
1.905329e-007 2.1137
1.909329e-007 2.1138
1.913329e-007 2.1152
1.917329e-007 2.1198
1.921329e-007 2.1204
1.925329e-007 2.1183
1.929329e-007 2.1209
1.933329e-007 2.1221
1.937329e-007 2.1232
1.941329e-007 2.1239
1.945329e-007 2.1292
1.949329e-007 2.1284
1.953329e-007 2.1284
1.957329e-007 2.1312
1.961329e-007 2.1312
1.965329e-007 2.1341
1.969329e-007 2.1377
1.973329e-007 2.1352
1.977329e-007 2.1404
1.981329e-007 2.137
1.985329e-007 2.1389
1.989329e-007 2.1426
1.993329e-007 2.1418
1.997329e-007 2.1428
2.001329e-007 2.1449
2.005329e-007 2.1478
2.009329e-007 2.1492
2.013329e-007 2.1486
2.017329e-007 2.1537
2.021329e-007 2.1529
2.025329e-007 2.1499
2.029329e-007 2.1526
2.033329e-007 2.1543
2.037329e-007 2.1578
2.041329e-007 2.1592
2.045329e-007 2.1625
2.049329e-007 2.1563
2.053329e-007 2.1605
2.057329e-007 2.1625
2.061329e-007 2.1594
2.065329e-007 2.1626
2.069329e-007 2.1628
2.073329e-007 2.164
2.077329e-007 2.1675
2.081329e-007 2.1683
2.085329e-007 2.172
2.089329e-007 2.1718
2.093329e-007 2.172
2.097329e-007 2.1741
2.101329e-007 2.1759
2.105329e-007 2.1797
2.109329e-007 2.1783
2.113329e-007 2.1785
2.117329e-007 2.1797
2.121329e-007 2.1788
2.125329e-007 2.1819
2.129329e-007 2.1831
2.133329e-007 2.1813
2.137329e-007 2.1884
2.141329e-007 2.1876
2.145329e-007 2.1861
2.149329e-007 2.191
2.153329e-007 2.1888
2.157329e-007 2.1898
2.161329e-007 2.1927
2.165329e-007 2.1904
2.169329e-007 2.191
2.173329e-007 2.1951
2.177329e-007 2.1926
2.181329e-007 2.1938
2.185329e-007 2.1947
2.189329e-007 2.1931
2.193329e-007 2.1971
2.197329e-007 2.1955
2.201329e-007 2.1979
2.205329e-007 2.202
2.209329e-007 2.1995
2.213329e-007 2.2005
2.217329e-007 2.2028
2.221329e-007 2.202
2.225329e-007 2.2024
2.229329e-007 2.2017
2.233329e-007 2.2022
2.237329e-007 2.2037
2.241329e-007 2.2018
2.245329e-007 2.2033
2.249329e-007 2.2043
2.253329e-007 2.2057
2.257329e-007 2.2079
2.261329e-007 2.2061
2.265329e-007 2.2065
2.269329e-007 2.2074
2.273329e-007 2.2099
2.277329e-007 2.2041
2.281329e-007 2.2098
2.285329e-007 2.2075
2.289329e-007 2.2081
2.293329e-007 2.2082
2.297329e-007 2.21
2.301329e-007 2.2079
2.305329e-007 2.2094
2.309329e-007 2.2108
2.313329e-007 2.2083
2.317329e-007 2.2108
2.321329e-007 2.2106
2.325329e-007 2.2096
2.329329e-007 2.2128
2.333329e-007 2.2095
2.337329e-007 2.2086
2.341329e-007 2.2104
2.345329e-007 2.21
2.349329e-007 2.2081
2.353329e-007 2.2091
2.357329e-007 2.2081
2.361329e-007 2.2085
2.365329e-007 2.2087
2.369329e-007 2.2062
2.373329e-007 2.2068
2.377329e-007 2.2069
2.381329e-007 2.2039
2.385329e-007 2.2076
2.389329e-007 2.2039
2.393329e-007 2.2052
2.397329e-007 2.2011
2.401329e-007 2.2001
2.405329e-007 2.1989
2.409329e-007 2.1969
2.413329e-007 2.1989
2.417329e-007 2.1961
2.421329e-007 2.1922
2.425329e-007 2.1935
2.429329e-007 2.1871
2.433329e-007 2.1876
2.437329e-007 2.1848
2.441329e-007 2.1829
2.445329e-007 2.1815
2.449329e-007 2.1817
2.453329e-007 2.1805
2.457329e-007 2.1782
2.461329e-007 2.172
2.465329e-007 2.1744
2.469329e-007 2.1689
2.473329e-007 2.1658
2.477329e-007 2.1645
2.481329e-007 2.1628
2.485329e-007 2.158
2.489329e-007 2.1587
2.493329e-007 2.1533
2.497329e-007 2.1522
2.501329e-007 2.1509
2.505329e-007 2.1456
2.509329e-007 2.144
2.513329e-007 2.1399
2.517329e-007 2.1382
2.521329e-007 2.1398
2.525329e-007 2.1332
2.529329e-007 2.1341
2.533329e-007 2.1309
2.537329e-007 2.1308
2.541329e-007 2.1279
2.545329e-007 2.1277
2.549329e-007 2.1241
2.553329e-007 2.1232
2.557329e-007 2.1206
2.561329e-007 2.1185
2.565329e-007 2.1161
2.569329e-007 2.1176
2.573329e-007 2.1137
2.577329e-007 2.11
2.581329e-007 2.1118
2.585329e-007 2.1082
2.589329e-007 2.1056
2.593329e-007 2.1058
2.597329e-007 2.1063
2.601329e-007 2.1038
2.605329e-007 2.1032
2.609329e-007 2.104
2.613329e-007 2.0958
2.617329e-007 2.0994
2.621329e-007 2.098
2.625329e-007 2.0972
2.629329e-007 2.0969
2.633329e-007 2.0935
2.637329e-007 2.0969
2.641329e-007 2.0948
2.645329e-007 2.0928
2.649329e-007 2.0925
2.653329e-007 2.0948
2.657329e-007 2.0923
2.661329e-007 2.0885
2.665329e-007 2.0932
2.669329e-007 2.0875
2.673329e-007 2.0921
2.677329e-007 2.0892
2.681329e-007 2.088
2.685329e-007 2.0902
2.689329e-007 2.087
2.693329e-007 2.088
2.697329e-007 2.086
2.701329e-007 2.0857
2.705329e-007 2.0873
2.709329e-007 2.0871
2.713329e-007 2.0867
2.717329e-007 2.0858
2.721329e-007 2.0862
2.725329e-007 2.0866
2.729329e-007 2.0916
2.733329e-007 2.09
2.737329e-007 2.087
2.741329e-007 2.0878
2.745329e-007 2.0898
2.749329e-007 2.0876
2.753329e-007 2.0902
2.757329e-007 2.0921
2.761329e-007 2.0901
2.765329e-007 2.0903
2.769329e-007 2.0955
2.773329e-007 2.092
2.777329e-007 2.0944
2.781329e-007 2.0923
2.785329e-007 2.0962
2.789329e-007 2.0982
2.793329e-007 2.099
2.797329e-007 2.099
2.801329e-007 2.0988
2.805329e-007 2.0991
2.809329e-007 2.1019
2.813329e-007 2.1018
2.817329e-007 2.1019
2.821329e-007 2.1032
2.825329e-007 2.1049
2.829329e-007 2.1087
2.833329e-007 2.1082
2.837329e-007 2.1102
2.841329e-007 2.1121
2.845329e-007 2.1109
2.849329e-007 2.1112
2.853329e-007 2.1145
2.857329e-007 2.1169
2.861329e-007 2.117
2.865329e-007 2.1179
2.869329e-007 2.1178
2.873329e-007 2.1203
2.877329e-007 2.1236
2.881329e-007 2.1235
2.885329e-007 2.1254
2.889329e-007 2.125
2.893329e-007 2.1286
2.897329e-007 2.1268
2.901329e-007 2.1305
2.905329e-007 2.1303
2.909329e-007 2.1291
2.913329e-007 2.1331
2.917329e-007 2.1325
2.921329e-007 2.1348
2.925329e-007 2.135
2.929329e-007 2.1348
2.933329e-007 2.1381
2.937329e-007 2.1369
2.941329e-007 2.1398
2.945329e-007 2.1404
2.949329e-007 2.1423
2.953329e-007 2.1439
2.957329e-007 2.1456
2.961329e-007 2.148
2.965329e-007 2.1471
2.969329e-007 2.1476
2.973329e-007 2.1485
2.977329e-007 2.1503
2.981329e-007 2.151
2.985329e-007 2.1512
2.989329e-007 2.1535
2.993329e-007 2.1572
2.997329e-007 2.1561
3.001329e-007 2.1551
3.005329e-007 2.1573
3.009329e-007 2.1591
3.013329e-007 2.1583
3.017329e-007 2.1622
3.021329e-007 2.1603
3.025329e-007 2.1623
3.029329e-007 2.1645
3.033329e-007 2.1658
3.037329e-007 2.1671
3.041329e-007 2.1679
3.045329e-007 2.1689
3.049329e-007 2.1679
3.053329e-007 2.1696
3.057329e-007 2.1687
3.061329e-007 2.1708
3.065329e-007 2.173
3.069329e-007 2.1759
3.073329e-007 2.1761
3.077329e-007 2.1785
3.081329e-007 2.1801
3.085329e-007 2.1797
3.089329e-007 2.181
3.093329e-007 2.1834
3.097329e-007 2.1831
3.101329e-007 2.1805
3.105329e-007 2.182
3.109329e-007 2.1824
3.113329e-007 2.1844
3.117329e-007 2.1847
3.121329e-007 2.1833
3.125329e-007 2.1885
3.129329e-007 2.1892
3.133329e-007 2.1901
3.137329e-007 2.19
3.141329e-007 2.1913
3.145329e-007 2.1932
3.149329e-007 2.1936
3.153329e-007 2.1939
3.157329e-007 2.1912
3.161329e-007 2.1972
3.165329e-007 2.196
3.169329e-007 2.1946
3.173329e-007 2.1986
3.177329e-007 2.1959
3.181329e-007 2.1974
3.185329e-007 2.199
3.189329e-007 2.201
3.193329e-007 2.2012
3.197329e-007 2.2011
3.201329e-007 2.2027
3.205329e-007 2.2025
3.209329e-007 2.2019
3.213329e-007 2.207
3.217329e-007 2.2033
3.221329e-007 2.2054
3.225329e-007 2.2025
3.229329e-007 2.2044
3.233329e-007 2.2049
3.237329e-007 2.2038
3.241329e-007 2.2036
3.245329e-007 2.2069
3.249329e-007 2.2028
3.253329e-007 2.2048
3.257329e-007 2.209
3.261329e-007 2.2102
3.265329e-007 2.2076
3.269329e-007 2.2055
3.273329e-007 2.2074
3.277329e-007 2.2093
3.281329e-007 2.2095
3.285329e-007 2.2077
3.289329e-007 2.2098
3.293329e-007 2.209
3.297329e-007 2.2085
3.301329e-007 2.2093
3.305329e-007 2.2067
3.309329e-007 2.2098
3.313329e-007 2.2085
3.317329e-007 2.2062
3.321329e-007 2.2093
3.325329e-007 2.2079
3.329329e-007 2.2068
3.333329e-007 2.2076
3.337329e-007 2.2059
3.341329e-007 2.2044
3.345329e-007 2.2028
3.349329e-007 2.2036
3.353329e-007 2.201
3.357329e-007 2.2009
3.361329e-007 2.2031
3.365329e-007 2.2003
3.369329e-007 2.2006
3.373329e-007 2.1977
3.377329e-007 2.2004
3.381329e-007 2.1967
3.385329e-007 2.1968
3.389329e-007 2.1951
3.393329e-007 2.1918
3.397329e-007 2.1921
3.401329e-007 2.1894
3.405329e-007 2.1874
3.409329e-007 2.1833
3.413329e-007 2.1828
3.417329e-007 2.1806
3.421329e-007 2.1761
3.425329e-007 2.1784
3.429329e-007 2.1749
3.433329e-007 2.1696
3.437329e-007 2.1677
3.441329e-007 2.1669
3.445329e-007 2.1656
3.449329e-007 2.1617
3.453329e-007 2.1583
3.457329e-007 2.1526
3.461329e-007 2.1537
3.465329e-007 2.1481
3.469329e-007 2.1414
3.473329e-007 2.1449
3.477329e-007 2.1365
3.481329e-007 2.1386
3.485329e-007 2.1321
3.489329e-007 2.1296
3.493329e-007 2.1278
3.497329e-007 2.122
3.501329e-007 2.1228
3.505329e-007 2.1165
3.509329e-007 2.1147
3.513329e-007 2.1137
3.517329e-007 2.1074
3.521329e-007 2.1094
3.525329e-007 2.1061
3.529329e-007 2.1019
3.533329e-007 2.0993
3.537329e-007 2.101
3.541329e-007 2.093
3.545329e-007 2.0974
3.549329e-007 2.0911
3.553329e-007 2.0865
3.557329e-007 2.0894
3.561329e-007 2.087
3.565329e-007 2.0813
3.569329e-007 2.0823
3.573329e-007 2.0807
3.577329e-007 2.0794
3.581329e-007 2.0773
3.585329e-007 2.0798
3.589329e-007 2.0743
3.593329e-007 2.0727
3.597329e-007 2.0725
3.601329e-007 2.0695
3.605329e-007 2.0693
3.609329e-007 2.0711
3.613329e-007 2.0672
3.617329e-007 2.0671
3.621329e-007 2.0687
3.625329e-007 2.0659
3.629329e-007 2.0663
3.633329e-007 2.0673
3.637329e-007 2.0662
3.641329e-007 2.0666
3.645329e-007 2.0651
3.649329e-007 2.0629
3.653329e-007 2.0636
3.657329e-007 2.0638
3.661329e-007 2.0611
3.665329e-007 2.0628
3.669329e-007 2.06
3.673329e-007 2.0627
3.677329e-007 2.0613
3.681329e-007 2.0602
3.685329e-007 2.0637
3.689329e-007 2.0619
3.693329e-007 2.062
3.697329e-007 2.0634
3.701329e-007 2.0615
3.705329e-007 2.0614
3.709329e-007 2.064
3.713329e-007 2.0618
3.717329e-007 2.0615
3.721329e-007 2.0634
3.725329e-007 2.0632
3.729329e-007 2.067
3.733329e-007 2.0661
3.737329e-007 2.0668
3.741329e-007 2.065
3.745329e-007 2.067
3.749329e-007 2.0659
3.753329e-007 2.07
3.757329e-007 2.0715
3.761329e-007 2.0717
3.765329e-007 2.0724
3.769329e-007 2.0732
3.773329e-007 2.0719
3.777329e-007 2.0729
3.781329e-007 2.0768
3.785329e-007 2.074
3.789329e-007 2.0773
3.793329e-007 2.08
3.797329e-007 2.0798
3.801329e-007 2.0825
3.805329e-007 2.0823
3.809329e-007 2.0829
3.813329e-007 2.0839
3.817329e-007 2.0878
3.821329e-007 2.0872
3.825329e-007 2.0919
3.829329e-007 2.0922
3.833329e-007 2.0949
3.837329e-007 2.0944
3.841329e-007 2.0954
3.845329e-007 2.0976
3.849329e-007 2.101
3.853329e-007 2.1048
3.857329e-007 2.1029
3.861329e-007 2.1032
3.865329e-007 2.1073
3.869329e-007 2.1073
3.873329e-007 2.1092
3.877329e-007 2.1136
3.881329e-007 2.1107
3.885329e-007 2.1129
3.889329e-007 2.1155
3.893329e-007 2.1148
3.897329e-007 2.1193
3.901329e-007 2.1192
3.905329e-007 2.1225
3.909329e-007 2.1222
3.913329e-007 2.1234
3.917329e-007 2.1252
3.921329e-007 2.1257
3.925329e-007 2.1282
3.929329e-007 2.1311
3.933329e-007 2.1297
3.937329e-007 2.1339
3.941329e-007 2.133
3.945329e-007 2.1359
3.949329e-007 2.1363
3.953329e-007 2.1383
3.957329e-007 2.1429
3.961329e-007 2.1423
3.965329e-007 2.1448
3.969329e-007 2.1412
3.973329e-007 2.1488
3.977329e-007 2.147
3.981329e-007 2.15
3.985329e-007 2.1533
3.989329e-007 2.148
3.993329e-007 2.1545
3.997329e-007 2.1531
4.001329e-007 2.1538
4.005329e-007 2.1562
4.009329e-007 2.1569
4.013329e-007 2.1591
4.017329e-007 2.1627
4.021329e-007 2.1594
4.025329e-007 2.1612
4.029329e-007 2.1643
4.033329e-007 2.1643
4.037329e-007 2.1651
4.041329e-007 2.1705
4.045329e-007 2.1668
4.049329e-007 2.1699
4.053329e-007 2.1706
4.057329e-007 2.1701
4.061329e-007 2.1755
4.065329e-007 2.1727
4.069329e-007 2.1745
4.073329e-007 2.1795
4.077329e-007 2.1755
4.081329e-007 2.1792
4.085329e-007 2.1796
4.089329e-007 2.1817
4.093329e-007 2.1861
4.097329e-007 2.184
4.101329e-007 2.1839
4.105329e-007 2.1849
4.109329e-007 2.1855
4.113329e-007 2.188
4.117329e-007 2.1853
4.121329e-007 2.1884
4.125329e-007 2.1863
4.129329e-007 2.1902
4.133329e-007 2.1906
4.137329e-007 2.1893
4.141329e-007 2.1925
4.145329e-007 2.1962
4.149329e-007 2.1958
4.153329e-007 2.197
4.157329e-007 2.1951
4.161329e-007 2.1971
4.165329e-007 2.2001
4.169329e-007 2.2016
4.173329e-007 2.2018
4.177329e-007 2.1991
4.181329e-007 2.1997
4.185329e-007 2.2011
4.189329e-007 2.2023
4.193329e-007 2.2031
4.197329e-007 2.2042
4.201329e-007 2.2048
4.205329e-007 2.2078
4.209329e-007 2.2064
4.213329e-007 2.2058
4.217329e-007 2.2092
4.221329e-007 2.2075
4.225329e-007 2.209
4.229329e-007 2.2061
4.233329e-007 2.2129
4.237329e-007 2.212
4.241329e-007 2.2104
4.245329e-007 2.2103
4.249329e-007 2.2096
4.253329e-007 2.2113
4.257329e-007 2.2126
4.261329e-007 2.2112
4.265329e-007 2.2147
4.269329e-007 2.2129
4.273329e-007 2.2151
4.277329e-007 2.2149
4.281329e-007 2.2151
4.285329e-007 2.2143
4.289329e-007 2.2151
4.293329e-007 2.2163
4.297329e-007 2.2133
4.301329e-007 2.2142
4.305329e-007 2.2144
4.309329e-007 2.2134
4.313329e-007 2.2152
4.317329e-007 2.214
4.321329e-007 2.2147
4.325329e-007 2.2183
4.329329e-007 2.2146
4.333329e-007 2.2154
4.337329e-007 2.2158
4.341329e-007 2.2174
4.345329e-007 2.2197
4.349329e-007 2.2123
4.353329e-007 2.2151
4.357329e-007 2.2151
4.361329e-007 2.2128
4.365329e-007 2.2121
4.369329e-007 2.2138
4.373329e-007 2.2112
4.377329e-007 2.2128
4.381329e-007 2.212
4.385329e-007 2.2088
4.389329e-007 2.2099
4.393329e-007 2.2064
4.397329e-007 2.208
4.401329e-007 2.2053
4.405329e-007 2.2029
4.409329e-007 2.2022
4.413329e-007 2.2006
4.417329e-007 2.1992
4.421329e-007 2.2002
4.425329e-007 2.196
4.429329e-007 2.194
4.433329e-007 2.1916
4.437329e-007 2.191
4.441329e-007 2.1893
4.445329e-007 2.1886
4.449329e-007 2.1847
4.453329e-007 2.1814
4.457329e-007 2.1816
4.461329e-007 2.1765
4.465329e-007 2.1772
4.469329e-007 2.1744
4.473329e-007 2.1729
4.477329e-007 2.1666
4.481329e-007 2.1682
4.485329e-007 2.1631
4.489329e-007 2.1628
4.493329e-007 2.1615
4.497329e-007 2.1544
4.501329e-007 2.1519
4.505329e-007 2.1518
4.509329e-007 2.1481
4.513329e-007 2.1483
4.517329e-007 2.1437
4.521329e-007 2.1409
4.525329e-007 2.1392
4.529329e-007 2.1391
4.533329e-007 2.1348
4.537329e-007 2.1346
4.541329e-007 2.1295
4.545329e-007 2.1279
4.549329e-007 2.1241
4.553329e-007 2.1246
4.557329e-007 2.1234
4.561329e-007 2.1231
4.565329e-007 2.1203
4.569329e-007 2.1176
4.573329e-007 2.1182
4.577329e-007 2.1155
4.581329e-007 2.1145
4.585329e-007 2.1114
4.589329e-007 2.1124
4.593329e-007 2.1096
4.597329e-007 2.1072
4.601329e-007 2.1077
4.605329e-007 2.1035
4.609329e-007 2.1038
4.613329e-007 2.1017
4.617329e-007 2.1006
4.621329e-007 2.1023
4.625329e-007 2.0982
4.629329e-007 2.099
4.633329e-007 2.097
4.637329e-007 2.0937
4.641329e-007 2.0984
4.645329e-007 2.0957
4.649329e-007 2.096
4.653329e-007 2.0954
4.657329e-007 2.0937
4.661329e-007 2.0922
4.665329e-007 2.091
4.669329e-007 2.0918
4.673329e-007 2.0882
4.677329e-007 2.0893
4.681329e-007 2.0898
4.685329e-007 2.0877
4.689329e-007 2.0888
4.693329e-007 2.0874
4.697329e-007 2.0901
4.701329e-007 2.0902
4.705329e-007 2.0864
4.709329e-007 2.0863
4.713329e-007 2.0854
4.717329e-007 2.0837
4.721329e-007 2.0873
4.725329e-007 2.083
4.729329e-007 2.0848
4.733329e-007 2.0842
4.737329e-007 2.0883
4.741329e-007 2.0853
4.745329e-007 2.0852
4.749329e-007 2.0861
4.753329e-007 2.0844
4.757329e-007 2.0885
4.761329e-007 2.0885
4.765329e-007 2.0883
4.769329e-007 2.0916
4.773329e-007 2.0908
4.777329e-007 2.0904
4.781329e-007 2.0894
4.785329e-007 2.0911
4.789329e-007 2.0943
4.793329e-007 2.0912
4.797329e-007 2.0938
4.801329e-007 2.0972
4.805329e-007 2.0948
4.809329e-007 2.1006
4.813329e-007 2.0967
4.817329e-007 2.099
4.821329e-007 2.1013
4.825329e-007 2.1011
4.829329e-007 2.1036
4.833329e-007 2.1078
4.837329e-007 2.107
4.841329e-007 2.1084
4.845329e-007 2.1071
4.849329e-007 2.1115
4.853329e-007 2.1094
4.857329e-007 2.1123
4.861329e-007 2.1144
4.865329e-007 2.1132
4.869329e-007 2.1148
4.873329e-007 2.1153
4.877329e-007 2.1176
4.881329e-007 2.1178
4.885329e-007 2.12
4.889329e-007 2.1224
4.893329e-007 2.1235
4.897329e-007 2.1281
4.901329e-007 2.1243
4.905329e-007 2.1243
4.909329e-007 2.1274
4.913329e-007 2.1279
4.917329e-007 2.1292
4.921329e-007 2.1322
4.925329e-007 2.1304
4.929329e-007 2.1319
4.933329e-007 2.1358
4.937329e-007 2.1363
4.941329e-007 2.1323
4.945329e-007 2.1387
4.949329e-007 2.1358
4.953329e-007 2.139
4.957329e-007 2.1396
4.961329e-007 2.1411
4.965329e-007 2.1399
4.969329e-007 2.1431
4.973329e-007 2.144
4.977329e-007 2.1464
4.981329e-007 2.1483
4.985329e-007 2.148
4.989329e-007 2.1508
4.993329e-007 2.1526
4.997329e-007 2.1544
5.001329e-007 2.1548
5.005329e-007 2.1512
5.009329e-007 2.1538
5.013329e-007 2.1578
5.017329e-007 2.1601
5.021329e-007 2.1601
5.025329e-007 2.1589
5.029329e-007 2.16
5.033329e-007 2.1591
5.037329e-007 2.1667
5.041329e-007 2.1655
5.045329e-007 2.1626
5.049329e-007 2.1641
5.053329e-007 2.1622
5.057329e-007 2.1628
5.061329e-007 2.1691
5.065329e-007 2.1673
5.069329e-007 2.171
5.073329e-007 2.1742
5.077329e-007 2.1732
5.081329e-007 2.1743
5.085329e-007 2.1767
5.089329e-007 2.1778
5.093329e-007 2.1797
5.097329e-007 2.1822
5.101329e-007 2.1787
5.105329e-007 2.1807
5.109329e-007 2.1792
5.113329e-007 2.1782
5.117329e-007 2.1793
5.121329e-007 2.1818
5.125329e-007 2.1827
5.129329e-007 2.1835
5.133329e-007 2.186
5.137329e-007 2.1872
5.141329e-007 2.1865
5.145329e-007 2.1911
5.149329e-007 2.1899
5.153329e-007 2.1952
5.157329e-007 2.1908
5.161329e-007 2.1928
5.165329e-007 2.1911
5.169329e-007 2.1958
5.173329e-007 2.1929
5.177329e-007 2.1938
5.181329e-007 2.1962
5.185329e-007 2.1948
5.189329e-007 2.1934
5.193329e-007 2.196
5.197329e-007 2.1964
5.201329e-007 2.1959
5.205329e-007 2.1988
5.209329e-007 2.1997
5.213329e-007 2.1985
5.217329e-007 2.2007
5.221329e-007 2.1998
5.225329e-007 2.2029
5.229329e-007 2.2035
5.233329e-007 2.2045
5.237329e-007 2.2053
5.241329e-007 2.2027
5.245329e-007 2.2025
5.249329e-007 2.2053
5.253329e-007 2.2036
5.257329e-007 2.2041
5.261329e-007 2.2043
5.265329e-007 2.204
5.269329e-007 2.2035
5.273329e-007 2.2041
5.277329e-007 2.204
5.281329e-007 2.2048
5.285329e-007 2.2041
5.289329e-007 2.2047
5.293329e-007 2.205
5.297329e-007 2.2073
5.301329e-007 2.2079
5.305329e-007 2.2072
5.309329e-007 2.2056
5.313329e-007 2.2062
5.317329e-007 2.2089
5.321329e-007 2.2048
5.325329e-007 2.2051
5.329329e-007 2.2058
5.333329e-007 2.2021
5.337329e-007 2.2037
5.341329e-007 2.2007
5.345329e-007 2.201
5.349329e-007 2.2011
5.353329e-007 2.1982
5.357329e-007 2.1999
5.361329e-007 2.2015
5.365329e-007 2.1962
5.369329e-007 2.2028
5.373329e-007 2.197
5.377329e-007 2.195
5.381329e-007 2.1956
5.385329e-007 2.1974
5.389329e-007 2.192
5.393329e-007 2.1927
5.397329e-007 2.19
5.401329e-007 2.187
5.405329e-007 2.186
5.409329e-007 2.1826
5.413329e-007 2.1787
5.417329e-007 2.1768
5.421329e-007 2.1743
5.425329e-007 2.1732
5.429329e-007 2.1721
5.433329e-007 2.1675
5.437329e-007 2.1668
5.441329e-007 2.1673
5.445329e-007 2.1612
5.449329e-007 2.1618
5.453329e-007 2.157
5.457329e-007 2.1533
5.461329e-007 2.1506
5.465329e-007 2.1511
5.469329e-007 2.145
5.473329e-007 2.1419
5.477329e-007 2.1385
5.481329e-007 2.1336
5.485329e-007 2.1328
5.489329e-007 2.13
5.493329e-007 2.1256
5.497329e-007 2.1213
5.501329e-007 2.1181
5.505329e-007 2.1205
5.509329e-007 2.1144
5.513329e-007 2.1143
5.517329e-007 2.1108
5.521329e-007 2.1071
5.525329e-007 2.1087
5.529329e-007 2.1034
5.533329e-007 2.1038
5.537329e-007 2.099
5.541329e-007 2.0972
5.545329e-007 2.0954
5.549329e-007 2.0938
5.553329e-007 2.0908
5.557329e-007 2.0876
5.561329e-007 2.0865
5.565329e-007 2.0842
5.569329e-007 2.0832
5.573329e-007 2.0826
5.577329e-007 2.0789
5.581329e-007 2.0781
5.585329e-007 2.0773
5.589329e-007 2.0741
5.593329e-007 2.0775
5.597329e-007 2.0749
5.601329e-007 2.0727
5.605329e-007 2.069
5.609329e-007 2.0698
5.613329e-007 2.0699
5.617329e-007 2.068
5.621329e-007 2.0696
5.625329e-007 2.0667
5.629329e-007 2.0658
5.633329e-007 2.0657
5.637329e-007 2.0654
5.641329e-007 2.0639
5.645329e-007 2.0609
5.649329e-007 2.0635
5.653329e-007 2.0619
5.657329e-007 2.0606
5.661329e-007 2.0616
5.665329e-007 2.0636
5.669329e-007 2.0629
5.673329e-007 2.0633
5.677329e-007 2.0619
5.681329e-007 2.0592
5.685329e-007 2.0609
5.689329e-007 2.0604
5.693329e-007 2.058
5.697329e-007 2.0608
5.701329e-007 2.0576
5.705329e-007 2.0596
5.709329e-007 2.059
5.713329e-007 2.061
5.717329e-007 2.0587
5.721329e-007 2.0596
5.725329e-007 2.0608
5.729329e-007 2.062
5.733329e-007 2.0628
5.737329e-007 2.0628
5.741329e-007 2.0638
5.745329e-007 2.0662
5.749329e-007 2.0644
5.753329e-007 2.0665
5.757329e-007 2.068
5.761329e-007 2.0676
5.765329e-007 2.0677
5.769329e-007 2.0686
5.773329e-007 2.0674
5.777329e-007 2.0711
5.781329e-007 2.0723
5.785329e-007 2.0731
5.789329e-007 2.0738
5.793329e-007 2.0767
5.797329e-007 2.0742
5.801329e-007 2.0776
5.805329e-007 2.0797
5.809329e-007 2.082
5.813329e-007 2.0827
5.817329e-007 2.0812
5.821329e-007 2.0854
5.825329e-007 2.0873
5.829329e-007 2.0897
5.833329e-007 2.0865
5.837329e-007 2.0892
5.841329e-007 2.0912
5.845329e-007 2.0941
5.849329e-007 2.096
5.853329e-007 2.0956
5.857329e-007 2.0977
5.861329e-007 2.0964
5.865329e-007 2.1005
5.869329e-007 2.1043
5.873329e-007 2.1043
5.877329e-007 2.106
5.881329e-007 2.1089
5.885329e-007 2.1081
5.889329e-007 2.1133
5.893329e-007 2.1112
5.897329e-007 2.1146
5.901329e-007 2.113
5.905329e-007 2.1156
5.909329e-007 2.1205
5.913329e-007 2.1209
5.917329e-007 2.123
5.921329e-007 2.1219
5.925329e-007 2.1208
5.929329e-007 2.1253
5.933329e-007 2.1253
5.937329e-007 2.1293
5.941329e-007 2.1279
5.945329e-007 2.132
5.949329e-007 2.1359
5.953329e-007 2.1325
5.957329e-007 2.1369
5.961329e-007 2.1378
5.965329e-007 2.1358
5.969329e-007 2.1415
5.973329e-007 2.1413
5.977329e-007 2.1418
5.981329e-007 2.143
5.985329e-007 2.1442
5.989329e-007 2.1462
5.993329e-007 2.1449
5.997329e-007 2.1499
6.001329e-007 2.148
6.005329e-007 2.1514
6.009329e-007 2.1524
6.013329e-007 2.154
6.017329e-007 2.1567
6.021329e-007 2.1555
6.025329e-007 2.1549
6.029329e-007 2.1569
6.033329e-007 2.1578
6.037329e-007 2.1615
6.041329e-007 2.1638
6.045329e-007 2.1638
6.049329e-007 2.1611
6.053329e-007 2.164
6.057329e-007 2.1661
6.061329e-007 2.1653
6.065329e-007 2.1669
6.069329e-007 2.1656
6.073329e-007 2.1706
6.077329e-007 2.1715
6.081329e-007 2.1721
6.085329e-007 2.175
6.089329e-007 2.1767
6.093329e-007 2.1756
6.097329e-007 2.1795
6.101329e-007 2.179
6.105329e-007 2.1811
6.109329e-007 2.183
6.113329e-007 2.1809
6.117329e-007 2.1829
6.121329e-007 2.1832
6.125329e-007 2.1809
6.129329e-007 2.186
6.133329e-007 2.1835
6.137329e-007 2.1869
6.141329e-007 2.1896
6.145329e-007 2.1891
6.149329e-007 2.1913
6.153329e-007 2.1933
6.157329e-007 2.1922
6.161329e-007 2.1939
6.165329e-007 2.1916
6.169329e-007 2.1943
6.173329e-007 2.1978
6.177329e-007 2.1938
6.181329e-007 2.1957
6.185329e-007 2.1972
6.189329e-007 2.197
6.193329e-007 2.1969
6.197329e-007 2.2005
6.201329e-007 2.1991
6.205329e-007 2.2023
6.209329e-007 2.202
6.213329e-007 2.2012
6.217329e-007 2.2053
6.221329e-007 2.2014
6.225329e-007 2.2053
6.229329e-007 2.2049
6.233329e-007 2.2045
6.237329e-007 2.203
6.241329e-007 2.2041
6.245329e-007 2.2072
6.249329e-007 2.2054
6.253329e-007 2.2067
6.257329e-007 2.2069
6.261329e-007 2.2073
6.265329e-007 2.2079
6.269329e-007 2.2091
6.273329e-007 2.2104
6.277329e-007 2.2096
6.281329e-007 2.2096
6.285329e-007 2.2084
6.289329e-007 2.2098
6.293329e-007 2.2069
6.297329e-007 2.2106
6.301329e-007 2.2074
6.305329e-007 2.2085
6.309329e-007 2.2106
6.313329e-007 2.2096
6.317329e-007 2.2112
6.321329e-007 2.2123
6.325329e-007 2.211
6.329329e-007 2.2138
6.333329e-007 2.2124
6.337329e-007 2.2117
6.341329e-007 2.2092
6.345329e-007 2.2086
6.349329e-007 2.2098
6.353329e-007 2.2092
6.357329e-007 2.2093
6.361329e-007 2.2098
6.365329e-007 2.2068
6.369329e-007 2.2065
6.373329e-007 2.2093
6.377329e-007 2.2066
6.381329e-007 2.2059
6.385329e-007 2.208
6.389329e-007 2.2055
6.393329e-007 2.2064
6.397329e-007 2.2063
6.401329e-007 2.2037
6.405329e-007 2.2022
6.409329e-007 2.2002
6.413329e-007 2.1981
6.417329e-007 2.1965
6.421329e-007 2.1947
6.425329e-007 2.1933
6.429329e-007 2.1936
6.433329e-007 2.1889
6.437329e-007 2.1888
6.441329e-007 2.1895
6.445329e-007 2.184
6.449329e-007 2.1831
6.453329e-007 2.1802
6.457329e-007 2.1788
6.461329e-007 2.1763
6.465329e-007 2.1759
6.469329e-007 2.1734
6.473329e-007 2.1705
6.477329e-007 2.1652
6.481329e-007 2.1665
6.485329e-007 2.1631
6.489329e-007 2.1601
6.493329e-007 2.1552
6.497329e-007 2.1528
6.501329e-007 2.1501
6.505329e-007 2.1501
6.509329e-007 2.1468
6.513329e-007 2.146
6.517329e-007 2.1453
6.521329e-007 2.1397
6.525329e-007 2.1394
6.529329e-007 2.1393
6.533329e-007 2.1353
6.537329e-007 2.1353
6.541329e-007 2.1305
6.545329e-007 2.1306
6.549329e-007 2.1262
6.553329e-007 2.1257
6.557329e-007 2.1202
6.561329e-007 2.1176
6.565329e-007 2.1184
6.569329e-007 2.1169
6.573329e-007 2.1166
6.577329e-007 2.1154
6.581329e-007 2.1137
6.585329e-007 2.1105
6.589329e-007 2.1115
6.593329e-007 2.1124
6.597329e-007 2.1076
6.601329e-007 2.1056
6.605329e-007 2.1083
6.609329e-007 2.1057
6.613329e-007 2.1023
6.617329e-007 2.1041
6.621329e-007 2.104
6.625329e-007 2.0995
6.629329e-007 2.1002
6.633329e-007 2.0984
6.637329e-007 2.0986
6.641329e-007 2.0987
6.645329e-007 2.0953
6.649329e-007 2.0968
6.653329e-007 2.0962
6.657329e-007 2.0968
6.661329e-007 2.0931
6.665329e-007 2.093
6.669329e-007 2.0943
6.673329e-007 2.0917
6.677329e-007 2.0928
6.681329e-007 2.09
6.685329e-007 2.0906
6.689329e-007 2.0899
6.693329e-007 2.09
6.697329e-007 2.0901
6.701329e-007 2.0878
6.705329e-007 2.088
6.709329e-007 2.0871
6.713329e-007 2.0902
6.717329e-007 2.0892
6.721329e-007 2.0887
6.725329e-007 2.0897
6.729329e-007 2.0887
6.733329e-007 2.0888
6.737329e-007 2.0909
6.741329e-007 2.0904
6.745329e-007 2.0934
6.749329e-007 2.0909
6.753329e-007 2.0902
6.757329e-007 2.0921
6.761329e-007 2.0911
6.765329e-007 2.0927
6.769329e-007 2.0959
6.773329e-007 2.0931
6.777329e-007 2.0948
6.781329e-007 2.0984
6.785329e-007 2.0956
6.789329e-007 2.0995
6.793329e-007 2.0978
6.797329e-007 2.0995
6.801329e-007 2.0997
6.805329e-007 2.0985
6.809329e-007 2.1013
6.813329e-007 2.1032
6.817329e-007 2.103
6.821329e-007 2.105
6.825329e-007 2.1096
6.829329e-007 2.1104
6.833329e-007 2.1102
6.837329e-007 2.1116
6.841329e-007 2.1123
6.845329e-007 2.1125
6.849329e-007 2.113
6.853329e-007 2.1137
6.857329e-007 2.1143
6.861329e-007 2.1161
6.865329e-007 2.1178
6.869329e-007 2.1214
6.873329e-007 2.1224
6.877329e-007 2.1228
6.881329e-007 2.1231
6.885329e-007 2.1237
6.889329e-007 2.1261
6.893329e-007 2.1277
6.897329e-007 2.1296
6.901329e-007 2.1303
6.905329e-007 2.1286
6.909329e-007 2.1324
6.913329e-007 2.1355
6.917329e-007 2.1354
6.921329e-007 2.1384
6.925329e-007 2.1379
6.929329e-007 2.1401
6.933329e-007 2.1423
6.937329e-007 2.1392
6.941329e-007 2.1428
6.945329e-007 2.1448
6.949329e-007 2.1442
6.953329e-007 2.1457
6.957329e-007 2.1445
6.961329e-007 2.1484
6.965329e-007 2.148
6.969329e-007 2.15
6.973329e-007 2.1519
6.977329e-007 2.1529
6.981329e-007 2.1515
6.985329e-007 2.1552
6.989329e-007 2.155
6.993329e-007 2.156
6.997329e-007 2.1563
7.001329e-007 2.1567
7.005329e-007 2.1595
7.009329e-007 2.1616
7.013329e-007 2.1622
7.017329e-007 2.1647
7.021329e-007 2.1614
7.025329e-007 2.1619
7.029329e-007 2.1671
7.033329e-007 2.1657
7.037329e-007 2.1671
7.041329e-007 2.1738
7.045329e-007 2.1669
7.049329e-007 2.1678
7.053329e-007 2.1706
7.057329e-007 2.1734
7.061329e-007 2.1724
7.065329e-007 2.1737
7.069329e-007 2.1778
7.073329e-007 2.1777
7.077329e-007 2.1809
7.081329e-007 2.1824
7.085329e-007 2.1798
7.089329e-007 2.18
7.093329e-007 2.1794
7.097329e-007 2.1794
7.101329e-007 2.1841
7.105329e-007 2.1835
7.109329e-007 2.1801
7.113329e-007 2.1848
7.117329e-007 2.186
7.121329e-007 2.1859
7.125329e-007 2.1901
7.129329e-007 2.187
7.133329e-007 2.1915
7.137329e-007 2.1902
7.141329e-007 2.1937
7.145329e-007 2.1941
7.149329e-007 2.1932
7.153329e-007 2.1967
7.157329e-007 2.1975
7.161329e-007 2.1933
7.165329e-007 2.1964
7.169329e-007 2.1955
7.173329e-007 2.1956
7.177329e-007 2.1985
7.181329e-007 2.1966
7.185329e-007 2.1992
7.189329e-007 2.2
7.193329e-007 2.201
7.197329e-007 2.2013
7.201329e-007 2.201
7.205329e-007 2.2024
7.209329e-007 2.2052
7.213329e-007 2.2058
7.217329e-007 2.2036
7.221329e-007 2.2054
7.225329e-007 2.2036
7.229329e-007 2.2043
7.233329e-007 2.2045
7.237329e-007 2.203
7.241329e-007 2.204
7.245329e-007 2.2052
7.249329e-007 2.206
7.253329e-007 2.2059
7.257329e-007 2.2094
7.261329e-007 2.2063
7.265329e-007 2.2097
7.269329e-007 2.2095
7.273329e-007 2.2084
7.277329e-007 2.209
7.281329e-007 2.2067
7.285329e-007 2.2076
7.289329e-007 2.2074
7.293329e-007 2.2107
7.297329e-007 2.2064
7.301329e-007 2.2078
7.305329e-007 2.2094
7.309329e-007 2.2044
7.313329e-007 2.2112
7.317329e-007 2.2043
7.321329e-007 2.207
7.325329e-007 2.2063
7.329329e-007 2.2052
7.333329e-007 2.2089
7.337329e-007 2.2058
7.341329e-007 2.2046
7.345329e-007 2.2047
7.349329e-007 2.2029
7.353329e-007 2.2028
7.357329e-007 2.2021
7.361329e-007 2.2017
7.365329e-007 2.1983
7.369329e-007 2.2021
7.373329e-007 2.1979
7.377329e-007 2.2005
7.381329e-007 2.1994
7.385329e-007 2.1941
7.389329e-007 2.1963
7.393329e-007 2.1924
7.397329e-007 2.1917
7.401329e-007 2.1896
7.405329e-007 2.1853
7.409329e-007 2.1847
7.413329e-007 2.1803
7.417329e-007 2.183
7.421329e-007 2.1784
7.425329e-007 2.1768
7.429329e-007 2.1756
7.433329e-007 2.1687
7.437329e-007 2.1663
7.441329e-007 2.1657
7.445329e-007 2.1618
7.449329e-007 2.1583
7.453329e-007 2.1551
7.457329e-007 2.1542
7.461329e-007 2.1505
7.465329e-007 2.1476
7.469329e-007 2.1415
7.473329e-007 2.1421
7.477329e-007 2.1377
7.481329e-007 2.1364
7.485329e-007 2.1327
7.489329e-007 2.1263
7.493329e-007 2.1231
7.497329e-007 2.1219
7.501329e-007 2.117
7.505329e-007 2.1177
7.509329e-007 2.1153
7.513329e-007 2.1122
7.517329e-007 2.1092
7.521329e-007 2.1088
7.525329e-007 2.1038
7.529329e-007 2.1004
7.533329e-007 2.097
7.537329e-007 2.0937
7.541329e-007 2.0947
7.545329e-007 2.0903
7.549329e-007 2.0877
7.553329e-007 2.0862
7.557329e-007 2.084
7.561329e-007 2.0812
7.565329e-007 2.0816
7.569329e-007 2.0821
7.573329e-007 2.0781
7.577329e-007 2.0786
7.581329e-007 2.074
7.585329e-007 2.0744
7.589329e-007 2.0737
7.593329e-007 2.0716
7.597329e-007 2.073
7.601329e-007 2.0693
7.605329e-007 2.0682
7.609329e-007 2.0682
7.613329e-007 2.0639
7.617329e-007 2.0625
7.621329e-007 2.0661
7.625329e-007 2.0612
7.629329e-007 2.0618
7.633329e-007 2.0653
7.637329e-007 2.0625
7.641329e-007 2.0609
7.645329e-007 2.0607
7.649329e-007 2.0596
7.653329e-007 2.0589
7.657329e-007 2.0608
7.661329e-007 2.0607
7.665329e-007 2.0583
7.669329e-007 2.057
7.673329e-007 2.0594
7.677329e-007 2.0584
7.681329e-007 2.0556
7.685329e-007 2.059
7.689329e-007 2.0568
7.693329e-007 2.055
7.697329e-007 2.06
7.701329e-007 2.0564
7.705329e-007 2.0594
7.709329e-007 2.0602
7.713329e-007 2.0573
7.717329e-007 2.0576
7.721329e-007 2.0616
7.725329e-007 2.0587
7.729329e-007 2.0595
7.733329e-007 2.0594
7.737329e-007 2.0612
7.741329e-007 2.0629
7.745329e-007 2.0619
7.749329e-007 2.0621
7.753329e-007 2.0653
7.757329e-007 2.0657
7.761329e-007 2.0625
7.765329e-007 2.065
7.769329e-007 2.0683
7.773329e-007 2.0662
7.777329e-007 2.0685
7.781329e-007 2.0715
7.785329e-007 2.0715
7.789329e-007 2.0739
7.793329e-007 2.0762
7.797329e-007 2.0769
7.801329e-007 2.0782
7.805329e-007 2.0796
7.809329e-007 2.0794
7.813329e-007 2.0814
7.817329e-007 2.0841
7.821329e-007 2.0831
7.825329e-007 2.0882
7.829329e-007 2.0877
7.833329e-007 2.0876
7.837329e-007 2.0929
7.841329e-007 2.0915
7.845329e-007 2.0973
7.849329e-007 2.0953
7.853329e-007 2.0996
7.857329e-007 2.0982
7.861329e-007 2.0992
7.865329e-007 2.1023
7.869329e-007 2.1018
7.873329e-007 2.1053
7.877329e-007 2.1074
7.881329e-007 2.1067
7.885329e-007 2.1106
7.889329e-007 2.111
7.893329e-007 2.1128
7.897329e-007 2.1138
7.901329e-007 2.1146
7.905329e-007 2.1185
7.909329e-007 2.1178
7.913329e-007 2.1204
7.917329e-007 2.1221
7.921329e-007 2.1268
7.925329e-007 2.123
7.929329e-007 2.1296
7.933329e-007 2.1261
7.937329e-007 2.13
7.941329e-007 2.133
7.945329e-007 2.1332
7.949329e-007 2.1368
7.953329e-007 2.1367
7.957329e-007 2.1352
7.961329e-007 2.1388
7.965329e-007 2.1395
7.969329e-007 2.1394
7.973329e-007 2.1421
7.977329e-007 2.1414
7.981329e-007 2.1426
7.985329e-007 2.147
7.989329e-007 2.1494
7.993329e-007 2.149
7.997329e-007 2.1513
8.001329e-007 2.15
8.005329e-007 2.1509
8.009329e-007 2.1554
8.013329e-007 2.1526
8.017329e-007 2.1575
8.021329e-007 2.1561
8.025329e-007 2.155
8.029329e-007 2.1585
8.033329e-007 2.1621
8.037329e-007 2.1648
8.041329e-007 2.1652
8.045329e-007 2.1636
8.049329e-007 2.1654
8.053329e-007 2.1634
8.057329e-007 2.1665
8.061329e-007 2.1669
8.065329e-007 2.1682
8.069329e-007 2.1687
8.073329e-007 2.1722
8.077329e-007 2.1749
8.081329e-007 2.1747
8.085329e-007 2.1768
8.089329e-007 2.1769
8.093329e-007 2.1786
8.097329e-007 2.1803
8.101329e-007 2.1797
8.105329e-007 2.1812
8.109329e-007 2.1836
8.113329e-007 2.1828
8.117329e-007 2.1844
8.121329e-007 2.1826
8.125329e-007 2.1856
8.129329e-007 2.1865
8.133329e-007 2.1853
8.137329e-007 2.1891
8.141329e-007 2.1884
8.145329e-007 2.192
8.149329e-007 2.1944
8.153329e-007 2.1959
8.157329e-007 2.1944
8.161329e-007 2.1959
8.165329e-007 2.1964
8.169329e-007 2.195
8.173329e-007 2.1948
8.177329e-007 2.1953
8.181329e-007 2.1986
8.185329e-007 2.1984
8.189329e-007 2.1986
8.193329e-007 2.2015
8.197329e-007 2.2022
8.201329e-007 2.2009
8.205329e-007 2.2029
8.209329e-007 2.2008
8.213329e-007 2.2049
8.217329e-007 2.2053
8.221329e-007 2.2044
8.225329e-007 2.2042
8.229329e-007 2.2065
8.233329e-007 2.2029
8.237329e-007 2.2089
8.241329e-007 2.205
8.245329e-007 2.2088
8.249329e-007 2.2103
8.253329e-007 2.2066
8.257329e-007 2.2097
8.261329e-007 2.2109
8.265329e-007 2.212
8.269329e-007 2.2111
8.273329e-007 2.2104
8.277329e-007 2.2118
8.281329e-007 2.2105
8.285329e-007 2.2124
8.289329e-007 2.2118
8.293329e-007 2.2122
8.297329e-007 2.2132
8.301329e-007 2.2119
8.305329e-007 2.2127
8.309329e-007 2.2109
8.313329e-007 2.2142
8.317329e-007 2.2106
8.321329e-007 2.2138
8.325329e-007 2.2134
8.329329e-007 2.2158
8.333329e-007 2.2136
8.337329e-007 2.2132
8.341329e-007 2.214
8.345329e-007 2.2137
8.349329e-007 2.2134
8.353329e-007 2.2132
8.357329e-007 2.2124
8.361329e-007 2.2114
8.365329e-007 2.2091
8.369329e-007 2.2119
8.373329e-007 2.2113
8.377329e-007 2.2086
8.381329e-007 2.2121
8.385329e-007 2.2074
8.389329e-007 2.2078
8.393329e-007 2.2069
8.397329e-007 2.2056
8.401329e-007 2.2008
8.405329e-007 2.2019
8.409329e-007 2.1996
8.413329e-007 2.198
8.417329e-007 2.1988
8.421329e-007 2.1958
8.425329e-007 2.1969
8.429329e-007 2.1935
8.433329e-007 2.1917
8.437329e-007 2.1909
8.441329e-007 2.1882
8.445329e-007 2.1865
8.449329e-007 2.1855
8.453329e-007 2.182
8.457329e-007 2.1827
8.461329e-007 2.1776
8.465329e-007 2.1744
8.469329e-007 2.1737
8.473329e-007 2.1706
8.477329e-007 2.1703
8.481329e-007 2.1642
8.485329e-007 2.1636
8.489329e-007 2.1597
8.493329e-007 2.1542
8.497329e-007 2.1568
8.501329e-007 2.1528
8.505329e-007 2.1487
8.509329e-007 2.147
8.513329e-007 2.1443
8.517329e-007 2.1415
8.521329e-007 2.1409
8.525329e-007 2.1381
8.529329e-007 2.1377
8.533329e-007 2.1344
8.537329e-007 2.1318
8.541329e-007 2.1327
8.545329e-007 2.1279
8.549329e-007 2.1269
8.553329e-007 2.1252
8.557329e-007 2.1205
8.561329e-007 2.1214
8.565329e-007 2.1219
8.569329e-007 2.1165
8.573329e-007 2.1173
8.577329e-007 2.1144
8.581329e-007 2.1114
8.585329e-007 2.1127
8.589329e-007 2.109
8.593329e-007 2.1082
8.597329e-007 2.1082
8.601329e-007 2.1047
8.605329e-007 2.1052
8.609329e-007 2.1014
8.613329e-007 2.103
8.617329e-007 2.1021
8.621329e-007 2.0997
8.625329e-007 2.1001
8.629329e-007 2.097
8.633329e-007 2.0971
8.637329e-007 2.0957
8.641329e-007 2.0962
8.645329e-007 2.0951
8.649329e-007 2.0933
8.653329e-007 2.0948
8.657329e-007 2.0903
8.661329e-007 2.0915
8.665329e-007 2.091
8.669329e-007 2.0887
8.673329e-007 2.0882
8.677329e-007 2.0863
8.681329e-007 2.0884
8.685329e-007 2.0857
8.689329e-007 2.0873
8.693329e-007 2.0871
8.697329e-007 2.0854
8.701329e-007 2.0873
8.705329e-007 2.0845
8.709329e-007 2.087
8.713329e-007 2.0857
8.717329e-007 2.0844
8.721329e-007 2.0892
8.725329e-007 2.0828
8.729329e-007 2.0867
8.733329e-007 2.0871
8.737329e-007 2.0848
8.741329e-007 2.0887
8.745329e-007 2.0847
8.749329e-007 2.0881
8.753329e-007 2.0892
8.757329e-007 2.086
8.761329e-007 2.0906
8.765329e-007 2.0877
8.769329e-007 2.0887
8.773329e-007 2.0944
8.777329e-007 2.0922
8.781329e-007 2.0907
