-1.220404e-007 2.144
-1.216404e-007 2.1421
-1.212404e-007 2.1443
-1.208404e-007 2.1424
-1.204404e-007 2.1404
-1.200404e-007 2.1442
-1.196404e-007 2.143
-1.192404e-007 2.1435
-1.188404e-007 2.1432
-1.184404e-007 2.1422
-1.180404e-007 2.1481
-1.176404e-007 2.1428
-1.172404e-007 2.1482
-1.168404e-007 2.1485
-1.164404e-007 2.1452
-1.160404e-007 2.1504
-1.156404e-007 2.1462
-1.152404e-007 2.1502
-1.148404e-007 2.1499
-1.144404e-007 2.1482
-1.140404e-007 2.1514
-1.136404e-007 2.1505
-1.132404e-007 2.1522
-1.128404e-007 2.1497
-1.124404e-007 2.1533
-1.120404e-007 2.1522
-1.116404e-007 2.1507
-1.112404e-007 2.1562
-1.108404e-007 2.1557
-1.104404e-007 2.153
-1.100404e-007 2.1574
-1.096404e-007 2.1543
-1.092404e-007 2.1554
-1.088404e-007 2.1591
-1.084404e-007 2.157
-1.080404e-007 2.1588
-1.076404e-007 2.161
-1.072404e-007 2.1602
-1.068404e-007 2.1612
-1.064404e-007 2.1604
-1.060404e-007 2.159
-1.056404e-007 2.1609
-1.052404e-007 2.1639
-1.048404e-007 2.1635
-1.044404e-007 2.1655
-1.040404e-007 2.1628
-1.036404e-007 2.1642
-1.032404e-007 2.1655
-1.028404e-007 2.1665
-1.024404e-007 2.1709
-1.020404e-007 2.1662
-1.016404e-007 2.1684
-1.012404e-007 2.1678
-1.008404e-007 2.1676
-1.004404e-007 2.17
-1.000404e-007 2.1666
-9.964039e-008 2.1686
-9.924039e-008 2.1696
-9.884039e-008 2.1702
-9.844039e-008 2.1731
-9.804039e-008 2.1763
-9.764039e-008 2.1746
-9.724039e-008 2.1765
-9.684039e-008 2.1763
-9.644039e-008 2.1779
-9.604039e-008 2.1793
-9.564039e-008 2.1805
-9.524039e-008 2.1764
-9.484039e-008 2.1819
-9.444039e-008 2.1785
-9.404039e-008 2.178
-9.364039e-008 2.18
-9.324039e-008 2.1803
-9.284039e-008 2.1832
-9.244039e-008 2.1844
-9.204039e-008 2.1816
-9.164039e-008 2.1837
-9.124039e-008 2.1838
-9.084039e-008 2.1869
-9.044039e-008 2.1902
-9.004039e-008 2.1907
-8.964039e-008 2.1898
-8.924039e-008 2.1912
-8.884039e-008 2.1907
-8.844039e-008 2.1897
-8.804039e-008 2.1931
-8.764039e-008 2.191
-8.724039e-008 2.1898
-8.684039e-008 2.1906
-8.644039e-008 2.1931
-8.604039e-008 2.1924
-8.564039e-008 2.1965
-8.524039e-008 2.1947
-8.484039e-008 2.1954
-8.444039e-008 2.1981
-8.404039e-008 2.1969
-8.364039e-008 2.2005
-8.324039e-008 2.1991
-8.284039e-008 2.1989
-8.244039e-008 2.1993
-8.204039e-008 2.1975
-8.164039e-008 2.1991
-8.124039e-008 2.1968
-8.084039e-008 2.1978
-8.044039e-008 2.2011
-8.004039e-008 2.1987
-7.964039e-008 2.1975
-7.924039e-008 2.2016
-7.884039e-008 2.201
-7.844039e-008 2.2017
-7.804039e-008 2.2044
-7.764039e-008 2.2035
-7.724039e-008 2.2034
-7.684039e-008 2.2039
-7.644039e-008 2.2015
-7.604039e-008 2.2028
-7.564039e-008 2.2026
-7.524039e-008 2.2036
-7.484039e-008 2.2034
-7.444039e-008 2.2025
-7.404039e-008 2.2038
-7.364039e-008 2.201
-7.324039e-008 2.2007
-7.284039e-008 2.2023
-7.244039e-008 2.1989
-7.204039e-008 2.2032
-7.164039e-008 2.2023
-7.124039e-008 2.2001
-7.084039e-008 2.2006
-7.044039e-008 2.2026
-7.004039e-008 2.201
-6.964039e-008 2.2012
-6.924039e-008 2.1981
-6.884039e-008 2.1968
-6.844039e-008 2.1977
-6.804039e-008 2.1972
-6.764039e-008 2.1973
-6.724039e-008 2.1942
-6.684039e-008 2.1941
-6.644039e-008 2.1915
-6.604039e-008 2.1891
-6.564039e-008 2.1885
-6.524039e-008 2.1893
-6.484039e-008 2.1848
-6.444039e-008 2.1844
-6.404039e-008 2.1815
-6.364039e-008 2.1834
-6.324039e-008 2.1796
-6.284039e-008 2.1765
-6.244039e-008 2.1744
-6.204039e-008 2.169
-6.164039e-008 2.1702
-6.124039e-008 2.1684
-6.084039e-008 2.1643
-6.044039e-008 2.1606
-6.004039e-008 2.1573
-5.964039e-008 2.1535
-5.924039e-008 2.1501
-5.884039e-008 2.1479
-5.844039e-008 2.1464
-5.804039e-008 2.1418
-5.764039e-008 2.1359
-5.724039e-008 2.1329
-5.684039e-008 2.1306
-5.644039e-008 2.1245
-5.604039e-008 2.1202
-5.564039e-008 2.1158
-5.524039e-008 2.112
-5.484039e-008 2.106
-5.444039e-008 2.1031
-5.404039e-008 2.0992
-5.364039e-008 2.0942
-5.324039e-008 2.089
-5.284039e-008 2.0827
-5.244039e-008 2.0786
-5.204039e-008 2.0775
-5.164039e-008 2.0715
-5.124039e-008 2.0713
-5.084039e-008 2.0636
-5.044039e-008 2.0607
-5.004039e-008 2.0586
-4.964039e-008 2.0541
-4.924039e-008 2.0504
-4.884039e-008 2.0481
-4.844039e-008 2.0453
-4.804039e-008 2.0413
-4.764039e-008 2.0402
-4.724039e-008 2.0349
-4.684039e-008 2.0303
-4.644039e-008 2.0282
-4.604039e-008 2.0288
-4.564039e-008 2.0252
-4.524039e-008 2.0216
-4.484039e-008 2.018
-4.444039e-008 2.017
-4.404039e-008 2.0184
-4.364039e-008 2.0143
-4.324039e-008 2.0114
-4.284039e-008 2.0115
-4.244039e-008 2.0059
-4.204039e-008 2.0082
-4.164039e-008 2.0074
-4.124039e-008 2.0051
-4.084039e-008 2.0033
-4.044039e-008 2.0028
-4.004039e-008 2.0011
-3.964039e-008 2.0011
-3.924039e-008 1.9999
-3.884039e-008 2
-3.844039e-008 2.0022
-3.804039e-008 2.0005
-3.764039e-008 1.9973
-3.724039e-008 2.0012
-3.684039e-008 1.9987
-3.644039e-008 1.9995
-3.604039e-008 1.9977
-3.564039e-008 1.9981
-3.524039e-008 1.9973
-3.484039e-008 1.997
-3.444039e-008 1.9965
-3.404039e-008 1.9963
-3.364039e-008 1.9986
-3.324039e-008 1.9948
-3.284039e-008 1.9983
-3.244039e-008 1.9975
-3.204039e-008 1.9978
-3.164039e-008 1.9966
-3.124039e-008 1.9981
-3.084039e-008 2.0003
-3.044039e-008 2.0004
-3.004039e-008 2.001
-2.964039e-008 2.0017
-2.924039e-008 1.9987
-2.884039e-008 2.0002
-2.844039e-008 2.0072
-2.804039e-008 2.0028
-2.764039e-008 2.0058
-2.724039e-008 2.0076
-2.684039e-008 2.0062
-2.644039e-008 2.0072
-2.604039e-008 2.0105
-2.564039e-008 2.0103
-2.524039e-008 2.0097
-2.484039e-008 2.0136
-2.444039e-008 2.0152
-2.404039e-008 2.0162
-2.364039e-008 2.0179
-2.324039e-008 2.0177
-2.284039e-008 2.0201
-2.244039e-008 2.0229
-2.204039e-008 2.0229
-2.164039e-008 2.0247
-2.124039e-008 2.0288
-2.084039e-008 2.0281
-2.044039e-008 2.0323
-2.004039e-008 2.0343
-1.964039e-008 2.0332
-1.924039e-008 2.0385
-1.884039e-008 2.0382
-1.844039e-008 2.0398
-1.804039e-008 2.0429
-1.764039e-008 2.0442
-1.724039e-008 2.0472
-1.684039e-008 2.048
-1.644039e-008 2.0513
-1.604039e-008 2.0567
-1.564039e-008 2.0579
-1.524039e-008 2.0572
-1.484039e-008 2.0607
-1.444039e-008 2.0628
-1.404039e-008 2.0645
-1.364039e-008 2.066
-1.324039e-008 2.0669
-1.284039e-008 2.0683
-1.244039e-008 2.0721
-1.204039e-008 2.0741
-1.164039e-008 2.0737
-1.124039e-008 2.0786
-1.084039e-008 2.0803
-1.044039e-008 2.0839
-1.004039e-008 2.0873
-9.640388e-009 2.0885
-9.240388e-009 2.0898
-8.840388e-009 2.0884
-8.440388e-009 2.0935
-8.040388e-009 2.0943
-7.640388e-009 2.1006
-7.240388e-009 2.0975
-6.840388e-009 2.1006
-6.440388e-009 2.103
-6.040388e-009 2.1021
-5.640388e-009 2.1099
-5.240388e-009 2.1108
-4.840388e-009 2.1118
-4.440388e-009 2.112
-4.040388e-009 2.112
-3.640388e-009 2.1137
-3.240388e-009 2.12
-2.840388e-009 2.1213
-2.440388e-009 2.1219
-2.040388e-009 2.1238
-1.640388e-009 2.1256
-1.240388e-009 2.1288
-8.403879e-010 2.1276
-4.403879e-010 2.13
-4.038792e-011 2.1298
3.596121e-010 2.1349
7.596121e-010 2.1336
1.159612e-009 2.1364
1.559612e-009 2.1376
1.959612e-009 2.1413
2.359612e-009 2.1415
2.759612e-009 2.1461
3.159612e-009 2.1445
3.559612e-009 2.1467
3.959612e-009 2.1463
4.359612e-009 2.1526
4.759612e-009 2.1535
5.159612e-009 2.1537
5.559612e-009 2.1528
5.959612e-009 2.1529
6.359612e-009 2.1546
6.759612e-009 2.1584
7.159612e-009 2.1602
7.559612e-009 2.1593
7.959612e-009 2.1642
8.359612e-009 2.1652
8.759612e-009 2.166
9.159612e-009 2.1678
9.559612e-009 2.1676
9.959612e-009 2.1705
1.035961e-008 2.1709
1.075961e-008 2.1697
1.115961e-008 2.1731
1.155961e-008 2.1758
1.195961e-008 2.176
1.235961e-008 2.1776
1.275961e-008 2.177
1.315961e-008 2.1811
1.355961e-008 2.1822
1.395961e-008 2.1831
1.435961e-008 2.1824
1.475961e-008 2.1832
1.515961e-008 2.1871
1.555961e-008 2.1875
1.595961e-008 2.1895
1.635961e-008 2.1917
1.675961e-008 2.1891
1.715961e-008 2.1944
1.755961e-008 2.1921
1.795961e-008 2.193
1.835961e-008 2.196
1.875961e-008 2.1965
1.915961e-008 2.1926
1.955961e-008 2.1977
1.995961e-008 2.2009
2.035961e-008 2.1997
2.075961e-008 2.1994
2.115961e-008 2.1991
2.155961e-008 2.1998
2.195961e-008 2.202
2.235961e-008 2.2044
2.275961e-008 2.2053
2.315961e-008 2.205
2.355961e-008 2.2068
2.395961e-008 2.2048
2.435961e-008 2.2086
2.475961e-008 2.2086
2.515961e-008 2.2097
2.555961e-008 2.21
2.595961e-008 2.2102
2.635961e-008 2.2096
2.675961e-008 2.2125
2.715961e-008 2.2122
2.755961e-008 2.2125
2.795961e-008 2.2136
2.835961e-008 2.2111
2.875961e-008 2.2173
2.915961e-008 2.2146
2.955961e-008 2.2165
2.995961e-008 2.2163
3.035961e-008 2.2161
3.075961e-008 2.2148
3.115961e-008 2.2147
3.155961e-008 2.2209
3.195961e-008 2.218
3.235961e-008 2.2178
3.275961e-008 2.2184
3.315961e-008 2.2165
3.355961e-008 2.2232
3.395961e-008 2.2177
3.435961e-008 2.2228
3.475961e-008 2.2212
3.515961e-008 2.2231
3.555961e-008 2.2197
3.595961e-008 2.2252
3.635961e-008 2.222
3.675961e-008 2.2204
3.715961e-008 2.223
3.755961e-008 2.2212
3.795961e-008 2.2204
3.835961e-008 2.2231
3.875961e-008 2.2217
3.915961e-008 2.2213
3.955961e-008 2.2217
3.995961e-008 2.221
4.035961e-008 2.2212
4.075961e-008 2.2216
4.115961e-008 2.22
4.155961e-008 2.2216
4.195961e-008 2.2188
4.235961e-008 2.221
4.275961e-008 2.2193
4.315961e-008 2.2185
4.355961e-008 2.2189
4.395961e-008 2.216
4.435961e-008 2.2205
4.475961e-008 2.2161
4.515961e-008 2.2139
4.555961e-008 2.216
4.595961e-008 2.211
4.635961e-008 2.2113
4.675961e-008 2.2104
4.715961e-008 2.2093
4.755961e-008 2.2127
4.795961e-008 2.2084
4.835961e-008 2.2095
4.875961e-008 2.2059
4.915961e-008 2.2054
4.955961e-008 2.2065
4.995961e-008 2.2024
5.035961e-008 2.2019
5.075961e-008 2.1996
5.115961e-008 2.1986
5.155961e-008 2.1954
5.195961e-008 2.1984
5.235961e-008 2.1933
5.275961e-008 2.1952
5.315961e-008 2.1901
5.355961e-008 2.1891
5.395961e-008 2.1896
5.435961e-008 2.1881
5.475961e-008 2.1894
5.515961e-008 2.1854
5.555961e-008 2.1849
5.595961e-008 2.1833
5.635961e-008 2.1807
5.675961e-008 2.1818
5.715961e-008 2.1787
5.755961e-008 2.1785
5.795961e-008 2.1779
5.835961e-008 2.1751
5.875961e-008 2.1748
5.915961e-008 2.1708
5.955961e-008 2.1681
5.995961e-008 2.1666
6.035961e-008 2.1719
6.075961e-008 2.1665
6.115961e-008 2.1681
6.155961e-008 2.1654
6.195961e-008 2.1629
6.235961e-008 2.1654
6.275961e-008 2.1631
6.315961e-008 2.1606
6.355961e-008 2.1605
6.395961e-008 2.1608
6.435961e-008 2.1584
6.475961e-008 2.1579
6.515961e-008 2.1577
6.555961e-008 2.1569
6.595961e-008 2.1547
6.635961e-008 2.155
6.675961e-008 2.1545
6.715961e-008 2.1487
6.755961e-008 2.1501
6.795961e-008 2.1509
6.835961e-008 2.1488
6.875961e-008 2.1505
6.915961e-008 2.1468
6.955961e-008 2.1477
6.995961e-008 2.1438
7.035961e-008 2.1426
7.075961e-008 2.1455
7.115961e-008 2.1463
7.155961e-008 2.1475
7.195961e-008 2.1462
7.235961e-008 2.1421
7.275961e-008 2.1439
7.315961e-008 2.1448
7.355961e-008 2.1435
7.395961e-008 2.1393
7.435961e-008 2.1405
7.475961e-008 2.1373
7.515961e-008 2.1423
7.555961e-008 2.1392
7.595961e-008 2.1435
7.635961e-008 2.1397
7.675961e-008 2.1384
7.715961e-008 2.142
7.755961e-008 2.1382
7.795961e-008 2.1414
7.835961e-008 2.1434
7.875961e-008 2.1405
7.915961e-008 2.1404
7.955961e-008 2.1425
7.995961e-008 2.1416
8.035961e-008 2.1442
8.075961e-008 2.1414
8.115961e-008 2.1424
8.155961e-008 2.1426
8.195961e-008 2.1437
8.235961e-008 2.143
8.275961e-008 2.1475
8.315961e-008 2.1435
8.355961e-008 2.147
8.395961e-008 2.1458
8.435961e-008 2.1453
8.475961e-008 2.1494
8.515961e-008 2.1489
8.555961e-008 2.1469
8.595961e-008 2.1509
8.635961e-008 2.1478
8.675961e-008 2.1486
8.715961e-008 2.1504
8.755961e-008 2.1499
8.795961e-008 2.1507
8.835961e-008 2.1541
8.875961e-008 2.1505
8.915961e-008 2.1577
8.955961e-008 2.1557
8.995961e-008 2.156
9.035961e-008 2.1581
9.075961e-008 2.1578
9.115961e-008 2.157
9.155961e-008 2.1567
9.195961e-008 2.1591
9.235961e-008 2.1604
9.275961e-008 2.1614
9.315961e-008 2.1631
9.355961e-008 2.1606
9.395961e-008 2.1644
9.435961e-008 2.1616
9.475961e-008 2.1657
9.515961e-008 2.1659
9.555961e-008 2.1633
9.595961e-008 2.167
9.635961e-008 2.1666
9.675961e-008 2.1674
9.715961e-008 2.1717
9.755961e-008 2.1669
9.795961e-008 2.1712
9.835961e-008 2.1754
9.875961e-008 2.1713
9.915961e-008 2.172
9.955961e-008 2.1738
9.995961e-008 2.1726
1.003596e-007 2.1737
1.007596e-007 2.1767
1.011596e-007 2.1776
1.015596e-007 2.1777
1.019596e-007 2.176
1.023596e-007 2.1757
1.027596e-007 2.1788
1.031596e-007 2.1793
1.035596e-007 2.1782
1.039596e-007 2.181
1.043596e-007 2.1809
1.047596e-007 2.1817
1.051596e-007 2.1835
1.055596e-007 2.186
1.059596e-007 2.184
1.063596e-007 2.1823
1.067596e-007 2.1861
1.071596e-007 2.1894
1.075596e-007 2.1877
1.079596e-007 2.1888
1.083596e-007 2.1871
1.087596e-007 2.1894
1.091596e-007 2.1879
1.095596e-007 2.1894
1.099596e-007 2.1923
1.103596e-007 2.1911
1.107596e-007 2.196
1.111596e-007 2.1897
1.115596e-007 2.196
1.119596e-007 2.1968
1.123596e-007 2.1946
1.127596e-007 2.1996
1.131596e-007 2.1961
1.135596e-007 2.1987
1.139596e-007 2.1965
1.143596e-007 2.1999
1.147596e-007 2.1989
1.151596e-007 2.1993
1.155596e-007 2.201
1.159596e-007 2.1999
1.163596e-007 2.2033
1.167596e-007 2.2014
1.171596e-007 2.2009
1.175596e-007 2.2056
1.179596e-007 2.2006
1.183596e-007 2.2042
1.187596e-007 2.2021
1.191596e-007 2.2002
1.195596e-007 2.2039
1.199596e-007 2.2044
1.203596e-007 2.2069
1.207596e-007 2.2055
1.211596e-007 2.2066
1.215596e-007 2.2067
1.219596e-007 2.2099
1.223596e-007 2.2052
1.227596e-007 2.21
1.231596e-007 2.2073
1.235596e-007 2.2096
1.239596e-007 2.2061
1.243596e-007 2.2094
1.247596e-007 2.2116
1.251596e-007 2.2057
1.255596e-007 2.2103
1.259596e-007 2.207
1.263596e-007 2.2118
1.267596e-007 2.2075
1.271596e-007 2.2066
1.275596e-007 2.2079
1.279596e-007 2.2055
1.283596e-007 2.2071
1.287596e-007 2.2085
1.291596e-007 2.2033
1.295596e-007 2.206
1.299596e-007 2.2049
1.303596e-007 2.2032
1.307596e-007 2.2059
1.311596e-007 2.2034
1.315596e-007 2.2035
1.319596e-007 2.2017
1.323596e-007 2.2034
1.327596e-007 2.2027
1.331596e-007 2.1994
1.335596e-007 2.2
1.339596e-007 2.1967
1.343596e-007 2.1946
1.347596e-007 2.1941
1.351596e-007 2.1943
1.355596e-007 2.1912
1.359596e-007 2.1914
1.363596e-007 2.1892
1.367596e-007 2.1894
1.371596e-007 2.186
1.375596e-007 2.1828
1.379596e-007 2.1788
1.383596e-007 2.178
1.387596e-007 2.1742
1.391596e-007 2.1736
1.395596e-007 2.1702
1.399596e-007 2.1635
1.403596e-007 2.1613
1.407596e-007 2.1558
1.411596e-007 2.156
1.415596e-007 2.1503
1.419596e-007 2.1478
1.423596e-007 2.1415
1.427596e-007 2.1379
1.431596e-007 2.1365
1.435596e-007 2.1315
1.439596e-007 2.1292
1.443596e-007 2.1252
1.447596e-007 2.1188
1.451596e-007 2.1145
1.455596e-007 2.1116
1.459596e-007 2.1051
1.463596e-007 2.1023
1.467596e-007 2.0963
1.471596e-007 2.09
1.475596e-007 2.0905
1.479596e-007 2.0819
1.483596e-007 2.0788
1.487596e-007 2.0747
1.491596e-007 2.0689
1.495596e-007 2.0646
1.499596e-007 2.0638
1.503596e-007 2.0603
1.507596e-007 2.056
1.511596e-007 2.0509
1.515596e-007 2.0468
1.519596e-007 2.0457
1.523596e-007 2.0408
1.527596e-007 2.04
1.531596e-007 2.0352
1.535596e-007 2.0314
1.539596e-007 2.0316
1.543596e-007 2.0288
1.547596e-007 2.0237
1.551596e-007 2.0241
1.555596e-007 2.0219
1.559596e-007 2.0165
1.563596e-007 2.0183
1.567596e-007 2.0145
1.571596e-007 2.0147
1.575596e-007 2.0118
1.579596e-007 2.0086
1.583596e-007 2.0102
1.587596e-007 2.006
1.591596e-007 2.0063
1.595596e-007 2.007
1.599596e-007 2.0043
1.603596e-007 2.0037
1.607596e-007 2.0018
1.611596e-007 2.0004
1.615596e-007 2.0008
1.619596e-007 2.0035
1.623596e-007 1.9992
1.627596e-007 2.0023
1.631596e-007 1.9968
1.635596e-007 1.9994
1.639596e-007 1.9973
1.643596e-007 1.9954
1.647596e-007 1.9982
1.651596e-007 1.9968
1.655596e-007 1.9956
1.659596e-007 1.9968
1.663596e-007 1.9945
1.667596e-007 1.9965
1.671596e-007 1.997
1.675596e-007 1.9968
1.679596e-007 1.9965
1.683596e-007 1.9955
1.687596e-007 1.998
1.691596e-007 1.9988
1.695596e-007 1.9986
1.699596e-007 1.9992
1.703596e-007 2.0021
1.707596e-007 1.9984
1.711596e-007 2.003
1.715596e-007 2.0004
1.719596e-007 2.0055
1.723596e-007 2.0058
1.727596e-007 2.0048
1.731596e-007 2.0077
1.735596e-007 2.0051
1.739596e-007 2.0084
1.743596e-007 2.0103
1.747596e-007 2.0111
1.751596e-007 2.012
1.755596e-007 2.0154
1.759596e-007 2.0174
1.763596e-007 2.0177
1.767596e-007 2.0198
1.771596e-007 2.0189
1.775596e-007 2.0222
1.779596e-007 2.0225
1.783596e-007 2.0247
1.787596e-007 2.0245
1.791596e-007 2.0272
1.795596e-007 2.0324
1.799596e-007 2.0312
1.803596e-007 2.034
1.807596e-007 2.0361
1.811596e-007 2.0373
1.815596e-007 2.0396
1.819596e-007 2.0428
1.823596e-007 2.0444
1.827596e-007 2.0504
1.831596e-007 2.049
1.835596e-007 2.0512
1.839596e-007 2.0539
1.843596e-007 2.0519
1.847596e-007 2.0586
1.851596e-007 2.0589
1.855596e-007 2.06
1.859596e-007 2.0653
1.863596e-007 2.0644
1.867596e-007 2.0678
1.871596e-007 2.0683
1.875596e-007 2.0699
1.879596e-007 2.0754
1.883596e-007 2.0783
1.887596e-007 2.08
1.891596e-007 2.0803
1.895596e-007 2.0815
1.899596e-007 2.0852
1.903596e-007 2.0864
1.907596e-007 2.0868
1.911596e-007 2.0925
1.915596e-007 2.0937
1.919596e-007 2.0943
1.923596e-007 2.0953
1.927596e-007 2.0988
1.931596e-007 2.1022
1.935596e-007 2.1012
1.939596e-007 2.1052
1.943596e-007 2.1075
1.947596e-007 2.1092
1.951596e-007 2.1091
1.955596e-007 2.1125
1.959596e-007 2.1123
1.963596e-007 2.1163
1.967596e-007 2.1178
1.971596e-007 2.1216
1.975596e-007 2.1186
1.979596e-007 2.1232
1.983596e-007 2.1263
1.987596e-007 2.1279
1.991596e-007 2.1289
1.995596e-007 2.1304
1.999596e-007 2.1302
2.003596e-007 2.1328
2.007596e-007 2.1324
2.011596e-007 2.1398
2.015596e-007 2.1386
2.019596e-007 2.1415
2.023596e-007 2.1437
2.027596e-007 2.1432
2.031596e-007 2.1464
2.035596e-007 2.1473
2.039596e-007 2.1472
2.043596e-007 2.1497
2.047596e-007 2.1507
2.051596e-007 2.1555
2.055596e-007 2.1532
2.059596e-007 2.1553
2.063596e-007 2.1571
2.067596e-007 2.1545
2.071596e-007 2.16
2.075596e-007 2.1631
2.079596e-007 2.1629
2.083596e-007 2.1654
2.087596e-007 2.1679
2.091596e-007 2.1656
2.095596e-007 2.1702
2.099596e-007 2.1712
2.103596e-007 2.1698
2.107596e-007 2.1719
2.111596e-007 2.1741
2.115596e-007 2.1738
2.119596e-007 2.1764
2.123596e-007 2.1771
2.127596e-007 2.1784
2.131596e-007 2.1841
2.135596e-007 2.1834
2.139596e-007 2.1845
2.143596e-007 2.1837
2.147596e-007 2.1845
2.151596e-007 2.1883
2.155596e-007 2.1849
2.159596e-007 2.1886
2.163596e-007 2.1884
2.167596e-007 2.1862
2.171596e-007 2.1932
2.175596e-007 2.1912
2.179596e-007 2.1948
2.183596e-007 2.1969
2.187596e-007 2.1961
2.191596e-007 2.1973
2.195596e-007 2.1994
2.199596e-007 2.196
2.203596e-007 2.1982
2.207596e-007 2.1967
2.211596e-007 2.1988
2.215596e-007 2.2002
2.219596e-007 2.2025
2.223596e-007 2.2028
2.227596e-007 2.2005
2.231596e-007 2.2049
2.235596e-007 2.2063
2.239596e-007 2.2047
2.243596e-007 2.2093
2.247596e-007 2.2074
2.251596e-007 2.2088
2.255596e-007 2.2067
2.259596e-007 2.2117
2.263596e-007 2.2098
2.267596e-007 2.2132
2.271596e-007 2.2117
2.275596e-007 2.2095
2.279596e-007 2.2118
2.283596e-007 2.2117
2.287596e-007 2.2124
2.291596e-007 2.2137
2.295596e-007 2.2137
2.299596e-007 2.2153
2.303596e-007 2.2136
2.307596e-007 2.2131
2.311596e-007 2.2156
2.315596e-007 2.2157
2.319596e-007 2.2133
2.323596e-007 2.2198
2.327596e-007 2.217
2.331596e-007 2.2141
2.335596e-007 2.2169
2.339596e-007 2.2171
2.343596e-007 2.2201
2.347596e-007 2.22
2.351596e-007 2.2181
2.355596e-007 2.2176
2.359596e-007 2.2186
2.363596e-007 2.2177
2.367596e-007 2.2183
2.371596e-007 2.2218
2.375596e-007 2.2173
2.379596e-007 2.2182
2.383596e-007 2.2204
2.387596e-007 2.2173
2.391596e-007 2.22
2.395596e-007 2.222
2.399596e-007 2.2179
2.403596e-007 2.2204
2.407596e-007 2.2167
2.411596e-007 2.2173
2.415596e-007 2.2188
2.419596e-007 2.2132
2.423596e-007 2.2193
2.427596e-007 2.2144
2.431596e-007 2.2144
2.435596e-007 2.2127
2.439596e-007 2.213
2.443596e-007 2.214
2.447596e-007 2.2152
2.451596e-007 2.212
2.455596e-007 2.2123
2.459596e-007 2.2093
2.463596e-007 2.2082
2.467596e-007 2.2076
2.471596e-007 2.207
2.475596e-007 2.2029
2.479596e-007 2.203
2.483596e-007 2.2022
2.487596e-007 2.1993
2.491596e-007 2.1965
2.495596e-007 2.1979
2.499596e-007 2.1969
2.503596e-007 2.192
2.507596e-007 2.1946
2.511596e-007 2.1954
2.515596e-007 2.1893
2.519596e-007 2.192
2.523596e-007 2.1896
2.527596e-007 2.1871
2.531596e-007 2.1861
2.535596e-007 2.1857
2.539596e-007 2.1827
2.543596e-007 2.1826
2.547596e-007 2.1798
2.551596e-007 2.1778
2.555596e-007 2.1801
2.559596e-007 2.1748
2.563596e-007 2.178
2.567596e-007 2.174
2.571596e-007 2.1726
2.575596e-007 2.1743
2.579596e-007 2.1725
2.583596e-007 2.171
2.587596e-007 2.172
2.591596e-007 2.1652
2.595596e-007 2.1678
2.599596e-007 2.1658
2.603596e-007 2.1653
2.607596e-007 2.1642
2.611596e-007 2.1605
2.615596e-007 2.1588
2.619596e-007 2.1589
2.623596e-007 2.1592
2.627596e-007 2.1573
2.631596e-007 2.1559
2.635596e-007 2.1556
2.639596e-007 2.1546
2.643596e-007 2.1541
2.647596e-007 2.1524
2.651596e-007 2.1527
2.655596e-007 2.1494
2.659596e-007 2.1518
2.663596e-007 2.1496
2.667596e-007 2.1513
2.671596e-007 2.1458
2.675596e-007 2.1485
2.679596e-007 2.1485
2.683596e-007 2.1448
2.687596e-007 2.1475
2.691596e-007 2.1468
2.695596e-007 2.1449
2.699596e-007 2.1449
2.703596e-007 2.1439
2.707596e-007 2.1416
2.711596e-007 2.1396
2.715596e-007 2.1408
2.719596e-007 2.1406
2.723596e-007 2.1395
2.727596e-007 2.1398
2.731596e-007 2.1382
2.735596e-007 2.1402
2.739596e-007 2.139
2.743596e-007 2.1367
2.747596e-007 2.139
2.751596e-007 2.1398
2.755596e-007 2.1369
2.759596e-007 2.1411
2.763596e-007 2.1388
2.767596e-007 2.1352
2.771596e-007 2.1401
2.775596e-007 2.1368
2.779596e-007 2.1412
2.783596e-007 2.1382
2.787596e-007 2.1417
2.791596e-007 2.1395
2.795596e-007 2.1406
2.799596e-007 2.14
2.803596e-007 2.1402
2.807596e-007 2.1413
2.811596e-007 2.1405
2.815596e-007 2.139
2.819596e-007 2.1449
2.823596e-007 2.145
2.827596e-007 2.1413
2.831596e-007 2.1462
2.835596e-007 2.1448
2.839596e-007 2.1431
2.843596e-007 2.1469
2.847596e-007 2.1454
2.851596e-007 2.1487
2.855596e-007 2.1492
2.859596e-007 2.1466
2.863596e-007 2.1525
2.867596e-007 2.1508
2.871596e-007 2.15
2.875596e-007 2.1532
2.879596e-007 2.1512
2.883596e-007 2.1524
2.887596e-007 2.1548
2.891596e-007 2.1544
2.895596e-007 2.1545
2.899596e-007 2.1566
2.903596e-007 2.156
2.907596e-007 2.1578
2.911596e-007 2.1564
2.915596e-007 2.1593
2.919596e-007 2.161
2.923596e-007 2.1594
2.927596e-007 2.16
2.931596e-007 2.1612
2.935596e-007 2.164
2.939596e-007 2.1608
2.943596e-007 2.1634
2.947596e-007 2.1683
2.951596e-007 2.1594
2.955596e-007 2.1663
2.959596e-007 2.1691
2.963596e-007 2.1643
2.967596e-007 2.1699
2.971596e-007 2.1685
2.975596e-007 2.1694
2.979596e-007 2.1697
2.983596e-007 2.1695
2.987596e-007 2.1695
2.991596e-007 2.1705
2.995596e-007 2.17
2.999596e-007 2.1766
3.003596e-007 2.1754
3.007596e-007 2.1738
3.011596e-007 2.1784
3.015596e-007 2.1717
3.019596e-007 2.1763
3.023596e-007 2.1763
3.027596e-007 2.1757
3.031596e-007 2.18
3.035596e-007 2.1757
3.039596e-007 2.1802
3.043596e-007 2.1819
3.047596e-007 2.1847
3.051596e-007 2.1839
3.055596e-007 2.18
3.059596e-007 2.1863
3.063596e-007 2.182
3.067596e-007 2.188
3.071596e-007 2.1894
3.075596e-007 2.185
3.079596e-007 2.1862
3.083596e-007 2.1859
3.087596e-007 2.1861
3.091596e-007 2.1918
3.095596e-007 2.19
3.099596e-007 2.1865
3.103596e-007 2.1923
3.107596e-007 2.1928
3.111596e-007 2.1944
3.115596e-007 2.1922
3.119596e-007 2.1958
3.123596e-007 2.1944
3.127596e-007 2.1949
3.131596e-007 2.1988
3.135596e-007 2.1924
3.139596e-007 2.1969
3.143596e-007 2.1974
3.147596e-007 2.1966
3.151596e-007 2.2006
3.155596e-007 2.2
3.159596e-007 2.1985
3.163596e-007 2.204
3.167596e-007 2.2024
3.171596e-007 2.2026
3.175596e-007 2.2038
3.179596e-007 2.2054
3.183596e-007 2.2025
3.187596e-007 2.2032
3.191596e-007 2.2053
3.195596e-007 2.2053
3.199596e-007 2.2059
3.203596e-007 2.2063
3.207596e-007 2.2072
3.211596e-007 2.2064
3.215596e-007 2.2078
3.219596e-007 2.2079
3.223596e-007 2.2057
3.227596e-007 2.2087
3.231596e-007 2.2092
3.235596e-007 2.2065
3.239596e-007 2.2092
3.243596e-007 2.2077
3.247596e-007 2.2083
3.251596e-007 2.2088
3.255596e-007 2.2099
3.259596e-007 2.2124
3.263596e-007 2.2103
3.267596e-007 2.2106
3.271596e-007 2.2077
3.275596e-007 2.2059
3.279596e-007 2.2097
3.283596e-007 2.2063
3.287596e-007 2.2105
3.291596e-007 2.2068
3.295596e-007 2.2046
3.299596e-007 2.2077
3.303596e-007 2.2056
3.307596e-007 2.2042
3.311596e-007 2.2073
3.315596e-007 2.2031
3.319596e-007 2.2022
3.323596e-007 2.2033
3.327596e-007 2.203
3.331596e-007 2.2016
3.335596e-007 2.2015
3.339596e-007 2.1996
3.343596e-007 2.1993
3.347596e-007 2.1989
3.351596e-007 2.1931
3.355596e-007 2.1956
3.359596e-007 2.1899
3.363596e-007 2.1908
3.367596e-007 2.189
3.371596e-007 2.1881
3.375596e-007 2.1847
3.379596e-007 2.1815
3.383596e-007 2.1804
3.387596e-007 2.1784
3.391596e-007 2.1763
3.395596e-007 2.1728
3.399596e-007 2.1711
3.403596e-007 2.1648
3.407596e-007 2.1633
3.411596e-007 2.1581
3.415596e-007 2.1556
3.419596e-007 2.1553
3.423596e-007 2.1487
3.427596e-007 2.1465
3.431596e-007 2.1379
3.435596e-007 2.1392
3.439596e-007 2.1329
3.443596e-007 2.1296
3.447596e-007 2.1272
3.451596e-007 2.1225
3.455596e-007 2.1155
3.459596e-007 2.1129
3.463596e-007 2.1058
3.467596e-007 2.1032
3.471596e-007 2.1013
3.475596e-007 2.0932
3.479596e-007 2.0906
3.483596e-007 2.0846
3.487596e-007 2.0804
3.491596e-007 2.0789
3.495596e-007 2.0744
3.499596e-007 2.0717
3.503596e-007 2.0657
3.507596e-007 2.0629
3.511596e-007 2.0623
3.515596e-007 2.0563
3.519596e-007 2.0568
3.523596e-007 2.0469
3.527596e-007 2.0476
3.531596e-007 2.0439
3.535596e-007 2.0378
3.539596e-007 2.0412
3.543596e-007 2.0345
3.547596e-007 2.033
3.551596e-007 2.0325
3.555596e-007 2.0281
3.559596e-007 2.0266
3.563596e-007 2.028
3.567596e-007 2.019
3.571596e-007 2.0217
3.575596e-007 2.0173
3.579596e-007 2.0194
3.583596e-007 2.0179
3.587596e-007 2.0141
3.591596e-007 2.0151
3.595596e-007 2.0139
3.599596e-007 2.0112
3.603596e-007 2.01
3.607596e-007 2.0086
3.611596e-007 2.0094
3.615596e-007 2.0067
3.619596e-007 2.0064
3.623596e-007 2.0057
3.627596e-007 2.0043
3.631596e-007 2.0063
3.635596e-007 2.006
3.639596e-007 2.0042
3.643596e-007 2.0052
3.647596e-007 2.0013
3.651596e-007 2.0016
3.655596e-007 2.0038
3.659596e-007 2.0004
3.663596e-007 2.0033
3.667596e-007 2.0022
3.671596e-007 2.0011
3.675596e-007 2.0033
3.679596e-007 2.0019
3.683596e-007 2.0014
3.687596e-007 2.0012
3.691596e-007 2.0016
3.695596e-007 2.0031
3.699596e-007 2.0033
3.703596e-007 2.0031
3.707596e-007 2.0048
3.711596e-007 2.0051
3.715596e-007 2.0025
3.719596e-007 2.0051
3.723596e-007 2.0086
3.727596e-007 2.0073
3.731596e-007 2.0093
3.735596e-007 2.0105
3.739596e-007 2.01
3.743596e-007 2.0136
3.747596e-007 2.0101
3.751596e-007 2.0116
3.755596e-007 2.0119
3.759596e-007 2.0179
3.763596e-007 2.0177
3.767596e-007 2.0196
3.771596e-007 2.0223
3.775596e-007 2.0238
3.779596e-007 2.0238
3.783596e-007 2.0259
3.787596e-007 2.0293
3.791596e-007 2.0304
3.795596e-007 2.0317
3.799596e-007 2.0342
3.803596e-007 2.0347
3.807596e-007 2.0376
3.811596e-007 2.0383
3.815596e-007 2.0409
3.819596e-007 2.0418
3.823596e-007 2.0435
3.827596e-007 2.0465
3.831596e-007 2.049
3.835596e-007 2.0507
3.839596e-007 2.0515
3.843596e-007 2.0538
3.847596e-007 2.0558
3.851596e-007 2.0578
3.855596e-007 2.0589
3.859596e-007 2.062
3.863596e-007 2.0626
3.867596e-007 2.0704
3.871596e-007 2.0695
3.875596e-007 2.07
3.879596e-007 2.0739
3.883596e-007 2.0746
3.887596e-007 2.077
3.891596e-007 2.081
3.895596e-007 2.0811
3.899596e-007 2.0828
3.903596e-007 2.0852
3.907596e-007 2.0881
3.911596e-007 2.0915
3.915596e-007 2.0907
3.919596e-007 2.0951
3.923596e-007 2.0946
3.927596e-007 2.0993
3.931596e-007 2.1018
3.935596e-007 2.1021
3.939596e-007 2.1048
3.943596e-007 2.1048
3.947596e-007 2.1054
3.951596e-007 2.1091
3.955596e-007 2.1103
3.959596e-007 2.1119
3.963596e-007 2.1151
3.967596e-007 2.1184
3.971596e-007 2.1189
3.975596e-007 2.1221
3.979596e-007 2.1201
3.983596e-007 2.1237
3.987596e-007 2.127
3.991596e-007 2.126
3.995596e-007 2.1276
3.999596e-007 2.1302
4.003596e-007 2.1307
4.007596e-007 2.1327
4.011596e-007 2.1326
4.015596e-007 2.1348
4.019596e-007 2.1395
4.023596e-007 2.1389
4.027596e-007 2.1432
4.031596e-007 2.1434
4.035596e-007 2.1443
4.039596e-007 2.1487
4.043596e-007 2.1504
4.047596e-007 2.1521
4.051596e-007 2.1512
4.055596e-007 2.1513
4.059596e-007 2.1519
4.063596e-007 2.1515
4.067596e-007 2.1583
4.071596e-007 2.1587
4.075596e-007 2.161
4.079596e-007 2.1621
4.083596e-007 2.1649
4.087596e-007 2.167
4.091596e-007 2.1679
4.095596e-007 2.1676
4.099596e-007 2.1701
4.103596e-007 2.1686
4.107596e-007 2.1686
4.111596e-007 2.1726
4.115596e-007 2.1714
4.119596e-007 2.1759
4.123596e-007 2.1744
4.127596e-007 2.1766
4.131596e-007 2.1788
4.135596e-007 2.1784
4.139596e-007 2.1813
4.143596e-007 2.1804
4.147596e-007 2.1837
4.151596e-007 2.1859
4.155596e-007 2.1863
4.159596e-007 2.1841
4.163596e-007 2.1863
4.167596e-007 2.1908
4.171596e-007 2.1879
4.175596e-007 2.1923
4.179596e-007 2.1931
4.183596e-007 2.1917
4.187596e-007 2.1943
4.191596e-007 2.1916
4.195596e-007 2.1968
4.199596e-007 2.1968
4.203596e-007 2.196
4.207596e-007 2.1981
4.211596e-007 2.1965
4.215596e-007 2.1959
4.219596e-007 2.1996
4.223596e-007 2.1986
4.227596e-007 2.2008
4.231596e-007 2.2035
4.235596e-007 2.2053
4.239596e-007 2.2048
4.243596e-007 2.2061
4.247596e-007 2.2045
4.251596e-007 2.2079
4.255596e-007 2.2087
4.259596e-007 2.2073
4.263596e-007 2.2076
4.267596e-007 2.2061
4.271596e-007 2.2117
4.275596e-007 2.2104
4.279596e-007 2.2122
4.283596e-007 2.2117
4.287596e-007 2.2101
4.291596e-007 2.2127
4.295596e-007 2.2127
4.299596e-007 2.2158
4.303596e-007 2.215
4.307596e-007 2.216
4.311596e-007 2.2131
4.315596e-007 2.2157
4.319596e-007 2.2165
4.323596e-007 2.2149
4.327596e-007 2.2175
4.331596e-007 2.2162
4.335596e-007 2.2178
4.339596e-007 2.2165
4.343596e-007 2.2179
4.347596e-007 2.2176
4.351596e-007 2.2184
4.355596e-007 2.2199
4.359596e-007 2.2174
4.363596e-007 2.2188
4.367596e-007 2.2182
4.371596e-007 2.2196
4.375596e-007 2.2185
4.379596e-007 2.2211
4.383596e-007 2.2171
4.387596e-007 2.2211
4.391596e-007 2.2182
4.395596e-007 2.2185
4.399596e-007 2.2192
4.403596e-007 2.2185
4.407596e-007 2.2175
4.411596e-007 2.218
4.415596e-007 2.2172
4.419596e-007 2.2179
4.423596e-007 2.2153
4.427596e-007 2.2159
4.431596e-007 2.2135
4.435596e-007 2.2129
4.439596e-007 2.2148
4.443596e-007 2.2128
4.447596e-007 2.2139
4.451596e-007 2.2113
4.455596e-007 2.2121
4.459596e-007 2.2095
4.463596e-007 2.2084
4.467596e-007 2.2087
4.471596e-007 2.206
4.475596e-007 2.2066
4.479596e-007 2.2035
4.483596e-007 2.2049
4.487596e-007 2.204
4.491596e-007 2.2035
4.495596e-007 2.2026
4.499596e-007 2.1984
4.503596e-007 2.1994
4.507596e-007 2.197
4.511596e-007 2.1951
4.515596e-007 2.1952
4.519596e-007 2.1938
4.523596e-007 2.1922
4.527596e-007 2.1897
4.531596e-007 2.1909
4.535596e-007 2.1865
4.539596e-007 2.1872
4.543596e-007 2.1859
4.547596e-007 2.1813
4.551596e-007 2.1832
4.555596e-007 2.1819
4.559596e-007 2.1779
4.563596e-007 2.1792
4.567596e-007 2.1764
4.571596e-007 2.178
4.575596e-007 2.1749
4.579596e-007 2.1705
4.583596e-007 2.1727
4.587596e-007 2.1722
4.591596e-007 2.1674
4.595596e-007 2.1694
4.599596e-007 2.1702
4.603596e-007 2.1667
4.607596e-007 2.1674
4.611596e-007 2.1649
4.615596e-007 2.1604
4.619596e-007 2.1658
4.623596e-007 2.161
4.627596e-007 2.1642
4.631596e-007 2.1598
4.635596e-007 2.1565
4.639596e-007 2.16
4.643596e-007 2.1545
4.647596e-007 2.1575
4.651596e-007 2.1545
4.655596e-007 2.1553
4.659596e-007 2.1529
4.663596e-007 2.1531
4.667596e-007 2.1518
4.671596e-007 2.1535
4.675596e-007 2.1537
4.679596e-007 2.15
4.683596e-007 2.1498
4.687596e-007 2.1461
4.691596e-007 2.146
4.695596e-007 2.1436
4.699596e-007 2.1484
4.703596e-007 2.1441
4.707596e-007 2.1412
4.711596e-007 2.1454
4.715596e-007 2.1413
4.719596e-007 2.1428
4.723596e-007 2.1432
4.727596e-007 2.1413
4.731596e-007 2.1373
4.735596e-007 2.1422
4.739596e-007 2.14
4.743596e-007 2.1403
4.747596e-007 2.143
4.751596e-007 2.1387
4.755596e-007 2.1406
4.759596e-007 2.1386
4.763596e-007 2.1411
4.767596e-007 2.1411
4.771596e-007 2.1398
4.775596e-007 2.1402
4.779596e-007 2.1408
4.783596e-007 2.1394
4.787596e-007 2.1419
4.791596e-007 2.1414
4.795596e-007 2.1409
4.799596e-007 2.1413
4.803596e-007 2.1413
4.807596e-007 2.1429
4.811596e-007 2.1423
4.815596e-007 2.144
4.819596e-007 2.1396
4.823596e-007 2.1438
4.827596e-007 2.1462
4.831596e-007 2.1451
4.835596e-007 2.145
4.839596e-007 2.1442
4.843596e-007 2.1457
4.847596e-007 2.1477
4.851596e-007 2.1506
4.855596e-007 2.1484
4.859596e-007 2.1478
4.863596e-007 2.1503
4.867596e-007 2.1508
4.871596e-007 2.1506
4.875596e-007 2.1524
4.879596e-007 2.1528
4.883596e-007 2.15
4.887596e-007 2.1537
4.891596e-007 2.1567
4.895596e-007 2.1576
4.899596e-007 2.1579
4.903596e-007 2.1555
4.907596e-007 2.1563
4.911596e-007 2.1555
4.915596e-007 2.1594
4.919596e-007 2.1592
4.923596e-007 2.1571
4.927596e-007 2.1626
4.931596e-007 2.1626
4.935596e-007 2.1591
4.939596e-007 2.165
4.943596e-007 2.161
4.947596e-007 2.1628
4.951596e-007 2.1671
4.955596e-007 2.166
4.959596e-007 2.1662
4.963596e-007 2.1665
4.967596e-007 2.1687
4.971596e-007 2.1683
4.975596e-007 2.1681
4.979596e-007 2.17
4.983596e-007 2.1698
4.987596e-007 2.1701
4.991596e-007 2.1711
4.995596e-007 2.1731
4.999596e-007 2.1725
5.003596e-007 2.1732
5.007596e-007 2.1755
5.011596e-007 2.1757
5.015596e-007 2.1747
5.019596e-007 2.1769
5.023596e-007 2.177
5.027596e-007 2.1765
5.031596e-007 2.1803
5.035596e-007 2.1789
5.039596e-007 2.1809
5.043596e-007 2.1814
5.047596e-007 2.1795
5.051596e-007 2.1801
5.055596e-007 2.1849
5.059596e-007 2.1844
5.063596e-007 2.1848
5.067596e-007 2.1901
5.071596e-007 2.1868
5.075596e-007 2.1854
5.079596e-007 2.1878
5.083596e-007 2.1862
5.087596e-007 2.1864
5.091596e-007 2.1877
5.095596e-007 2.1901
5.099596e-007 2.1909
5.103596e-007 2.1926
5.107596e-007 2.1923
5.111596e-007 2.1936
5.115596e-007 2.1958
5.119596e-007 2.1954
5.123596e-007 2.1945
5.127596e-007 2.1989
5.131596e-007 2.1965
5.135596e-007 2.1999
5.139596e-007 2.1981
5.143596e-007 2.1975
5.147596e-007 2.1974
5.151596e-007 2.1983
5.155596e-007 2.2008
5.159596e-007 2.2024
5.163596e-007 2.2022
5.167596e-007 2.2027
5.171596e-007 2.2026
5.175596e-007 2.2007
5.179596e-007 2.1994
5.183596e-007 2.2023
5.187596e-007 2.2017
5.191596e-007 2.2027
5.195596e-007 2.2043
5.199596e-007 2.2048
5.203596e-007 2.2055
5.207596e-007 2.2037
5.211596e-007 2.2052
5.215596e-007 2.2038
5.219596e-007 2.2064
5.223596e-007 2.2062
5.227596e-007 2.2086
5.231596e-007 2.2074
5.235596e-007 2.2066
5.239596e-007 2.2058
5.243596e-007 2.2075
5.247596e-007 2.2094
5.251596e-007 2.2082
5.255596e-007 2.208
5.259596e-007 2.2064
5.263596e-007 2.2075
5.267596e-007 2.2047
5.271596e-007 2.2052
5.275596e-007 2.2092
5.279596e-007 2.2068
5.283596e-007 2.2053
5.287596e-007 2.2048
5.291596e-007 2.2063
5.295596e-007 2.2042
5.299596e-007 2.203
5.303596e-007 2.2045
5.307596e-007 2.2025
5.311596e-007 2.2054
5.315596e-007 2.205
5.319596e-007 2.2025
5.323596e-007 2.2033
5.327596e-007 2.1998
5.331596e-007 2.1987
5.335596e-007 2.1964
5.339596e-007 2.1988
5.343596e-007 2.1963
5.347596e-007 2.1939
5.351596e-007 2.1936
5.355596e-007 2.1907
5.359596e-007 2.1905
5.363596e-007 2.1888
5.367596e-007 2.183
5.371596e-007 2.1848
5.375596e-007 2.1804
5.379596e-007 2.177
5.383596e-007 2.179
5.387596e-007 2.1724
5.391596e-007 2.1724
5.395596e-007 2.1664
5.399596e-007 2.1627
5.403596e-007 2.1622
5.407596e-007 2.1569
5.411596e-007 2.1525
5.415596e-007 2.1485
5.419596e-007 2.1452
5.423596e-007 2.1427
5.427596e-007 2.1378
5.431596e-007 2.1331
5.435596e-007 2.1275
5.439596e-007 2.1249
5.443596e-007 2.1215
5.447596e-007 2.1147
5.451596e-007 2.1139
5.455596e-007 2.1058
5.459596e-007 2.1016
5.463596e-007 2.0994
5.467596e-007 2.0926
5.471596e-007 2.0908
5.475596e-007 2.0856
5.479596e-007 2.0788
5.483596e-007 2.0789
5.487596e-007 2.0721
5.491596e-007 2.07
5.495596e-007 2.0627
5.499596e-007 2.0564
5.503596e-007 2.0552
5.507596e-007 2.0503
5.511596e-007 2.0484
5.515596e-007 2.0463
5.519596e-007 2.0428
5.523596e-007 2.0363
5.527596e-007 2.0376
5.531596e-007 2.0319
5.535596e-007 2.0274
5.539596e-007 2.0278
5.543596e-007 2.0235
5.547596e-007 2.0202
5.551596e-007 2.0214
5.555596e-007 2.0192
5.559596e-007 2.0138
5.563596e-007 2.0125
5.567596e-007 2.0131
5.571596e-007 2.0133
5.575596e-007 2.0097
5.579596e-007 2.0067
5.583596e-007 2.0073
5.587596e-007 2.0047
5.591596e-007 2.0007
5.595596e-007 2.0044
5.599596e-007 2.0015
5.603596e-007 2.0014
5.607596e-007 1.9982
5.611596e-007 1.9988
5.615596e-007 2.0001
5.619596e-007 1.9956
5.623596e-007 1.9988
5.627596e-007 1.9941
5.631596e-007 1.9946
5.635596e-007 1.9949
5.639596e-007 1.993
5.643596e-007 1.995
5.647596e-007 1.9964
5.651596e-007 1.9932
5.655596e-007 1.9929
5.659596e-007 1.9969
5.663596e-007 1.9933
5.667596e-007 1.9926
5.671596e-007 1.9926
5.675596e-007 1.9952
5.679596e-007 1.9948
5.683596e-007 1.9915
5.687596e-007 1.9966
5.691596e-007 1.9946
5.695596e-007 1.9954
5.699596e-007 1.9975
5.703596e-007 1.9966
5.707596e-007 1.9961
5.711596e-007 1.9959
5.715596e-007 1.9982
5.719596e-007 2
5.723596e-007 1.9999
5.727596e-007 1.9997
5.731596e-007 2.0036
5.735596e-007 2.0036
5.739596e-007 2.0068
5.743596e-007 2.0058
5.747596e-007 2.0058
5.751596e-007 2.0072
5.755596e-007 2.0112
5.759596e-007 2.0123
5.763596e-007 2.0127
5.767596e-007 2.0143
5.771596e-007 2.0161
5.775596e-007 2.0161
5.779596e-007 2.0197
5.783596e-007 2.0217
5.787596e-007 2.022
5.791596e-007 2.0238
5.795596e-007 2.0267
5.799596e-007 2.0279
5.803596e-007 2.0311
5.807596e-007 2.0292
5.811596e-007 2.0346
5.815596e-007 2.0359
5.819596e-007 2.0391
5.823596e-007 2.0389
5.827596e-007 2.0405
5.831596e-007 2.0422
5.835596e-007 2.0457
5.839596e-007 2.0479
5.843596e-007 2.0491
5.847596e-007 2.0534
5.851596e-007 2.0562
5.855596e-007 2.0548
5.859596e-007 2.0596
5.863596e-007 2.0608
5.867596e-007 2.0633
5.871596e-007 2.066
5.875596e-007 2.0698
5.879596e-007 2.0681
5.883596e-007 2.0716
5.887596e-007 2.0749
5.891596e-007 2.0756
5.895596e-007 2.0801
5.899596e-007 2.0811
5.903596e-007 2.0819
5.907596e-007 2.0867
5.911596e-007 2.0845
5.915596e-007 2.0907
5.919596e-007 2.0957
5.923596e-007 2.0928
5.927596e-007 2.0944
5.931596e-007 2.0996
5.935596e-007 2.0961
5.939596e-007 2.1026
5.943596e-007 2.1007
5.947596e-007 2.1064
5.951596e-007 2.1095
5.955596e-007 2.1076
5.959596e-007 2.1117
5.963596e-007 2.1135
5.967596e-007 2.1169
5.971596e-007 2.1162
5.975596e-007 2.121
5.979596e-007 2.1184
5.983596e-007 2.1214
5.987596e-007 2.1277
5.991596e-007 2.1263
5.995596e-007 2.1285
5.999596e-007 2.1296
6.003596e-007 2.1327
6.007596e-007 2.1328
6.011596e-007 2.1365
6.015596e-007 2.135
6.019596e-007 2.1419
6.023596e-007 2.1418
6.027596e-007 2.141
6.031596e-007 2.1432
6.035596e-007 2.1462
6.039596e-007 2.1473
6.043596e-007 2.1479
6.047596e-007 2.151
6.051596e-007 2.1496
6.055596e-007 2.1509
6.059596e-007 2.1513
6.063596e-007 2.1525
6.067596e-007 2.1538
6.071596e-007 2.1585
6.075596e-007 2.1602
6.079596e-007 2.1625
6.083596e-007 2.166
6.087596e-007 2.1638
6.091596e-007 2.1654
6.095596e-007 2.166
6.099596e-007 2.1703
6.103596e-007 2.1708
6.107596e-007 2.17
6.111596e-007 2.1717
6.115596e-007 2.1727
6.119596e-007 2.1731
6.123596e-007 2.1748
6.127596e-007 2.1799
6.131596e-007 2.1798
6.135596e-007 2.1797
6.139596e-007 2.182
6.143596e-007 2.1833
6.147596e-007 2.1886
6.151596e-007 2.1856
6.155596e-007 2.1864
6.159596e-007 2.1885
6.163596e-007 2.1846
6.167596e-007 2.1888
6.171596e-007 2.189
6.175596e-007 2.1908
6.179596e-007 2.19
6.183596e-007 2.1946
6.187596e-007 2.1919
6.191596e-007 2.1943
6.195596e-007 2.197
6.199596e-007 2.1974
6.203596e-007 2.1993
6.207596e-007 2.2006
6.211596e-007 2.1976
6.215596e-007 2.199
6.219596e-007 2.2015
6.223596e-007 2.2009
6.227596e-007 2.2038
6.231596e-007 2.1995
6.235596e-007 2.2032
6.239596e-007 2.2041
6.243596e-007 2.2057
6.247596e-007 2.2063
6.251596e-007 2.2078
6.255596e-007 2.206
6.259596e-007 2.209
6.263596e-007 2.2111
6.267596e-007 2.2104
6.271596e-007 2.209
6.275596e-007 2.215
6.279596e-007 2.2094
6.283596e-007 2.2114
6.287596e-007 2.2151
6.291596e-007 2.2146
6.295596e-007 2.2164
6.299596e-007 2.2143
6.303596e-007 2.2142
6.307596e-007 2.2149
6.311596e-007 2.216
6.315596e-007 2.2196
6.319596e-007 2.2171
6.323596e-007 2.2181
6.327596e-007 2.2175
6.331596e-007 2.2196
6.335596e-007 2.2188
6.339596e-007 2.2213
6.343596e-007 2.2198
6.347596e-007 2.2184
6.351596e-007 2.2212
6.355596e-007 2.2225
6.359596e-007 2.2196
6.363596e-007 2.2225
6.367596e-007 2.2216
6.371596e-007 2.2194
6.375596e-007 2.2205
6.379596e-007 2.2224
6.383596e-007 2.2199
6.387596e-007 2.2225
6.391596e-007 2.2196
6.395596e-007 2.2206
6.399596e-007 2.2207
6.403596e-007 2.2226
6.407596e-007 2.2207
6.411596e-007 2.2198
6.415596e-007 2.2202
6.419596e-007 2.219
6.423596e-007 2.2185
6.427596e-007 2.22
6.431596e-007 2.2163
6.435596e-007 2.2185
6.439596e-007 2.215
6.443596e-007 2.217
6.447596e-007 2.2163
6.451596e-007 2.2155
6.455596e-007 2.2148
6.459596e-007 2.2129
6.463596e-007 2.213
6.467596e-007 2.2131
6.471596e-007 2.2114
6.475596e-007 2.2097
6.479596e-007 2.2097
6.483596e-007 2.2072
6.487596e-007 2.2057
6.491596e-007 2.2068
6.495596e-007 2.2029
6.499596e-007 2.2044
6.503596e-007 2.2017
6.507596e-007 2.201
6.511596e-007 2.1987
6.515596e-007 2.1976
6.519596e-007 2.1982
6.523596e-007 2.195
6.527596e-007 2.1941
6.531596e-007 2.1939
6.535596e-007 2.1903
6.539596e-007 2.1923
6.543596e-007 2.1897
6.547596e-007 2.1909
6.551596e-007 2.1869
6.555596e-007 2.1849
6.559596e-007 2.1837
6.563596e-007 2.1797
6.567596e-007 2.1807
6.571596e-007 2.1821
6.575596e-007 2.1781
6.579596e-007 2.1815
6.583596e-007 2.1775
6.587596e-007 2.177
6.591596e-007 2.1767
6.595596e-007 2.1757
6.599596e-007 2.1714
6.603596e-007 2.1702
6.607596e-007 2.1706
6.611596e-007 2.1732
6.615596e-007 2.1709
6.619596e-007 2.1701
6.623596e-007 2.1657
6.627596e-007 2.1663
6.631596e-007 2.1634
6.635596e-007 2.1631
6.639596e-007 2.1633
6.643596e-007 2.1618
6.647596e-007 2.1595
6.651596e-007 2.1604
6.655596e-007 2.1561
6.659596e-007 2.1578
6.663596e-007 2.1574
6.667596e-007 2.1578
6.671596e-007 2.1579
6.675596e-007 2.1568
6.679596e-007 2.156
6.683596e-007 2.1537
6.687596e-007 2.1513
6.691596e-007 2.1522
6.695596e-007 2.1493
6.699596e-007 2.1518
6.703596e-007 2.1504
6.707596e-007 2.1492
6.711596e-007 2.1495
6.715596e-007 2.1458
6.719596e-007 2.1483
6.723596e-007 2.1487
6.727596e-007 2.1486
6.731596e-007 2.1512
6.735596e-007 2.1442
6.739596e-007 2.1464
6.743596e-007 2.1464
6.747596e-007 2.1432
6.751596e-007 2.147
6.755596e-007 2.1444
6.759596e-007 2.146
6.763596e-007 2.1473
6.767596e-007 2.1417
6.771596e-007 2.1465
6.775596e-007 2.1448
6.779596e-007 2.1441
6.783596e-007 2.146
6.787596e-007 2.1412
6.791596e-007 2.1454
6.795596e-007 2.1449
6.799596e-007 2.1462
6.803596e-007 2.1487
6.807596e-007 2.1463
6.811596e-007 2.1447
6.815596e-007 2.1476
6.819596e-007 2.1478
6.823596e-007 2.1497
6.827596e-007 2.1488
6.831596e-007 2.1487
6.835596e-007 2.1504
6.839596e-007 2.1495
6.843596e-007 2.1519
6.847596e-007 2.1528
6.851596e-007 2.1532
6.855596e-007 2.1505
6.859596e-007 2.1541
6.863596e-007 2.1537
6.867596e-007 2.1533
6.871596e-007 2.1535
6.875596e-007 2.1549
6.879596e-007 2.1558
6.883596e-007 2.155
6.887596e-007 2.1579
6.891596e-007 2.1607
6.895596e-007 2.1566
6.899596e-007 2.1611
6.903596e-007 2.1564
6.907596e-007 2.162
6.911596e-007 2.1594
6.915596e-007 2.1604
6.919596e-007 2.1656
6.923596e-007 2.1604
6.927596e-007 2.1636
6.931596e-007 2.1648
6.935596e-007 2.1608
6.939596e-007 2.1651
6.943596e-007 2.1661
6.947596e-007 2.165
6.951596e-007 2.1681
6.955596e-007 2.167
6.959596e-007 2.1672
6.963596e-007 2.1693
6.967596e-007 2.1691
6.971596e-007 2.1696
6.975596e-007 2.1735
6.979596e-007 2.1721
6.983596e-007 2.17
6.987596e-007 2.1739
6.991596e-007 2.1738
6.995596e-007 2.1716
6.999596e-007 2.1742
7.003596e-007 2.1726
7.007596e-007 2.1767
7.011596e-007 2.1736
7.015596e-007 2.1781
7.019596e-007 2.1754
7.023596e-007 2.1787
7.027596e-007 2.1783
7.031596e-007 2.176
7.035596e-007 2.18
7.039596e-007 2.1788
7.043596e-007 2.1788
7.047596e-007 2.1834
7.051596e-007 2.1813
7.055596e-007 2.1808
7.059596e-007 2.1834
7.063596e-007 2.1844
7.067596e-007 2.1843
7.071596e-007 2.1856
7.075596e-007 2.1868
7.079596e-007 2.1862
7.083596e-007 2.1865
7.087596e-007 2.1859
7.091596e-007 2.1869
7.095596e-007 2.1864
7.099596e-007 2.1926
7.103596e-007 2.1892
7.107596e-007 2.1922
7.111596e-007 2.1918
7.115596e-007 2.1915
7.119596e-007 2.1964
7.123596e-007 2.1948
7.127596e-007 2.1942
7.131596e-007 2.1953
7.135596e-007 2.1955
7.139596e-007 2.1935
7.143596e-007 2.1957
7.147596e-007 2.1963
7.151596e-007 2.2005
7.155596e-007 2.196
7.159596e-007 2.1993
7.163596e-007 2.1975
7.167596e-007 2.1992
7.171596e-007 2.2012
7.175596e-007 2.1993
7.179596e-007 2.2004
7.183596e-007 2.2019
7.187596e-007 2.2014
7.191596e-007 2.2033
7.195596e-007 2.2038
7.199596e-007 2.2021
7.203596e-007 2.2026
7.207596e-007 2.2056
7.211596e-007 2.2038
7.215596e-007 2.2046
7.219596e-007 2.2087
7.223596e-007 2.2053
7.227596e-007 2.2078
7.231596e-007 2.2068
7.235596e-007 2.2027
7.239596e-007 2.2053
7.243596e-007 2.2041
7.247596e-007 2.2064
7.251596e-007 2.2086
7.255596e-007 2.2062
7.259596e-007 2.2048
7.263596e-007 2.2051
7.267596e-007 2.2056
7.271596e-007 2.2036
7.275596e-007 2.2084
7.279596e-007 2.2007
7.283596e-007 2.2042
7.287596e-007 2.2028
7.291596e-007 2.2026
7.295596e-007 2.2027
7.299596e-007 2.2002
7.303596e-007 2.2019
7.307596e-007 2.2016
7.311596e-007 2.2008
7.315596e-007 2.2024
7.319596e-007 2.1977
7.323596e-007 2.1971
7.327596e-007 2.1957
7.331596e-007 2.1986
7.335596e-007 2.197
7.339596e-007 2.1954
7.343596e-007 2.198
7.347596e-007 2.189
7.351596e-007 2.1906
7.355596e-007 2.1925
7.359596e-007 2.1868
7.363596e-007 2.1894
7.367596e-007 2.1817
7.371596e-007 2.1821
7.375596e-007 2.1809
7.379596e-007 2.1765
7.383596e-007 2.1751
7.387596e-007 2.17
7.391596e-007 2.1651
7.395596e-007 2.1628
7.399596e-007 2.1629
7.403596e-007 2.1587
7.407596e-007 2.1527
7.411596e-007 2.152
7.415596e-007 2.1456
7.419596e-007 2.1428
7.423596e-007 2.1402
7.427596e-007 2.1375
7.431596e-007 2.1312
7.435596e-007 2.1288
7.439596e-007 2.1214
7.443596e-007 2.1212
7.447596e-007 2.1174
7.451596e-007 2.1096
7.455596e-007 2.1056
7.459596e-007 2.0984
7.463596e-007 2.0967
7.467596e-007 2.0925
7.471596e-007 2.0862
7.475596e-007 2.0812
7.479596e-007 2.0782
7.483596e-007 2.0763
7.487596e-007 2.0696
7.491596e-007 2.0618
7.495596e-007 2.0644
7.499596e-007 2.0576
7.503596e-007 2.0565
7.507596e-007 2.0506
7.511596e-007 2.0472
7.515596e-007 2.0433
7.519596e-007 2.0405
7.523596e-007 2.0371
7.527596e-007 2.0319
7.531596e-007 2.0302
7.535596e-007 2.0289
7.539596e-007 2.028
7.543596e-007 2.0241
7.547596e-007 2.021
7.551596e-007 2.0174
7.555596e-007 2.0153
7.559596e-007 2.0157
7.563596e-007 2.0137
7.567596e-007 2.0128
7.571596e-007 2.0093
7.575596e-007 2.0085
7.579596e-007 2.0066
7.583596e-007 2.0042
7.587596e-007 2.0061
7.591596e-007 2.0007
7.595596e-007 2.0016
7.599596e-007 2.0006
7.603596e-007 1.9994
7.607596e-007 2.0042
7.611596e-007 1.9962
7.615596e-007 2.0001
7.619596e-007 1.997
7.623596e-007 1.9948
7.627596e-007 2.0001
7.631596e-007 1.9951
7.635596e-007 1.9974
7.639596e-007 1.9983
7.643596e-007 1.9942
7.647596e-007 1.9941
7.651596e-007 1.9971
7.655596e-007 1.9958
7.659596e-007 1.9965
7.663596e-007 1.9965
7.667596e-007 1.9947
7.671596e-007 1.9955
7.675596e-007 1.9977
7.679596e-007 1.9962
7.683596e-007 1.997
7.687596e-007 1.9931
7.691596e-007 1.998
7.695596e-007 1.9983
7.699596e-007 1.9983
7.703596e-007 1.9986
7.707596e-007 2.002
7.711596e-007 1.9976
7.715596e-007 2.0003
7.719596e-007 2.0052
7.723596e-007 2.0015
7.727596e-007 2.0051
7.731596e-007 2.0081
7.735596e-007 2.0056
7.739596e-007 2.0077
7.743596e-007 2.0126
7.747596e-007 2.0109
7.751596e-007 2.0136
7.755596e-007 2.0152
7.759596e-007 2.0156
7.763596e-007 2.0177
7.767596e-007 2.017
7.771596e-007 2.0199
7.775596e-007 2.0233
7.779596e-007 2.025
7.783596e-007 2.0259
7.787596e-007 2.028
7.791596e-007 2.0301
7.795596e-007 2.03
7.799596e-007 2.0342
7.803596e-007 2.0353
7.807596e-007 2.0355
7.811596e-007 2.0379
7.815596e-007 2.0391
7.819596e-007 2.0433
7.823596e-007 2.0466
7.827596e-007 2.0502
7.831596e-007 2.0505
7.835596e-007 2.0511
7.839596e-007 2.055
7.843596e-007 2.0561
7.847596e-007 2.059
7.851596e-007 2.0607
7.855596e-007 2.0635
7.859596e-007 2.0676
7.863596e-007 2.069
7.867596e-007 2.0695
7.871596e-007 2.0721
7.875596e-007 2.0718
7.879596e-007 2.0763
7.883596e-007 2.0789
7.887596e-007 2.0809
7.891596e-007 2.0826
7.895596e-007 2.0822
7.899596e-007 2.0872
7.903596e-007 2.0902
7.907596e-007 2.0883
7.911596e-007 2.0928
7.915596e-007 2.0947
7.919596e-007 2.0955
7.923596e-007 2.1
7.927596e-007 2.0997
7.931596e-007 2.1055
7.935596e-007 2.1043
7.939596e-007 2.1056
7.943596e-007 2.1066
7.947596e-007 2.1113
7.951596e-007 2.1119
7.955596e-007 2.1123
7.959596e-007 2.1177
7.963596e-007 2.1175
7.967596e-007 2.1211
7.971596e-007 2.1221
7.975596e-007 2.1238
7.979596e-007 2.1264
7.983596e-007 2.126
7.987596e-007 2.1298
7.991596e-007 2.1295
7.995596e-007 2.1308
7.999596e-007 2.1324
8.003596e-007 2.1351
8.007596e-007 2.1388
8.011596e-007 2.1352
8.015596e-007 2.1382
8.019596e-007 2.1431
8.023596e-007 2.1415
8.027596e-007 2.1473
8.031596e-007 2.1483
8.035596e-007 2.1469
8.039596e-007 2.1508
8.043596e-007 2.1531
8.047596e-007 2.1535
8.051596e-007 2.1577
8.055596e-007 2.1592
8.059596e-007 2.1544
8.063596e-007 2.1565
8.067596e-007 2.1597
8.071596e-007 2.1598
8.075596e-007 2.1645
8.079596e-007 2.166
8.083596e-007 2.1654
8.087596e-007 2.1687
8.091596e-007 2.1687
8.095596e-007 2.1725
8.099596e-007 2.1711
8.103596e-007 2.1744
8.107596e-007 2.1709
8.111596e-007 2.1733
8.115596e-007 2.1744
8.119596e-007 2.1762
8.123596e-007 2.179
8.127596e-007 2.1793
8.131596e-007 2.1805
8.135596e-007 2.1836
8.139596e-007 2.1859
8.143596e-007 2.1855
8.147596e-007 2.185
8.151596e-007 2.1863
8.155596e-007 2.1877
8.159596e-007 2.1902
8.163596e-007 2.1892
8.167596e-007 2.1936
8.171596e-007 2.1951
8.175596e-007 2.1939
8.179596e-007 2.1953
8.183596e-007 2.197
8.187596e-007 2.1954
8.191596e-007 2.1977
8.195596e-007 2.1988
8.199596e-007 2.2
8.203596e-007 2.1975
8.207596e-007 2.2024
8.211596e-007 2.1999
8.215596e-007 2.2008
8.219596e-007 2.2023
8.223596e-007 2.2022
8.227596e-007 2.2036
8.231596e-007 2.2041
8.235596e-007 2.2058
8.239596e-007 2.2045
8.243596e-007 2.2077
8.247596e-007 2.2069
8.251596e-007 2.2076
8.255596e-007 2.2091
8.259596e-007 2.2063
8.263596e-007 2.2127
8.267596e-007 2.2098
8.271596e-007 2.2105
8.275596e-007 2.2156
8.279596e-007 2.2113
8.283596e-007 2.2156
8.287596e-007 2.2155
8.291596e-007 2.2144
8.295596e-007 2.2168
8.299596e-007 2.2137
8.303596e-007 2.2177
8.307596e-007 2.2187
8.311596e-007 2.2156
8.315596e-007 2.2171
8.319596e-007 2.2181
8.323596e-007 2.219
8.327596e-007 2.2184
8.331596e-007 2.2188
8.335596e-007 2.2196
8.339596e-007 2.2189
8.343596e-007 2.2203
8.347596e-007 2.2216
8.351596e-007 2.2173
8.355596e-007 2.2228
8.359596e-007 2.2195
8.363596e-007 2.2225
8.367596e-007 2.2207
8.371596e-007 2.2233
8.375596e-007 2.221
8.379596e-007 2.2214
8.383596e-007 2.2208
8.387596e-007 2.2215
8.391596e-007 2.2218
8.395596e-007 2.2208
8.399596e-007 2.2217
8.403596e-007 2.2195
8.407596e-007 2.2219
8.411596e-007 2.2188
8.415596e-007 2.2207
8.419596e-007 2.2189
8.423596e-007 2.217
8.427596e-007 2.2197
8.431596e-007 2.2157
8.435596e-007 2.2182
8.439596e-007 2.2168
8.443596e-007 2.2148
8.447596e-007 2.2142
8.451596e-007 2.2135
8.455596e-007 2.2126
8.459596e-007 2.2137
8.463596e-007 2.2112
8.467596e-007 2.2123
8.471596e-007 2.212
8.475596e-007 2.2118
8.479596e-007 2.2077
8.483596e-007 2.2067
8.487596e-007 2.2053
8.491596e-007 2.2036
8.495596e-007 2.2025
8.499596e-007 2.2022
8.503596e-007 2.1995
8.507596e-007 2.1988
8.511596e-007 2.1996
8.515596e-007 2.1974
8.519596e-007 2.1973
8.523596e-007 2.1939
8.527596e-007 2.1911
8.531596e-007 2.1926
8.535596e-007 2.1904
8.539596e-007 2.191
8.543596e-007 2.1906
8.547596e-007 2.1872
8.551596e-007 2.184
8.555596e-007 2.1848
8.559596e-007 2.1848
8.563596e-007 2.1804
8.567596e-007 2.1796
8.571596e-007 2.1797
8.575596e-007 2.1763
8.579596e-007 2.1782
8.583596e-007 2.1762
8.587596e-007 2.1751
8.591596e-007 2.1742
8.595596e-007 2.1746
8.599596e-007 2.1738
8.603596e-007 2.1744
8.607596e-007 2.1707
8.611596e-007 2.1673
8.615596e-007 2.1673
8.619596e-007 2.1654
8.623596e-007 2.1662
8.627596e-007 2.1643
8.631596e-007 2.1639
8.635596e-007 2.1638
8.639596e-007 2.1603
8.643596e-007 2.1602
8.647596e-007 2.158
8.651596e-007 2.1604
8.655596e-007 2.1591
8.659596e-007 2.1574
8.663596e-007 2.1553
8.667596e-007 2.1575
8.671596e-007 2.1546
8.675596e-007 2.1549
8.679596e-007 2.1524
8.683596e-007 2.1528
8.687596e-007 2.1529
8.691596e-007 2.1491
8.695596e-007 2.1536
8.699596e-007 2.1514
8.703596e-007 2.1513
8.707596e-007 2.1488
8.711596e-007 2.1495
8.715596e-007 2.1489
8.719596e-007 2.1466
8.723596e-007 2.1476
8.727596e-007 2.1456
8.731596e-007 2.1448
8.735596e-007 2.1461
8.739596e-007 2.1412
8.743596e-007 2.144
8.747596e-007 2.1406
8.751596e-007 2.1443
8.755596e-007 2.144
8.759596e-007 2.1447
8.763596e-007 2.145
8.767596e-007 2.1432
8.771596e-007 2.1439
8.775596e-007 2.1429
8.779596e-007 2.1425
8.783596e-007 2.1437
