-1.221502e-007 2.125
-1.217502e-007 2.1259
-1.213502e-007 2.1282
-1.209502e-007 2.1239
-1.205502e-007 2.1255
-1.201502e-007 2.1253
-1.197502e-007 2.1266
-1.193502e-007 2.1287
-1.189502e-007 2.1259
-1.185502e-007 2.1241
-1.181502e-007 2.1257
-1.177502e-007 2.1277
-1.173502e-007 2.1265
-1.169502e-007 2.1274
-1.165502e-007 2.1279
-1.161502e-007 2.1287
-1.157502e-007 2.1279
-1.153502e-007 2.1266
-1.149502e-007 2.1307
-1.145502e-007 2.1263
-1.141502e-007 2.1296
-1.137502e-007 2.1291
-1.133502e-007 2.1272
-1.129502e-007 2.1298
-1.125502e-007 2.1278
-1.121502e-007 2.1285
-1.117502e-007 2.132
-1.113502e-007 2.1304
-1.109502e-007 2.1297
-1.105502e-007 2.1322
-1.101502e-007 2.1287
-1.097502e-007 2.1326
-1.093502e-007 2.1334
-1.089502e-007 2.1306
-1.085502e-007 2.1333
-1.081502e-007 2.1324
-1.077502e-007 2.1327
-1.073502e-007 2.1352
-1.069502e-007 2.1307
-1.065502e-007 2.1328
-1.061502e-007 2.1339
-1.057502e-007 2.132
-1.053502e-007 2.1339
-1.049502e-007 2.1329
-1.045502e-007 2.1385
-1.041502e-007 2.1359
-1.037502e-007 2.1331
-1.033502e-007 2.1361
-1.029502e-007 2.1351
-1.025502e-007 2.1357
-1.021502e-007 2.1365
-1.017502e-007 2.1368
-1.013502e-007 2.1377
-1.009502e-007 2.1381
-1.005502e-007 2.1366
-1.001502e-007 2.1401
-9.975025e-008 2.1388
-9.935025e-008 2.1394
-9.895025e-008 2.1374
-9.855025e-008 2.1386
-9.815025e-008 2.1373
-9.775025e-008 2.1388
-9.735025e-008 2.1409
-9.695025e-008 2.1361
-9.655025e-008 2.1397
-9.615025e-008 2.1423
-9.575025e-008 2.138
-9.535025e-008 2.143
-9.495025e-008 2.1388
-9.455025e-008 2.1386
-9.415025e-008 2.1408
-9.375025e-008 2.1405
-9.335025e-008 2.1418
-9.295025e-008 2.1429
-9.255025e-008 2.145
-9.215025e-008 2.1421
-9.175025e-008 2.1439
-9.135025e-008 2.1424
-9.095025e-008 2.142
-9.055025e-008 2.142
-9.015025e-008 2.1416
-8.975025e-008 2.144
-8.935025e-008 2.1421
-8.895025e-008 2.1419
-8.855025e-008 2.1455
-8.815025e-008 2.1436
-8.775025e-008 2.1424
-8.735025e-008 2.1477
-8.695025e-008 2.1445
-8.655025e-008 2.1466
-8.615025e-008 2.1464
-8.575025e-008 2.146
-8.535025e-008 2.1444
-8.495025e-008 2.1469
-8.455025e-008 2.147
-8.415025e-008 2.148
-8.375025e-008 2.1489
-8.335025e-008 2.1454
-8.295025e-008 2.1471
-8.255025e-008 2.1456
-8.215025e-008 2.1475
-8.175025e-008 2.1471
-8.135025e-008 2.1462
-8.095025e-008 2.1471
-8.055025e-008 2.1503
-8.015025e-008 2.1502
-7.975025e-008 2.1493
-7.935025e-008 2.1484
-7.895025e-008 2.1475
-7.855025e-008 2.1494
-7.815025e-008 2.1501
-7.775025e-008 2.1491
-7.735025e-008 2.1488
-7.695025e-008 2.1513
-7.655025e-008 2.1464
-7.615025e-008 2.1481
-7.575025e-008 2.1507
-7.535025e-008 2.1515
-7.495025e-008 2.1524
-7.455025e-008 2.1504
-7.415025e-008 2.1501
-7.375025e-008 2.1497
-7.335025e-008 2.1537
-7.295025e-008 2.1515
-7.255025e-008 2.1528
-7.215025e-008 2.151
-7.175025e-008 2.1498
-7.135025e-008 2.1538
-7.095025e-008 2.1521
-7.055025e-008 2.151
-7.015025e-008 2.1542
-6.975025e-008 2.1516
-6.935025e-008 2.1535
-6.895025e-008 2.1526
-6.855025e-008 2.1548
-6.815025e-008 2.1543
-6.775025e-008 2.1565
-6.735025e-008 2.1564
-6.695025e-008 2.1535
-6.655025e-008 2.1544
-6.615025e-008 2.1522
-6.575025e-008 2.1556
-6.535025e-008 2.1552
-6.495025e-008 2.1541
-6.455025e-008 2.1579
-6.415025e-008 2.1521
-6.375025e-008 2.1563
-6.335025e-008 2.1559
-6.295025e-008 2.1582
-6.255025e-008 2.1547
-6.215025e-008 2.1568
-6.175025e-008 2.1579
-6.135025e-008 2.1566
-6.095025e-008 2.1569
-6.055025e-008 2.1577
-6.015025e-008 2.1595
-5.975025e-008 2.1579
-5.935025e-008 2.1598
-5.895025e-008 2.158
-5.855025e-008 2.1581
-5.815025e-008 2.1608
-5.775025e-008 2.1597
-5.735025e-008 2.1621
-5.695025e-008 2.1598
-5.655025e-008 2.1596
-5.615025e-008 2.1582
-5.575025e-008 2.1611
-5.535025e-008 2.1623
-5.495025e-008 2.1617
-5.455025e-008 2.1619
-5.415025e-008 2.1623
-5.375025e-008 2.1612
-5.335025e-008 2.1616
-5.295025e-008 2.1616
-5.255025e-008 2.1617
-5.215025e-008 2.164
-5.175025e-008 2.1609
-5.135025e-008 2.1642
-5.095025e-008 2.1625
-5.055025e-008 2.164
-5.015025e-008 2.166
-4.975025e-008 2.1645
-4.935025e-008 2.1661
-4.895025e-008 2.1649
-4.855025e-008 2.1647
-4.815025e-008 2.1659
-4.775025e-008 2.1641
-4.735025e-008 2.1656
-4.695025e-008 2.1658
-4.655025e-008 2.1648
-4.615025e-008 2.1667
-4.575025e-008 2.1657
-4.535025e-008 2.1631
-4.495025e-008 2.1671
-4.455025e-008 2.1663
-4.415025e-008 2.1674
-4.375025e-008 2.1681
-4.335025e-008 2.1655
-4.295025e-008 2.1704
-4.255025e-008 2.167
-4.215025e-008 2.1664
-4.175025e-008 2.1717
-4.135025e-008 2.1708
-4.095025e-008 2.1672
-4.055025e-008 2.1694
-4.015025e-008 2.1691
-3.975025e-008 2.1689
-3.935025e-008 2.1713
-3.895025e-008 2.1678
-3.855025e-008 2.1694
-3.815025e-008 2.1693
-3.775025e-008 2.1687
-3.735025e-008 2.1692
-3.695025e-008 2.1684
-3.655025e-008 2.1714
-3.615025e-008 2.1669
-3.575025e-008 2.1713
-3.535025e-008 2.1706
-3.495025e-008 2.1714
-3.455025e-008 2.1736
-3.415025e-008 2.1709
-3.375025e-008 2.1711
-3.335025e-008 2.1726
-3.295025e-008 2.1722
-3.255025e-008 2.1718
-3.215025e-008 2.1718
-3.175025e-008 2.1694
-3.135025e-008 2.1728
-3.095025e-008 2.1714
-3.055025e-008 2.1699
-3.015025e-008 2.1716
-2.975025e-008 2.1702
-2.935025e-008 2.1726
-2.895025e-008 2.172
-2.855025e-008 2.172
-2.815025e-008 2.1741
-2.775025e-008 2.1701
-2.735025e-008 2.1712
-2.695025e-008 2.171
-2.655025e-008 2.1727
-2.615025e-008 2.1729
-2.575025e-008 2.1732
-2.535025e-008 2.172
-2.495025e-008 2.1723
-2.455025e-008 2.1715
-2.415025e-008 2.1729
-2.375025e-008 2.1709
-2.335025e-008 2.173
-2.295025e-008 2.1732
-2.255025e-008 2.1711
-2.215025e-008 2.1737
-2.175025e-008 2.1701
-2.135025e-008 2.1726
-2.095025e-008 2.1713
-2.055025e-008 2.174
-2.015025e-008 2.1723
-1.975025e-008 2.1706
-1.935025e-008 2.1722
-1.895025e-008 2.1721
-1.855025e-008 2.1712
-1.815025e-008 2.1744
-1.775025e-008 2.1722
-1.735025e-008 2.1745
-1.695025e-008 2.1678
-1.655025e-008 2.1737
-1.615025e-008 2.1706
-1.575025e-008 2.1738
-1.535025e-008 2.1716
-1.495025e-008 2.1702
-1.455025e-008 2.1712
-1.415025e-008 2.1715
-1.375025e-008 2.1713
-1.335025e-008 2.17
-1.295025e-008 2.1717
-1.255025e-008 2.1724
-1.215025e-008 2.171
-1.175025e-008 2.1741
-1.135025e-008 2.1694
-1.095025e-008 2.1707
-1.055025e-008 2.1698
-1.015025e-008 2.172
-9.750249e-009 2.1725
-9.350249e-009 2.1664
-8.950249e-009 2.1687
-8.550249e-009 2.1702
-8.150249e-009 2.1692
-7.750249e-009 2.1705
-7.350249e-009 2.1724
-6.950249e-009 2.1688
-6.550249e-009 2.1694
-6.150249e-009 2.1674
-5.750249e-009 2.1686
-5.350249e-009 2.1699
-4.950249e-009 2.1693
-4.550249e-009 2.169
-4.150249e-009 2.1682
-3.750249e-009 2.1646
-3.350249e-009 2.1693
-2.950249e-009 2.1702
-2.550249e-009 2.1679
-2.150249e-009 2.1675
-1.750249e-009 2.1666
-1.350249e-009 2.1663
-9.502491e-010 2.1642
-5.502491e-010 2.1685
-1.502491e-010 2.1664
2.497509e-010 2.1653
6.497509e-010 2.1668
1.049751e-009 2.1669
1.449751e-009 2.1675
1.849751e-009 2.1689
2.249751e-009 2.1634
2.649751e-009 2.168
3.049751e-009 2.1661
3.449751e-009 2.166
3.849751e-009 2.1671
4.249751e-009 2.1707
4.649751e-009 2.1649
5.049751e-009 2.1647
5.449751e-009 2.164
5.849751e-009 2.1624
6.249751e-009 2.164
6.649751e-009 2.1617
7.049751e-009 2.1627
7.449751e-009 2.163
7.849751e-009 2.1626
8.249751e-009 2.1641
8.649751e-009 2.1646
9.049751e-009 2.165
9.449751e-009 2.162
9.849751e-009 2.1629
1.024975e-008 2.161
1.064975e-008 2.16
1.104975e-008 2.1615
1.144975e-008 2.1632
1.184975e-008 2.1575
1.224975e-008 2.1594
1.264975e-008 2.1615
1.304975e-008 2.1599
1.344975e-008 2.164
1.384975e-008 2.1624
1.424975e-008 2.1585
1.464975e-008 2.1614
1.504975e-008 2.1595
1.544975e-008 2.1611
1.584975e-008 2.158
1.624975e-008 2.1574
1.664975e-008 2.156
1.704975e-008 2.1579
1.744975e-008 2.1552
1.784975e-008 2.1576
1.824975e-008 2.1583
1.864975e-008 2.1572
1.904975e-008 2.155
1.944975e-008 2.1584
1.984975e-008 2.1581
2.024975e-008 2.1565
2.064975e-008 2.1576
2.104975e-008 2.1539
2.144975e-008 2.1558
2.184975e-008 2.1531
2.224975e-008 2.1561
2.264975e-008 2.1516
2.304975e-008 2.1514
2.344975e-008 2.1552
2.384975e-008 2.1531
2.424975e-008 2.154
2.464975e-008 2.1526
2.504975e-008 2.1551
2.544975e-008 2.1513
2.584975e-008 2.1525
2.624975e-008 2.1522
2.664975e-008 2.1517
2.704975e-008 2.1493
2.744975e-008 2.1519
2.784975e-008 2.1513
2.824975e-008 2.1524
2.864975e-008 2.151
2.904975e-008 2.1457
2.944975e-008 2.1485
2.984975e-008 2.1496
3.024975e-008 2.148
3.064975e-008 2.1471
3.104975e-008 2.1494
3.144975e-008 2.1474
3.184975e-008 2.1471
3.224975e-008 2.1486
3.264975e-008 2.1445
3.304975e-008 2.1477
3.344975e-008 2.1468
3.384975e-008 2.1454
3.424975e-008 2.1461
3.464975e-008 2.1459
3.504975e-008 2.1453
3.544975e-008 2.1445
3.584975e-008 2.1432
3.624975e-008 2.1423
3.664975e-008 2.1426
3.704975e-008 2.1442
3.744975e-008 2.1436
3.784975e-008 2.141
3.824975e-008 2.1434
3.864975e-008 2.1393
3.904975e-008 2.1407
3.944975e-008 2.1405
3.984975e-008 2.1368
4.024975e-008 2.1431
4.064975e-008 2.1373
4.104975e-008 2.1404
4.144975e-008 2.137
4.184975e-008 2.1376
4.224975e-008 2.1395
4.264975e-008 2.1388
4.304975e-008 2.1355
4.344975e-008 2.1369
4.384975e-008 2.1375
4.424975e-008 2.135
4.464975e-008 2.1383
4.504975e-008 2.1357
4.544975e-008 2.1367
4.584975e-008 2.1345
4.624975e-008 2.1344
4.664975e-008 2.134
4.704975e-008 2.1339
4.744975e-008 2.1343
4.784975e-008 2.1334
4.824975e-008 2.1325
4.864975e-008 2.1331
4.904975e-008 2.1303
4.944975e-008 2.1325
4.984975e-008 2.1287
5.024975e-008 2.13
5.064975e-008 2.1318
5.104975e-008 2.128
5.144975e-008 2.1294
5.184975e-008 2.1266
5.224975e-008 2.1279
5.264975e-008 2.1293
5.304975e-008 2.1274
5.344975e-008 2.1264
5.384975e-008 2.1291
5.424975e-008 2.1262
5.464975e-008 2.1269
5.504975e-008 2.1272
5.544975e-008 2.1273
5.584975e-008 2.1273
5.624975e-008 2.1239
5.664975e-008 2.1242
5.704975e-008 2.1236
5.744975e-008 2.1269
5.784975e-008 2.1257
5.824975e-008 2.1254
5.864975e-008 2.1244
5.904975e-008 2.1219
5.944975e-008 2.1262
5.984975e-008 2.1261
6.024975e-008 2.1286
6.064975e-008 2.1238
6.104975e-008 2.1249
6.144975e-008 2.1245
6.184975e-008 2.1241
6.224975e-008 2.1259
6.264975e-008 2.1228
6.304975e-008 2.1236
6.344975e-008 2.1242
6.384975e-008 2.1232
6.424975e-008 2.1241
6.464975e-008 2.124
6.504975e-008 2.1205
6.544975e-008 2.1242
6.584975e-008 2.1239
6.624975e-008 2.1222
6.664975e-008 2.1246
6.704975e-008 2.1236
6.744975e-008 2.1248
6.784975e-008 2.124
6.824975e-008 2.1245
6.864975e-008 2.1241
6.904975e-008 2.1226
6.944975e-008 2.1252
6.984975e-008 2.1225
7.024975e-008 2.1243
7.064975e-008 2.1243
7.104975e-008 2.1237
7.144975e-008 2.1269
7.184975e-008 2.1239
7.224975e-008 2.1233
7.264975e-008 2.1242
7.304975e-008 2.126
7.344975e-008 2.1253
7.384975e-008 2.1243
7.424975e-008 2.1247
7.464975e-008 2.1245
7.504975e-008 2.1252
7.544975e-008 2.1246
7.584975e-008 2.1264
7.624975e-008 2.1254
7.664975e-008 2.1265
7.704975e-008 2.1281
7.744975e-008 2.1251
7.784975e-008 2.1286
7.824975e-008 2.1259
7.864975e-008 2.1253
7.904975e-008 2.1275
7.944975e-008 2.1254
7.984975e-008 2.128
8.024975e-008 2.1279
8.064975e-008 2.1275
8.104975e-008 2.127
8.144975e-008 2.1278
8.184975e-008 2.1279
8.224975e-008 2.1288
8.264975e-008 2.1266
8.304975e-008 2.1283
8.344975e-008 2.1284
8.384975e-008 2.1284
8.424975e-008 2.1289
8.464975e-008 2.1283
8.504975e-008 2.1297
8.544975e-008 2.1281
8.584975e-008 2.1275
8.624975e-008 2.1294
8.664975e-008 2.129
8.704975e-008 2.1319
8.744975e-008 2.1311
8.784975e-008 2.1313
8.824975e-008 2.1322
8.864975e-008 2.1334
8.904975e-008 2.1308
8.944975e-008 2.1319
8.984975e-008 2.1334
9.024975e-008 2.1313
9.064975e-008 2.1355
9.104975e-008 2.1333
9.144975e-008 2.1363
9.184975e-008 2.1366
9.224975e-008 2.133
9.264975e-008 2.1367
9.304975e-008 2.1332
9.344975e-008 2.1358
9.384975e-008 2.1352
9.424975e-008 2.1335
9.464975e-008 2.1364
9.504975e-008 2.1374
9.544975e-008 2.1368
9.584975e-008 2.1369
9.624975e-008 2.1384
9.664975e-008 2.1366
9.704975e-008 2.1359
9.744975e-008 2.1389
9.784975e-008 2.1378
9.824975e-008 2.1363
9.864975e-008 2.1378
9.904975e-008 2.1401
9.944975e-008 2.1389
9.984975e-008 2.1377
1.002498e-007 2.1375
1.006498e-007 2.1407
1.010498e-007 2.1414
1.014498e-007 2.1375
1.018498e-007 2.1399
1.022498e-007 2.1396
1.026498e-007 2.1393
1.030498e-007 2.1429
1.034498e-007 2.1402
1.038498e-007 2.1405
1.042498e-007 2.1441
1.046498e-007 2.1415
1.050498e-007 2.1414
1.054498e-007 2.1448
1.058498e-007 2.1412
1.062498e-007 2.1442
1.066498e-007 2.144
1.070498e-007 2.1431
1.074498e-007 2.1476
1.078498e-007 2.1463
1.082498e-007 2.1445
1.086498e-007 2.1468
1.090498e-007 2.1432
1.094498e-007 2.1458
1.098498e-007 2.1452
1.102498e-007 2.1483
1.106498e-007 2.1463
1.110498e-007 2.1487
1.114498e-007 2.1459
1.118498e-007 2.1463
1.122498e-007 2.1486
1.126498e-007 2.1466
1.130498e-007 2.1487
1.134498e-007 2.1473
1.138498e-007 2.1487
1.142498e-007 2.1475
1.146498e-007 2.1484
1.150498e-007 2.1462
1.154498e-007 2.15
1.158498e-007 2.1503
1.162498e-007 2.1485
1.166498e-007 2.1496
1.170498e-007 2.1485
1.174498e-007 2.1494
1.178498e-007 2.1503
1.182498e-007 2.1491
1.186498e-007 2.1511
1.190498e-007 2.1491
1.194498e-007 2.1495
1.198498e-007 2.1548
1.202498e-007 2.1543
1.206498e-007 2.1518
1.210498e-007 2.1511
1.214498e-007 2.1533
1.218498e-007 2.1528
1.222498e-007 2.1521
1.226498e-007 2.1512
1.230498e-007 2.1554
1.234498e-007 2.1518
1.238498e-007 2.1526
1.242498e-007 2.157
1.246498e-007 2.1533
1.250498e-007 2.1541
1.254498e-007 2.156
1.258498e-007 2.1562
1.262498e-007 2.1526
1.266498e-007 2.1591
1.270498e-007 2.155
1.274498e-007 2.1554
1.278498e-007 2.1548
1.282498e-007 2.1548
1.286498e-007 2.1558
1.290498e-007 2.1547
1.294498e-007 2.1555
1.298498e-007 2.1576
1.302498e-007 2.1572
1.306498e-007 2.1568
1.310498e-007 2.1567
1.314498e-007 2.1591
1.318498e-007 2.1584
1.322498e-007 2.1569
1.326498e-007 2.1602
1.330498e-007 2.1588
1.334498e-007 2.1579
1.338498e-007 2.161
1.342498e-007 2.1577
1.346498e-007 2.1585
1.350498e-007 2.1606
1.354498e-007 2.1564
1.358498e-007 2.1574
1.362498e-007 2.1599
1.366498e-007 2.1593
1.370498e-007 2.1585
1.374498e-007 2.1593
1.378498e-007 2.1584
1.382498e-007 2.1612
1.386498e-007 2.1618
1.390498e-007 2.1609
1.394498e-007 2.1569
1.398498e-007 2.1617
1.402498e-007 2.1605
1.406498e-007 2.1609
1.410498e-007 2.166
1.414498e-007 2.1619
1.418498e-007 2.1626
1.422498e-007 2.1582
1.426498e-007 2.1639
1.430498e-007 2.1624
1.434498e-007 2.1632
1.438498e-007 2.1618
1.442498e-007 2.1642
1.446498e-007 2.1627
1.450498e-007 2.1627
1.454498e-007 2.1629
1.458498e-007 2.1625
1.462498e-007 2.1603
1.466498e-007 2.1654
1.470498e-007 2.1624
1.474498e-007 2.1627
1.478498e-007 2.1636
1.482498e-007 2.1653
1.486498e-007 2.1647
1.490498e-007 2.1679
1.494498e-007 2.1648
1.498498e-007 2.1644
1.502498e-007 2.1645
1.506498e-007 2.1661
1.510498e-007 2.167
1.514498e-007 2.1666
1.518498e-007 2.1655
1.522498e-007 2.1665
1.526498e-007 2.1665
1.530498e-007 2.1691
1.534498e-007 2.1693
1.538498e-007 2.1672
1.542498e-007 2.1672
1.546498e-007 2.1668
1.550498e-007 2.1648
1.554498e-007 2.1682
1.558498e-007 2.1664
1.562498e-007 2.1668
1.566498e-007 2.1651
1.570498e-007 2.167
1.574498e-007 2.1664
1.578498e-007 2.1658
1.582498e-007 2.1688
1.586498e-007 2.1656
1.590498e-007 2.1687
1.594498e-007 2.169
1.598498e-007 2.169
1.602498e-007 2.17
1.606498e-007 2.1684
1.610498e-007 2.1665
1.614498e-007 2.17
1.618498e-007 2.1669
1.622498e-007 2.1704
1.626498e-007 2.1677
1.630498e-007 2.1685
1.634498e-007 2.169
1.638498e-007 2.1696
1.642498e-007 2.1689
1.646498e-007 2.1706
1.650498e-007 2.1708
1.654498e-007 2.1693
1.658498e-007 2.1691
1.662498e-007 2.1678
1.666498e-007 2.1692
1.670498e-007 2.1688
1.674498e-007 2.1694
1.678498e-007 2.1699
1.682498e-007 2.172
1.686498e-007 2.1704
1.690498e-007 2.1707
1.694498e-007 2.1706
1.698498e-007 2.1678
1.702498e-007 2.1692
1.706498e-007 2.1723
1.710498e-007 2.1682
1.714498e-007 2.1687
1.718498e-007 2.17
1.722498e-007 2.1685
1.726498e-007 2.1726
1.730498e-007 2.171
1.734498e-007 2.1696
1.738498e-007 2.1721
1.742498e-007 2.1701
1.746498e-007 2.1677
1.750498e-007 2.1716
1.754498e-007 2.1708
1.758498e-007 2.169
1.762498e-007 2.1684
1.766498e-007 2.167
1.770498e-007 2.1718
1.774498e-007 2.1695
1.778498e-007 2.172
1.782498e-007 2.1685
1.786498e-007 2.1671
1.790498e-007 2.1707
1.794498e-007 2.1682
1.798498e-007 2.174
1.802498e-007 2.1692
1.806498e-007 2.1694
1.810498e-007 2.1727
1.814498e-007 2.1663
1.818498e-007 2.1703
1.822498e-007 2.1693
1.826498e-007 2.1685
1.830498e-007 2.1698
1.834498e-007 2.1686
1.838498e-007 2.1701
1.842498e-007 2.1678
1.846498e-007 2.1717
1.850498e-007 2.1725
1.854498e-007 2.1682
1.858498e-007 2.1681
1.862498e-007 2.1664
1.866498e-007 2.1717
1.870498e-007 2.1652
1.874498e-007 2.1685
1.878498e-007 2.1671
1.882498e-007 2.1674
1.886498e-007 2.1653
1.890498e-007 2.1652
1.894498e-007 2.167
1.898498e-007 2.1674
1.902498e-007 2.1673
1.906498e-007 2.1643
1.910498e-007 2.1683
1.914498e-007 2.1658
1.918498e-007 2.1673
1.922498e-007 2.1645
1.926498e-007 2.1683
1.930498e-007 2.1662
1.934498e-007 2.1703
1.938498e-007 2.1678
1.942498e-007 2.1659
1.946498e-007 2.1656
1.950498e-007 2.1641
1.954498e-007 2.1662
1.958498e-007 2.1638
1.962498e-007 2.166
1.966498e-007 2.1638
1.970498e-007 2.1638
1.974498e-007 2.1643
1.978498e-007 2.1637
1.982498e-007 2.1632
1.986498e-007 2.162
1.990498e-007 2.1627
1.994498e-007 2.1622
1.998498e-007 2.1625
2.002498e-007 2.1658
2.006498e-007 2.1632
2.010498e-007 2.1629
2.014498e-007 2.1647
2.018498e-007 2.1632
2.022498e-007 2.1624
2.026498e-007 2.1613
2.030498e-007 2.1583
2.034498e-007 2.163
2.038498e-007 2.1649
2.042498e-007 2.1637
2.046498e-007 2.1622
2.050498e-007 2.1618
2.054498e-007 2.1594
2.058498e-007 2.1597
2.062498e-007 2.1566
2.066498e-007 2.1548
2.070498e-007 2.1599
2.074498e-007 2.1604
2.078498e-007 2.1565
2.082498e-007 2.1641
2.086498e-007 2.1595
2.090498e-007 2.1613
2.094498e-007 2.1586
2.098498e-007 2.1602
2.102498e-007 2.1569
2.106498e-007 2.159
2.110498e-007 2.1605
2.114498e-007 2.1566
2.118498e-007 2.1566
2.122498e-007 2.1566
2.126498e-007 2.1566
2.130498e-007 2.1564
2.134498e-007 2.1609
2.138498e-007 2.1578
2.142498e-007 2.1599
2.146498e-007 2.1569
2.150498e-007 2.1622
2.154498e-007 2.1601
2.158498e-007 2.1547
2.162498e-007 2.1546
2.166498e-007 2.1549
2.170498e-007 2.1579
2.174498e-007 2.1559
2.178498e-007 2.1562
2.182498e-007 2.1537
2.186498e-007 2.1558
2.190498e-007 2.1557
2.194498e-007 2.1547
2.198498e-007 2.1562
2.202498e-007 2.1517
2.206498e-007 2.1573
2.210498e-007 2.1529
2.214498e-007 2.1543
2.218498e-007 2.1551
2.222498e-007 2.153
2.226498e-007 2.1545
2.230498e-007 2.1507
2.234498e-007 2.1529
2.238498e-007 2.1546
2.242498e-007 2.1547
2.246498e-007 2.1518
2.250498e-007 2.1578
2.254498e-007 2.1504
2.258498e-007 2.1517
2.262498e-007 2.1552
2.266498e-007 2.151
2.270498e-007 2.1492
2.274498e-007 2.1498
2.278498e-007 2.1511
2.282498e-007 2.1521
2.286498e-007 2.1479
2.290498e-007 2.1508
2.294498e-007 2.148
2.298498e-007 2.1485
2.302498e-007 2.1492
2.306498e-007 2.1493
2.310498e-007 2.1473
2.314498e-007 2.1503
2.318498e-007 2.1473
2.322498e-007 2.1502
2.326498e-007 2.1483
2.330498e-007 2.1459
2.334498e-007 2.1474
2.338498e-007 2.1445
2.342498e-007 2.1464
2.346498e-007 2.1455
2.350498e-007 2.1474
2.354498e-007 2.1441
2.358498e-007 2.1439
2.362498e-007 2.1465
2.366498e-007 2.1425
2.370498e-007 2.147
2.374498e-007 2.1436
2.378498e-007 2.1459
2.382498e-007 2.1447
2.386498e-007 2.1417
2.390498e-007 2.1413
2.394498e-007 2.1432
2.398498e-007 2.1419
2.402498e-007 2.1427
2.406498e-007 2.1418
2.410498e-007 2.1408
2.414498e-007 2.1408
2.418498e-007 2.1405
2.422498e-007 2.1388
2.426498e-007 2.1385
2.430498e-007 2.1389
2.434498e-007 2.1383
2.438498e-007 2.1347
2.442498e-007 2.1373
2.446498e-007 2.1355
2.450498e-007 2.1365
2.454498e-007 2.1378
2.458498e-007 2.1327
2.462498e-007 2.1346
2.466498e-007 2.1326
2.470498e-007 2.1322
2.474498e-007 2.1329
2.478498e-007 2.1313
2.482498e-007 2.1316
2.486498e-007 2.1299
2.490498e-007 2.1317
2.494498e-007 2.1346
2.498498e-007 2.1276
2.502498e-007 2.1321
2.506498e-007 2.1296
2.510498e-007 2.1289
2.514498e-007 2.1313
2.518498e-007 2.1301
2.522498e-007 2.1311
2.526498e-007 2.1281
2.530498e-007 2.129
2.534498e-007 2.1276
2.538498e-007 2.1259
2.542498e-007 2.1259
2.546498e-007 2.1245
2.550498e-007 2.1262
2.554498e-007 2.1284
2.558498e-007 2.1267
2.562498e-007 2.1283
2.566498e-007 2.1262
2.570498e-007 2.1281
2.574498e-007 2.1259
2.578498e-007 2.1226
2.582498e-007 2.1243
2.586498e-007 2.1221
2.590498e-007 2.1217
2.594498e-007 2.1189
2.598498e-007 2.1229
2.602498e-007 2.1202
2.606498e-007 2.1223
2.610498e-007 2.1237
2.614498e-007 2.1231
2.618498e-007 2.1224
2.622498e-007 2.1239
2.626498e-007 2.1245
2.630498e-007 2.1237
2.634498e-007 2.1244
2.638498e-007 2.1229
2.642498e-007 2.1207
2.646498e-007 2.1227
2.650498e-007 2.1194
2.654498e-007 2.1192
2.658498e-007 2.1205
2.662498e-007 2.1202
2.666498e-007 2.1209
2.670498e-007 2.1188
2.674498e-007 2.1248
2.678498e-007 2.1178
2.682498e-007 2.1226
2.686498e-007 2.1223
2.690498e-007 2.1223
2.694498e-007 2.1238
2.698498e-007 2.1233
2.702498e-007 2.1216
2.706498e-007 2.1225
2.710498e-007 2.1163
2.714498e-007 2.1197
2.718498e-007 2.1207
2.722498e-007 2.1169
2.726498e-007 2.1183
2.730498e-007 2.1197
2.734498e-007 2.1198
2.738498e-007 2.1201
2.742498e-007 2.1229
2.746498e-007 2.1206
2.750498e-007 2.1212
2.754498e-007 2.124
2.758498e-007 2.1235
2.762498e-007 2.1232
2.766498e-007 2.1218
2.770498e-007 2.1209
2.774498e-007 2.1245
2.778498e-007 2.122
2.782498e-007 2.1238
2.786498e-007 2.122
2.790498e-007 2.1219
2.794498e-007 2.1216
2.798498e-007 2.123
2.802498e-007 2.1193
2.806498e-007 2.122
2.810498e-007 2.1243
2.814498e-007 2.1232
2.818498e-007 2.1284
2.822498e-007 2.122
2.826498e-007 2.1277
2.830498e-007 2.1249
2.834498e-007 2.1267
2.838498e-007 2.1244
2.842498e-007 2.1233
2.846498e-007 2.1256
2.850498e-007 2.1252
2.854498e-007 2.1247
2.858498e-007 2.1225
2.862498e-007 2.1243
2.866498e-007 2.1246
2.870498e-007 2.1236
2.874498e-007 2.1274
2.878498e-007 2.1253
2.882498e-007 2.1259
2.886498e-007 2.128
2.890498e-007 2.1313
2.894498e-007 2.1285
2.898498e-007 2.1267
2.902498e-007 2.1298
2.906498e-007 2.1277
2.910498e-007 2.1322
2.914498e-007 2.1289
2.918498e-007 2.126
2.922498e-007 2.1307
2.926498e-007 2.1269
2.930498e-007 2.1286
2.934498e-007 2.1293
2.938498e-007 2.1256
2.942498e-007 2.1304
2.946498e-007 2.1295
2.950498e-007 2.1298
2.954498e-007 2.1321
2.958498e-007 2.1295
2.962498e-007 2.1319
2.966498e-007 2.1309
2.970498e-007 2.1341
2.974498e-007 2.132
2.978498e-007 2.1333
2.982498e-007 2.134
2.986498e-007 2.1333
2.990498e-007 2.1332
2.994498e-007 2.1326
2.998498e-007 2.1318
3.002498e-007 2.1326
3.006498e-007 2.1328
3.010498e-007 2.1355
3.014498e-007 2.1334
3.018498e-007 2.1363
3.022498e-007 2.136
3.026498e-007 2.1353
3.030498e-007 2.1342
3.034498e-007 2.1352
3.038498e-007 2.1398
3.042498e-007 2.1378
3.046498e-007 2.137
3.050498e-007 2.1371
3.054498e-007 2.1342
3.058498e-007 2.1349
3.062498e-007 2.135
3.066498e-007 2.1345
3.070498e-007 2.137
3.074498e-007 2.1377
3.078498e-007 2.1356
3.082498e-007 2.1404
3.086498e-007 2.1383
3.090498e-007 2.1379
3.094498e-007 2.1395
3.098498e-007 2.1377
3.102498e-007 2.139
3.106498e-007 2.1395
3.110498e-007 2.1376
3.114498e-007 2.1399
3.118498e-007 2.1397
3.122498e-007 2.136
3.126498e-007 2.14
3.130498e-007 2.1416
3.134498e-007 2.1413
3.138498e-007 2.1397
3.142498e-007 2.1395
3.146498e-007 2.1417
3.150498e-007 2.1425
3.154498e-007 2.1419
3.158498e-007 2.1386
3.162498e-007 2.1414
3.166498e-007 2.1397
3.170498e-007 2.1409
3.174498e-007 2.1415
3.178498e-007 2.141
3.182498e-007 2.1412
3.186498e-007 2.1434
3.190498e-007 2.1427
3.194498e-007 2.1425
3.198498e-007 2.1444
3.202498e-007 2.1423
3.206498e-007 2.1467
3.210498e-007 2.1459
3.214498e-007 2.1458
3.218498e-007 2.145
3.222498e-007 2.1422
3.226498e-007 2.1441
3.230498e-007 2.1464
3.234498e-007 2.146
3.238498e-007 2.1453
3.242498e-007 2.1454
3.246498e-007 2.1466
3.250498e-007 2.1442
3.254498e-007 2.1479
3.258498e-007 2.1455
3.262498e-007 2.1466
3.266498e-007 2.1455
3.270498e-007 2.1449
3.274498e-007 2.1485
3.278498e-007 2.1435
3.282498e-007 2.1469
3.286498e-007 2.1443
3.290498e-007 2.1471
3.294498e-007 2.1474
3.298498e-007 2.1483
3.302498e-007 2.15
3.306498e-007 2.1491
3.310498e-007 2.1501
3.314498e-007 2.149
3.318498e-007 2.1503
3.322498e-007 2.153
3.326498e-007 2.1482
3.330498e-007 2.1503
3.334498e-007 2.1484
3.338498e-007 2.1486
3.342498e-007 2.1492
3.346498e-007 2.1497
3.350498e-007 2.1537
3.354498e-007 2.1496
3.358498e-007 2.1487
3.362498e-007 2.149
3.366498e-007 2.1521
3.370498e-007 2.1511
3.374498e-007 2.1518
3.378498e-007 2.1508
3.382498e-007 2.1532
3.386498e-007 2.1537
3.390498e-007 2.1526
3.394498e-007 2.1524
3.398498e-007 2.1526
3.402498e-007 2.1529
3.406498e-007 2.1514
3.410498e-007 2.1523
3.414498e-007 2.1544
3.418498e-007 2.1548
3.422498e-007 2.1539
3.426498e-007 2.1563
3.430498e-007 2.153
3.434498e-007 2.1533
3.438498e-007 2.1539
3.442498e-007 2.1545
3.446498e-007 2.1573
3.450498e-007 2.1561
3.454498e-007 2.1567
3.458498e-007 2.1562
3.462498e-007 2.1579
3.466498e-007 2.1549
3.470498e-007 2.1582
3.474498e-007 2.1565
3.478498e-007 2.1578
3.482498e-007 2.1618
3.486498e-007 2.1577
3.490498e-007 2.1595
3.494498e-007 2.1558
3.498498e-007 2.1591
3.502498e-007 2.1598
3.506498e-007 2.1625
3.510498e-007 2.1601
3.514498e-007 2.162
3.518498e-007 2.1614
3.522498e-007 2.1606
3.526498e-007 2.1615
3.530498e-007 2.1623
3.534498e-007 2.1603
3.538498e-007 2.1634
3.542498e-007 2.1609
3.546498e-007 2.163
3.550498e-007 2.1636
3.554498e-007 2.163
3.558498e-007 2.1616
3.562498e-007 2.1648
3.566498e-007 2.1612
3.570498e-007 2.1652
3.574498e-007 2.1666
3.578498e-007 2.1647
3.582498e-007 2.1663
3.586498e-007 2.164
3.590498e-007 2.1688
3.594498e-007 2.167
3.598498e-007 2.1632
3.602498e-007 2.1677
3.606498e-007 2.1654
3.610498e-007 2.1686
3.614498e-007 2.168
3.618498e-007 2.1662
3.622498e-007 2.1675
3.626498e-007 2.1668
3.630498e-007 2.1688
3.634498e-007 2.1687
3.638498e-007 2.1666
3.642498e-007 2.1665
3.646498e-007 2.1655
3.650498e-007 2.1674
3.654498e-007 2.1696
3.658498e-007 2.1696
3.662498e-007 2.1666
3.666498e-007 2.1704
3.670498e-007 2.1659
3.674498e-007 2.1697
3.678498e-007 2.169
3.682498e-007 2.1684
3.686498e-007 2.1688
3.690498e-007 2.1677
3.694498e-007 2.1681
3.698498e-007 2.1692
3.702498e-007 2.1677
3.706498e-007 2.1685
3.710498e-007 2.1661
3.714498e-007 2.171
3.718498e-007 2.168
3.722498e-007 2.1688
3.726498e-007 2.1713
3.730498e-007 2.1688
3.734498e-007 2.1701
3.738498e-007 2.1702
3.742498e-007 2.1717
3.746498e-007 2.1688
3.750498e-007 2.1708
3.754498e-007 2.1681
3.758498e-007 2.1699
3.762498e-007 2.1711
3.766498e-007 2.1672
3.770498e-007 2.1724
3.774498e-007 2.1708
3.778498e-007 2.1732
3.782498e-007 2.1701
3.786498e-007 2.1708
3.790498e-007 2.1725
3.794498e-007 2.1709
3.798498e-007 2.1727
3.802498e-007 2.1721
3.806498e-007 2.1718
3.810498e-007 2.1714
3.814498e-007 2.1696
3.818498e-007 2.1722
3.822498e-007 2.1722
3.826498e-007 2.1709
3.830498e-007 2.1712
3.834498e-007 2.1722
3.838498e-007 2.1709
3.842498e-007 2.1705
3.846498e-007 2.1719
3.850498e-007 2.173
3.854498e-007 2.1666
3.858498e-007 2.1718
3.862498e-007 2.1702
3.866498e-007 2.1697
3.870498e-007 2.1696
3.874498e-007 2.1712
3.878498e-007 2.1679
3.882498e-007 2.1731
3.886498e-007 2.1731
3.890498e-007 2.17
3.894498e-007 2.1718
3.898498e-007 2.1675
3.902498e-007 2.1695
3.906498e-007 2.1699
3.910498e-007 2.1683
3.914498e-007 2.1707
3.918498e-007 2.1692
3.922498e-007 2.165
3.926498e-007 2.1695
3.930498e-007 2.1686
3.934498e-007 2.169
3.938498e-007 2.168
3.942498e-007 2.1672
3.946498e-007 2.1651
3.950498e-007 2.1682
3.954498e-007 2.1693
3.958498e-007 2.1657
3.962498e-007 2.1694
3.966498e-007 2.166
3.970498e-007 2.1684
3.974498e-007 2.1698
3.978498e-007 2.1676
3.982498e-007 2.1687
3.986498e-007 2.1677
3.990498e-007 2.1695
3.994498e-007 2.1656
3.998498e-007 2.1686
4.002498e-007 2.1662
4.006498e-007 2.1674
4.010498e-007 2.1671
4.014498e-007 2.1668
4.018498e-007 2.1672
4.022498e-007 2.1682
4.026498e-007 2.1661
4.030498e-007 2.1648
4.034498e-007 2.1665
4.038498e-007 2.1666
4.042498e-007 2.1675
4.046498e-007 2.1632
4.050498e-007 2.1658
4.054498e-007 2.1631
4.058498e-007 2.1609
4.062498e-007 2.1645
4.066498e-007 2.166
4.070498e-007 2.1625
4.074498e-007 2.1648
4.078498e-007 2.1626
4.082498e-007 2.1613
4.086498e-007 2.1649
4.090498e-007 2.1625
4.094498e-007 2.1654
4.098498e-007 2.1627
4.102498e-007 2.1623
4.106498e-007 2.1601
4.110498e-007 2.162
4.114498e-007 2.1598
4.118498e-007 2.16
4.122498e-007 2.1639
4.126498e-007 2.1614
4.130498e-007 2.1603
4.134498e-007 2.1653
4.138498e-007 2.1613
4.142498e-007 2.1644
4.146498e-007 2.1621
4.150498e-007 2.1587
4.154498e-007 2.1619
4.158498e-007 2.1618
4.162498e-007 2.1574
4.166498e-007 2.1622
4.170498e-007 2.1594
4.174498e-007 2.1571
4.178498e-007 2.1594
4.182498e-007 2.1587
4.186498e-007 2.1581
4.190498e-007 2.1596
4.194498e-007 2.1584
4.198498e-007 2.161
4.202498e-007 2.1574
4.206498e-007 2.1556
4.210498e-007 2.1577
4.214498e-007 2.155
4.218498e-007 2.1563
4.222498e-007 2.1581
4.226498e-007 2.1555
4.230498e-007 2.1544
4.234498e-007 2.1558
4.238498e-007 2.1568
4.242498e-007 2.1549
4.246498e-007 2.1591
4.250498e-007 2.1562
4.254498e-007 2.1546
4.258498e-007 2.1551
4.262498e-007 2.1572
4.266498e-007 2.155
4.270498e-007 2.1554
4.274498e-007 2.1535
4.278498e-007 2.1529
4.282498e-007 2.1537
4.286498e-007 2.1541
4.290498e-007 2.1539
4.294498e-007 2.1524
4.298498e-007 2.1539
4.302498e-007 2.1507
4.306498e-007 2.1495
4.310498e-007 2.1498
4.314498e-007 2.1516
4.318498e-007 2.1528
4.322498e-007 2.153
4.326498e-007 2.1513
4.330498e-007 2.1485
4.334498e-007 2.1484
4.338498e-007 2.1499
4.342498e-007 2.1502
4.346498e-007 2.1468
4.350498e-007 2.1474
4.354498e-007 2.1454
4.358498e-007 2.1468
4.362498e-007 2.1445
4.366498e-007 2.147
4.370498e-007 2.1475
4.374498e-007 2.142
4.378498e-007 2.1494
4.382498e-007 2.143
4.386498e-007 2.1441
4.390498e-007 2.1422
4.394498e-007 2.1432
4.398498e-007 2.1449
4.402498e-007 2.1419
4.406498e-007 2.1409
4.410498e-007 2.1421
4.414498e-007 2.144
4.418498e-007 2.1385
4.422498e-007 2.1424
4.426498e-007 2.1406
4.430498e-007 2.1391
4.434498e-007 2.1433
4.438498e-007 2.14
4.442498e-007 2.1388
4.446498e-007 2.1388
4.450498e-007 2.136
4.454498e-007 2.1384
4.458498e-007 2.1375
4.462498e-007 2.1381
4.466498e-007 2.1375
4.470498e-007 2.1352
4.474498e-007 2.1389
4.478498e-007 2.1345
4.482498e-007 2.1357
4.486498e-007 2.1342
4.490498e-007 2.1318
4.494498e-007 2.1332
4.498498e-007 2.1334
4.502498e-007 2.1329
4.506498e-007 2.1357
4.510498e-007 2.1318
4.514498e-007 2.1319
4.518498e-007 2.133
4.522498e-007 2.1289
4.526498e-007 2.1331
4.530498e-007 2.1316
4.534498e-007 2.1331
4.538498e-007 2.1331
4.542498e-007 2.1293
4.546498e-007 2.1283
4.550498e-007 2.13
4.554498e-007 2.1285
4.558498e-007 2.13
4.562498e-007 2.1304
4.566498e-007 2.1301
4.570498e-007 2.1288
4.574498e-007 2.1313
4.578498e-007 2.1284
4.582498e-007 2.1296
4.586498e-007 2.1272
4.590498e-007 2.1285
4.594498e-007 2.1305
4.598498e-007 2.1288
4.602498e-007 2.1309
4.606498e-007 2.1294
4.610498e-007 2.1252
4.614498e-007 2.1299
4.618498e-007 2.1299
4.622498e-007 2.1276
4.626498e-007 2.1303
4.630498e-007 2.1283
4.634498e-007 2.1268
4.638498e-007 2.1256
4.642498e-007 2.1275
4.646498e-007 2.1298
4.650498e-007 2.1312
4.654498e-007 2.1288
4.658498e-007 2.129
4.662498e-007 2.1278
4.666498e-007 2.1304
4.670498e-007 2.1303
4.674498e-007 2.1308
4.678498e-007 2.1292
4.682498e-007 2.1271
4.686498e-007 2.1283
4.690498e-007 2.1272
4.694498e-007 2.1293
4.698498e-007 2.1285
4.702498e-007 2.131
4.706498e-007 2.1296
4.710498e-007 2.1289
4.714498e-007 2.1277
4.718498e-007 2.1289
4.722498e-007 2.1289
4.726498e-007 2.1303
4.730498e-007 2.1296
4.734498e-007 2.1326
4.738498e-007 2.1301
4.742498e-007 2.1308
4.746498e-007 2.1316
4.750498e-007 2.13
4.754498e-007 2.1339
4.758498e-007 2.129
4.762498e-007 2.1323
4.766498e-007 2.1332
4.770498e-007 2.1319
4.774498e-007 2.1314
4.778498e-007 2.1333
4.782498e-007 2.1334
4.786498e-007 2.1324
4.790498e-007 2.135
4.794498e-007 2.1325
4.798498e-007 2.1328
4.802498e-007 2.1347
4.806498e-007 2.1332
4.810498e-007 2.134
4.814498e-007 2.1314
4.818498e-007 2.1367
4.822498e-007 2.1346
4.826498e-007 2.1346
4.830498e-007 2.136
4.834498e-007 2.1367
4.838498e-007 2.1345
4.842498e-007 2.1359
4.846498e-007 2.1386
4.850498e-007 2.1373
4.854498e-007 2.1363
4.858498e-007 2.1384
4.862498e-007 2.1355
4.866498e-007 2.1371
4.870498e-007 2.1391
4.874498e-007 2.1374
4.878498e-007 2.1396
4.882498e-007 2.1402
4.886498e-007 2.1407
4.890498e-007 2.1395
4.894498e-007 2.1398
4.898498e-007 2.1409
4.902498e-007 2.1394
4.906498e-007 2.1396
4.910498e-007 2.1398
4.914498e-007 2.1439
4.918498e-007 2.1403
4.922498e-007 2.1434
4.926498e-007 2.1444
4.930498e-007 2.1404
4.934498e-007 2.1402
4.938498e-007 2.1454
4.942498e-007 2.1405
4.946498e-007 2.1442
4.950498e-007 2.1456
4.954498e-007 2.1435
4.958498e-007 2.1461
4.962498e-007 2.144
4.966498e-007 2.1454
4.970498e-007 2.146
4.974498e-007 2.149
4.978498e-007 2.145
4.982498e-007 2.1445
4.986498e-007 2.1463
4.990498e-007 2.1466
4.994498e-007 2.1473
4.998498e-007 2.1456
5.002498e-007 2.1461
5.006498e-007 2.1474
5.010498e-007 2.1456
5.014498e-007 2.147
5.018498e-007 2.1495
5.022498e-007 2.1474
5.026498e-007 2.1468
5.030498e-007 2.1476
5.034498e-007 2.1519
5.038498e-007 2.1512
5.042498e-007 2.1514
5.046498e-007 2.1519
5.050498e-007 2.1496
5.054498e-007 2.1511
5.058498e-007 2.151
5.062498e-007 2.1504
5.066498e-007 2.1511
5.070498e-007 2.1509
5.074498e-007 2.1541
5.078498e-007 2.1519
5.082498e-007 2.154
5.086498e-007 2.1539
5.090498e-007 2.1521
5.094498e-007 2.1528
5.098498e-007 2.1522
5.102498e-007 2.1521
5.106498e-007 2.1524
5.110498e-007 2.1562
5.114498e-007 2.1552
5.118498e-007 2.1538
5.122498e-007 2.1572
5.126498e-007 2.1551
5.130498e-007 2.1558
5.134498e-007 2.1568
5.138498e-007 2.1584
5.142498e-007 2.1573
5.146498e-007 2.1562
5.150498e-007 2.1566
5.154498e-007 2.1593
5.158498e-007 2.1567
5.162498e-007 2.1589
5.166498e-007 2.1562
5.170498e-007 2.158
5.174498e-007 2.1586
5.178498e-007 2.1581
5.182498e-007 2.1602
5.186498e-007 2.1595
5.190498e-007 2.1569
5.194498e-007 2.1583
5.198498e-007 2.1598
5.202498e-007 2.1619
5.206498e-007 2.1611
5.210498e-007 2.1598
5.214498e-007 2.1594
5.218498e-007 2.1615
5.222498e-007 2.1609
5.226498e-007 2.1591
5.230498e-007 2.1584
5.234498e-007 2.1598
5.238498e-007 2.1586
5.242498e-007 2.1623
5.246498e-007 2.1607
5.250498e-007 2.1614
5.254498e-007 2.1604
5.258498e-007 2.1614
5.262498e-007 2.1582
5.266498e-007 2.1628
5.270498e-007 2.1617
5.274498e-007 2.161
5.278498e-007 2.1586
5.282498e-007 2.1623
5.286498e-007 2.1614
5.290498e-007 2.1625
5.294498e-007 2.1617
5.298498e-007 2.1654
5.302498e-007 2.1648
5.306498e-007 2.1644
5.310498e-007 2.1631
5.314498e-007 2.1645
5.318498e-007 2.1617
5.322498e-007 2.1655
5.326498e-007 2.1632
5.330498e-007 2.1608
5.334498e-007 2.1637
5.338498e-007 2.1642
5.342498e-007 2.1631
5.346498e-007 2.1636
5.350498e-007 2.1659
5.354498e-007 2.164
5.358498e-007 2.1646
5.362498e-007 2.1617
5.366498e-007 2.1626
5.370498e-007 2.1618
5.374498e-007 2.1643
5.378498e-007 2.1642
5.382498e-007 2.1626
5.386498e-007 2.1666
5.390498e-007 2.1627
5.394498e-007 2.1624
5.398498e-007 2.1651
5.402498e-007 2.1616
5.406498e-007 2.1637
5.410498e-007 2.1633
5.414498e-007 2.1668
5.418498e-007 2.1649
5.422498e-007 2.162
5.426498e-007 2.1663
5.430498e-007 2.1656
5.434498e-007 2.1643
5.438498e-007 2.1674
5.442498e-007 2.1671
5.446498e-007 2.1644
5.450498e-007 2.1643
5.454498e-007 2.1654
5.458498e-007 2.1662
5.462498e-007 2.1638
5.466498e-007 2.168
5.470498e-007 2.1653
5.474498e-007 2.1629
5.478498e-007 2.1661
5.482498e-007 2.1645
5.486498e-007 2.1658
5.490498e-007 2.1622
5.494498e-007 2.1638
5.498498e-007 2.1649
5.502498e-007 2.1658
5.506498e-007 2.1706
5.510498e-007 2.1645
5.514498e-007 2.1707
5.518498e-007 2.1692
5.522498e-007 2.167
5.526498e-007 2.1693
5.530498e-007 2.1679
5.534498e-007 2.1679
5.538498e-007 2.1695
5.542498e-007 2.1686
5.546498e-007 2.1669
5.550498e-007 2.1682
5.554498e-007 2.1661
5.558498e-007 2.166
5.562498e-007 2.1672
5.566498e-007 2.1656
5.570498e-007 2.1693
5.574498e-007 2.167
5.578498e-007 2.1684
5.582498e-007 2.1675
5.586498e-007 2.1685
5.590498e-007 2.1672
5.594498e-007 2.1708
5.598498e-007 2.1659
5.602498e-007 2.169
5.606498e-007 2.1679
5.610498e-007 2.1683
5.614498e-007 2.1709
5.618498e-007 2.1722
5.622498e-007 2.1683
5.626498e-007 2.17
5.630498e-007 2.1715
5.634498e-007 2.1671
5.638498e-007 2.1709
5.642498e-007 2.1669
5.646498e-007 2.1705
5.650498e-007 2.1721
5.654498e-007 2.1695
5.658498e-007 2.169
5.662498e-007 2.1691
5.666498e-007 2.1715
5.670498e-007 2.1694
5.674498e-007 2.1706
5.678498e-007 2.167
5.682498e-007 2.1709
5.686498e-007 2.1679
5.690498e-007 2.1686
5.694498e-007 2.1694
5.698498e-007 2.1689
5.702498e-007 2.1674
5.706498e-007 2.1693
5.710498e-007 2.1705
5.714498e-007 2.1708
5.718498e-007 2.1706
5.722498e-007 2.1693
5.726498e-007 2.1685
5.730498e-007 2.171
5.734498e-007 2.1724
5.738498e-007 2.1696
5.742498e-007 2.1679
5.746498e-007 2.1711
5.750498e-007 2.1709
5.754498e-007 2.1727
5.758498e-007 2.17
5.762498e-007 2.1686
5.766498e-007 2.1695
5.770498e-007 2.1636
5.774498e-007 2.1742
5.778498e-007 2.1696
5.782498e-007 2.1692
5.786498e-007 2.1682
5.790498e-007 2.168
5.794498e-007 2.1689
5.798498e-007 2.1697
5.802498e-007 2.1713
5.806498e-007 2.17
5.810498e-007 2.1678
5.814498e-007 2.1697
5.818498e-007 2.1699
5.822498e-007 2.1687
5.826498e-007 2.1729
5.830498e-007 2.168
5.834498e-007 2.1673
5.838498e-007 2.1693
5.842498e-007 2.1654
5.846498e-007 2.1687
5.850498e-007 2.169
5.854498e-007 2.1697
5.858498e-007 2.169
5.862498e-007 2.1675
5.866498e-007 2.1697
5.870498e-007 2.168
5.874498e-007 2.167
5.878498e-007 2.1675
5.882498e-007 2.1669
5.886498e-007 2.1677
5.890498e-007 2.1678
5.894498e-007 2.1701
5.898498e-007 2.1661
5.902498e-007 2.1664
5.906498e-007 2.1674
5.910498e-007 2.1659
5.914498e-007 2.1674
5.918498e-007 2.1661
5.922498e-007 2.1685
5.926498e-007 2.1636
5.930498e-007 2.1692
5.934498e-007 2.1637
5.938498e-007 2.166
5.942498e-007 2.1656
5.946498e-007 2.1642
5.950498e-007 2.165
5.954498e-007 2.1643
5.958498e-007 2.1627
5.962498e-007 2.1636
5.966498e-007 2.1643
5.970498e-007 2.1632
5.974498e-007 2.1638
5.978498e-007 2.1631
5.982498e-007 2.1622
5.986498e-007 2.1636
5.990498e-007 2.1632
5.994498e-007 2.1584
5.998498e-007 2.1638
6.002498e-007 2.1617
6.006498e-007 2.1609
6.010498e-007 2.1639
6.014498e-007 2.1605
6.018498e-007 2.1614
6.022498e-007 2.1587
6.026498e-007 2.1597
6.030498e-007 2.1607
6.034498e-007 2.1581
6.038498e-007 2.1614
6.042498e-007 2.1589
6.046498e-007 2.1583
6.050498e-007 2.159
6.054498e-007 2.1569
6.058498e-007 2.1575
6.062498e-007 2.1573
6.066498e-007 2.1577
6.070498e-007 2.1571
6.074498e-007 2.1593
6.078498e-007 2.1575
6.082498e-007 2.16
6.086498e-007 2.1585
6.090498e-007 2.1532
6.094498e-007 2.1562
6.098498e-007 2.1551
6.102498e-007 2.1542
6.106498e-007 2.1567
6.110498e-007 2.154
6.114498e-007 2.1519
6.118498e-007 2.1561
6.122498e-007 2.1537
6.126498e-007 2.1524
6.130498e-007 2.1576
6.134498e-007 2.1526
6.138498e-007 2.1528
6.142498e-007 2.157
6.146498e-007 2.1549
6.150498e-007 2.1558
6.154498e-007 2.1522
6.158498e-007 2.1529
6.162498e-007 2.1536
6.166498e-007 2.1532
6.170498e-007 2.1533
6.174498e-007 2.1516
6.178498e-007 2.1508
6.182498e-007 2.1491
6.186498e-007 2.1506
6.190498e-007 2.1514
6.194498e-007 2.1513
6.198498e-007 2.1533
6.202498e-007 2.1517
6.206498e-007 2.1541
6.210498e-007 2.1537
6.214498e-007 2.1477
6.218498e-007 2.1515
6.222498e-007 2.1497
6.226498e-007 2.15
6.230498e-007 2.1491
6.234498e-007 2.148
6.238498e-007 2.1472
6.242498e-007 2.1495
6.246498e-007 2.1501
6.250498e-007 2.1461
6.254498e-007 2.1475
6.258498e-007 2.1483
6.262498e-007 2.1485
6.266498e-007 2.1504
6.270498e-007 2.1481
6.274498e-007 2.1472
6.278498e-007 2.1461
6.282498e-007 2.1477
6.286498e-007 2.1462
6.290498e-007 2.144
6.294498e-007 2.1469
6.298498e-007 2.1458
6.302498e-007 2.1433
6.306498e-007 2.1422
6.310498e-007 2.1472
6.314498e-007 2.1428
6.318498e-007 2.1447
6.322498e-007 2.1438
6.326498e-007 2.1424
6.330498e-007 2.1426
6.334498e-007 2.1428
6.338498e-007 2.1446
6.342498e-007 2.1423
6.346498e-007 2.1406
6.350498e-007 2.1432
6.354498e-007 2.1423
6.358498e-007 2.1445
6.362498e-007 2.1397
6.366498e-007 2.1391
6.370498e-007 2.1391
6.374498e-007 2.1398
6.378498e-007 2.1399
6.382498e-007 2.1408
6.386498e-007 2.1369
6.390498e-007 2.1382
6.394498e-007 2.1381
6.398498e-007 2.1381
6.402498e-007 2.1381
6.406498e-007 2.1355
6.410498e-007 2.1374
6.414498e-007 2.1356
6.418498e-007 2.1373
6.422498e-007 2.1355
6.426498e-007 2.1343
6.430498e-007 2.1336
6.434498e-007 2.1314
6.438498e-007 2.1339
6.442498e-007 2.1313
6.446498e-007 2.1319
6.450498e-007 2.1333
6.454498e-007 2.1305
6.458498e-007 2.1292
6.462498e-007 2.1317
6.466498e-007 2.1286
6.470498e-007 2.1298
6.474498e-007 2.1329
6.478498e-007 2.1263
6.482498e-007 2.1299
6.486498e-007 2.1264
6.490498e-007 2.1279
6.494498e-007 2.1267
6.498498e-007 2.1278
6.502498e-007 2.1266
6.506498e-007 2.1256
6.510498e-007 2.1249
6.514498e-007 2.1269
6.518498e-007 2.1272
6.522498e-007 2.1241
6.526498e-007 2.1244
6.530498e-007 2.124
6.534498e-007 2.1245
6.538498e-007 2.1248
6.542498e-007 2.1253
6.546498e-007 2.1228
6.550498e-007 2.1258
6.554498e-007 2.1223
6.558498e-007 2.1231
6.562498e-007 2.1239
6.566498e-007 2.1216
6.570498e-007 2.1232
6.574498e-007 2.1204
6.578498e-007 2.1238
6.582498e-007 2.1222
6.586498e-007 2.1198
6.590498e-007 2.1219
6.594498e-007 2.1197
6.598498e-007 2.1212
6.602498e-007 2.1233
6.606498e-007 2.1221
6.610498e-007 2.1194
6.614498e-007 2.1204
6.618498e-007 2.1228
6.622498e-007 2.1189
6.626498e-007 2.1226
6.630498e-007 2.1181
6.634498e-007 2.117
6.638498e-007 2.1193
6.642498e-007 2.119
6.646498e-007 2.1176
6.650498e-007 2.1204
6.654498e-007 2.1184
6.658498e-007 2.119
6.662498e-007 2.1187
6.666498e-007 2.1196
6.670498e-007 2.1204
6.674498e-007 2.1185
6.678498e-007 2.1181
6.682498e-007 2.118
6.686498e-007 2.1187
6.690498e-007 2.1198
6.694498e-007 2.1214
6.698498e-007 2.1209
6.702498e-007 2.1187
6.706498e-007 2.1204
6.710498e-007 2.1219
6.714498e-007 2.1166
6.718498e-007 2.1198
6.722498e-007 2.1204
6.726498e-007 2.1211
6.730498e-007 2.119
6.734498e-007 2.1208
6.738498e-007 2.1227
6.742498e-007 2.1195
6.746498e-007 2.1184
6.750498e-007 2.1204
6.754498e-007 2.1208
6.758498e-007 2.1238
6.762498e-007 2.1199
6.766498e-007 2.1203
6.770498e-007 2.1216
6.774498e-007 2.1184
6.778498e-007 2.124
6.782498e-007 2.1215
6.786498e-007 2.1206
6.790498e-007 2.1215
6.794498e-007 2.122
6.798498e-007 2.1234
6.802498e-007 2.121
6.806498e-007 2.1251
6.810498e-007 2.1215
6.814498e-007 2.1214
6.818498e-007 2.1244
6.822498e-007 2.1227
6.826498e-007 2.1245
6.830498e-007 2.1255
6.834498e-007 2.1247
6.838498e-007 2.1243
6.842498e-007 2.1263
6.846498e-007 2.1263
6.850498e-007 2.1223
6.854498e-007 2.1271
6.858498e-007 2.1269
6.862498e-007 2.1255
6.866498e-007 2.13
6.870498e-007 2.1276
6.874498e-007 2.1269
6.878498e-007 2.1268
6.882498e-007 2.1289
6.886498e-007 2.1281
6.890498e-007 2.1283
6.894498e-007 2.1303
6.898498e-007 2.1305
6.902498e-007 2.1308
6.906498e-007 2.1307
6.910498e-007 2.1308
6.914498e-007 2.1295
6.918498e-007 2.1339
6.922498e-007 2.1308
6.926498e-007 2.1311
6.930498e-007 2.1316
6.934498e-007 2.1341
6.938498e-007 2.1311
6.942498e-007 2.1325
6.946498e-007 2.132
6.950498e-007 2.1342
6.954498e-007 2.1314
6.958498e-007 2.1319
6.962498e-007 2.1311
6.966498e-007 2.1356
6.970498e-007 2.1331
6.974498e-007 2.1366
6.978498e-007 2.1343
6.982498e-007 2.1315
6.986498e-007 2.1352
6.990498e-007 2.1343
6.994498e-007 2.1332
6.998498e-007 2.1346
7.002498e-007 2.1351
7.006498e-007 2.1377
7.010498e-007 2.1358
7.014498e-007 2.1351
7.018498e-007 2.1362
7.022498e-007 2.1361
7.026498e-007 2.1396
7.030498e-007 2.1382
7.034498e-007 2.1388
7.038498e-007 2.1395
7.042498e-007 2.1387
7.046498e-007 2.1375
7.050498e-007 2.1402
7.054498e-007 2.1359
7.058498e-007 2.1359
7.062498e-007 2.1385
7.066498e-007 2.1381
7.070498e-007 2.1393
7.074498e-007 2.1418
7.078498e-007 2.1378
7.082498e-007 2.1423
7.086498e-007 2.1375
7.090498e-007 2.1439
7.094498e-007 2.1429
7.098498e-007 2.1394
7.102498e-007 2.141
7.106498e-007 2.1416
7.110498e-007 2.141
7.114498e-007 2.1403
7.118498e-007 2.143
7.122498e-007 2.1401
7.126498e-007 2.1397
7.130498e-007 2.147
7.134498e-007 2.1415
7.138498e-007 2.1419
7.142498e-007 2.1454
7.146498e-007 2.1442
7.150498e-007 2.1443
7.154498e-007 2.1466
7.158498e-007 2.1419
7.162498e-007 2.1418
7.166498e-007 2.1455
7.170498e-007 2.1438
7.174498e-007 2.1454
7.178498e-007 2.1454
7.182498e-007 2.1453
7.186498e-007 2.1448
7.190498e-007 2.1424
7.194498e-007 2.1447
7.198498e-007 2.147
7.202498e-007 2.1481
7.206498e-007 2.1459
7.210498e-007 2.147
7.214498e-007 2.1482
7.218498e-007 2.1479
7.222498e-007 2.149
7.226498e-007 2.1435
7.230498e-007 2.1455
7.234498e-007 2.1456
7.238498e-007 2.1456
7.242498e-007 2.152
7.246498e-007 2.1435
7.250498e-007 2.1476
7.254498e-007 2.1475
7.258498e-007 2.1442
7.262498e-007 2.1499
7.266498e-007 2.148
7.270498e-007 2.1467
7.274498e-007 2.1493
7.278498e-007 2.1473
7.282498e-007 2.147
7.286498e-007 2.1482
7.290498e-007 2.1476
7.294498e-007 2.1468
7.298498e-007 2.1487
7.302498e-007 2.1481
7.306498e-007 2.1505
7.310498e-007 2.1508
7.314498e-007 2.1499
7.318498e-007 2.1518
7.322498e-007 2.1522
7.326498e-007 2.1485
7.330498e-007 2.1502
7.334498e-007 2.1485
7.338498e-007 2.15
7.342498e-007 2.1506
7.346498e-007 2.1499
7.350498e-007 2.1521
7.354498e-007 2.1492
7.358498e-007 2.15
7.362498e-007 2.1499
7.366498e-007 2.154
7.370498e-007 2.1511
7.374498e-007 2.1529
7.378498e-007 2.1534
7.382498e-007 2.1525
7.386498e-007 2.1538
7.390498e-007 2.1521
7.394498e-007 2.1537
7.398498e-007 2.1515
7.402498e-007 2.1541
7.406498e-007 2.1529
7.410498e-007 2.1499
7.414498e-007 2.1514
7.418498e-007 2.1545
7.422498e-007 2.1503
7.426498e-007 2.1524
7.430498e-007 2.1563
7.434498e-007 2.1514
7.438498e-007 2.1564
7.442498e-007 2.153
7.446498e-007 2.1542
7.450498e-007 2.1568
7.454498e-007 2.1533
7.458498e-007 2.1538
7.462498e-007 2.1561
7.466498e-007 2.1532
7.470498e-007 2.1571
7.474498e-007 2.1555
7.478498e-007 2.1563
7.482498e-007 2.1542
7.486498e-007 2.1569
7.490498e-007 2.1566
7.494498e-007 2.1571
7.498498e-007 2.1567
7.502498e-007 2.1578
7.506498e-007 2.1608
7.510498e-007 2.1571
7.514498e-007 2.1591
7.518498e-007 2.1582
7.522498e-007 2.1599
7.526498e-007 2.1597
7.530498e-007 2.1578
7.534498e-007 2.1592
7.538498e-007 2.1608
7.542498e-007 2.161
7.546498e-007 2.1573
7.550498e-007 2.1609
7.554498e-007 2.1614
7.558498e-007 2.1596
7.562498e-007 2.16
7.566498e-007 2.1607
7.570498e-007 2.1611
7.574498e-007 2.163
7.578498e-007 2.1628
7.582498e-007 2.1617
7.586498e-007 2.1635
7.590498e-007 2.1639
7.594498e-007 2.159
7.598498e-007 2.1647
7.602498e-007 2.1603
7.606498e-007 2.1658
7.610498e-007 2.1621
7.614498e-007 2.1609
7.618498e-007 2.165
7.622498e-007 2.1619
7.626498e-007 2.1649
7.630498e-007 2.166
7.634498e-007 2.1648
7.638498e-007 2.1645
7.642498e-007 2.1624
7.646498e-007 2.1648
7.650498e-007 2.1682
7.654498e-007 2.1664
7.658498e-007 2.1653
7.662498e-007 2.1639
7.666498e-007 2.165
7.670498e-007 2.1641
7.674498e-007 2.1662
7.678498e-007 2.1637
7.682498e-007 2.1636
7.686498e-007 2.168
7.690498e-007 2.1645
7.694498e-007 2.1676
7.698498e-007 2.165
7.702498e-007 2.1656
7.706498e-007 2.1647
7.710498e-007 2.1666
7.714498e-007 2.1668
7.718498e-007 2.1669
7.722498e-007 2.1676
7.726498e-007 2.1657
7.730498e-007 2.1664
7.734498e-007 2.1701
7.738498e-007 2.1672
7.742498e-007 2.1651
7.746498e-007 2.1661
7.750498e-007 2.1685
7.754498e-007 2.1662
7.758498e-007 2.1672
7.762498e-007 2.1646
7.766498e-007 2.1672
7.770498e-007 2.1695
7.774498e-007 2.1688
7.778498e-007 2.166
7.782498e-007 2.166
7.786498e-007 2.1669
7.790498e-007 2.1665
7.794498e-007 2.1699
7.798498e-007 2.167
7.802498e-007 2.1671
7.806498e-007 2.1689
7.810498e-007 2.1678
7.814498e-007 2.168
7.818498e-007 2.1701
7.822498e-007 2.1687
7.826498e-007 2.1682
7.830498e-007 2.1684
7.834498e-007 2.1655
7.838498e-007 2.1678
7.842498e-007 2.1652
7.846498e-007 2.1673
7.850498e-007 2.1693
7.854498e-007 2.1667
7.858498e-007 2.1679
7.862498e-007 2.1673
7.866498e-007 2.1689
7.870498e-007 2.1681
7.874498e-007 2.1701
7.878498e-007 2.1661
7.882498e-007 2.1657
7.886498e-007 2.1669
7.890498e-007 2.1647
7.894498e-007 2.1664
7.898498e-007 2.1652
7.902498e-007 2.1645
7.906498e-007 2.1661
7.910498e-007 2.1643
7.914498e-007 2.1642
7.918498e-007 2.165
7.922498e-007 2.1645
7.926498e-007 2.1685
7.930498e-007 2.1673
7.934498e-007 2.1659
7.938498e-007 2.1645
7.942498e-007 2.1656
7.946498e-007 2.1631
7.950498e-007 2.1652
7.954498e-007 2.1657
7.958498e-007 2.1623
7.962498e-007 2.1664
7.966498e-007 2.163
7.970498e-007 2.1609
7.974498e-007 2.1623
7.978498e-007 2.1627
7.982498e-007 2.1615
7.986498e-007 2.1626
7.990498e-007 2.1639
7.994498e-007 2.1599
7.998498e-007 2.1644
8.002498e-007 2.163
8.006498e-007 2.164
8.010498e-007 2.1646
8.014498e-007 2.161
8.018498e-007 2.1637
8.022498e-007 2.1614
8.026498e-007 2.159
8.030498e-007 2.16
8.034498e-007 2.16
8.038498e-007 2.1633
8.042498e-007 2.1659
8.046498e-007 2.1592
8.050498e-007 2.1622
8.054498e-007 2.1578
8.058498e-007 2.1583
8.062498e-007 2.1625
8.066498e-007 2.1577
8.070498e-007 2.1602
8.074498e-007 2.1614
8.078498e-007 2.1618
8.082498e-007 2.1597
8.086498e-007 2.1589
8.090498e-007 2.1605
8.094498e-007 2.1591
8.098498e-007 2.1585
8.102498e-007 2.1545
8.106498e-007 2.1584
8.110498e-007 2.1584
8.114498e-007 2.1568
8.118498e-007 2.1571
8.122498e-007 2.1575
8.126498e-007 2.1571
8.130498e-007 2.157
8.134498e-007 2.1576
8.138498e-007 2.1594
8.142498e-007 2.158
8.146498e-007 2.1562
8.150498e-007 2.161
8.154498e-007 2.1558
8.158498e-007 2.1603
8.162498e-007 2.1542
8.166498e-007 2.1569
8.170498e-007 2.1559
8.174498e-007 2.1554
8.178498e-007 2.1554
8.182498e-007 2.1545
8.186498e-007 2.1539
8.190498e-007 2.1527
8.194498e-007 2.1586
8.198498e-007 2.1535
8.202498e-007 2.1543
8.206498e-007 2.1566
8.210498e-007 2.1525
8.214498e-007 2.1552
8.218498e-007 2.1548
8.222498e-007 2.1503
8.226498e-007 2.1528
8.230498e-007 2.1531
8.234498e-007 2.1515
8.238498e-007 2.1541
8.242498e-007 2.1506
8.246498e-007 2.153
8.250498e-007 2.1519
8.254498e-007 2.1533
8.258498e-007 2.1512
8.262498e-007 2.1514
8.266498e-007 2.1536
8.270498e-007 2.1509
8.274498e-007 2.1528
8.278498e-007 2.1487
8.282498e-007 2.1495
8.286498e-007 2.1505
8.290498e-007 2.1457
8.294498e-007 2.1508
8.298498e-007 2.1484
8.302498e-007 2.1497
8.306498e-007 2.1495
8.310498e-007 2.1483
8.314498e-007 2.1496
8.318498e-007 2.1464
8.322498e-007 2.1511
8.326498e-007 2.1486
8.330498e-007 2.147
8.334498e-007 2.1514
8.338498e-007 2.1475
8.342498e-007 2.1452
8.346498e-007 2.1465
8.350498e-007 2.1477
8.354498e-007 2.147
8.358498e-007 2.1456
8.362498e-007 2.1439
8.366498e-007 2.1463
8.370498e-007 2.1421
8.374498e-007 2.1471
8.378498e-007 2.1463
8.382498e-007 2.1414
8.386498e-007 2.1464
8.390498e-007 2.139
8.394498e-007 2.1434
8.398498e-007 2.143
8.402498e-007 2.1414
8.406498e-007 2.1424
8.410498e-007 2.1393
8.414498e-007 2.1397
8.418498e-007 2.1431
8.422498e-007 2.1409
8.426498e-007 2.1413
8.430498e-007 2.139
8.434498e-007 2.1384
8.438498e-007 2.1371
8.442498e-007 2.1391
8.446498e-007 2.1379
8.450498e-007 2.1384
8.454498e-007 2.136
8.458498e-007 2.1366
8.462498e-007 2.1366
8.466498e-007 2.1394
8.470498e-007 2.1388
8.474498e-007 2.1345
8.478498e-007 2.1333
8.482498e-007 2.1369
8.486498e-007 2.1338
8.490498e-007 2.1345
8.494498e-007 2.1339
8.498498e-007 2.1328
8.502498e-007 2.133
8.506498e-007 2.1314
8.510498e-007 2.133
8.514498e-007 2.1332
8.518498e-007 2.1299
8.522498e-007 2.1304
8.526498e-007 2.1327
8.530498e-007 2.1288
8.534498e-007 2.1304
8.538498e-007 2.1305
8.542498e-007 2.1294
8.546498e-007 2.1292
8.550498e-007 2.1301
8.554498e-007 2.1296
8.558498e-007 2.1299
8.562498e-007 2.1299
8.566498e-007 2.1263
8.570498e-007 2.1249
8.574498e-007 2.1294
8.578498e-007 2.1283
8.582498e-007 2.1268
8.586498e-007 2.1253
8.590498e-007 2.1273
8.594498e-007 2.1253
8.598498e-007 2.1267
8.602498e-007 2.1287
8.606498e-007 2.1245
8.610498e-007 2.1223
8.614498e-007 2.1266
8.618498e-007 2.124
8.622498e-007 2.1255
8.626498e-007 2.1275
8.630498e-007 2.1238
8.634498e-007 2.1249
8.638498e-007 2.1265
8.642498e-007 2.1275
8.646498e-007 2.1259
8.650498e-007 2.1255
8.654498e-007 2.1262
8.658498e-007 2.1249
8.662498e-007 2.1241
8.666498e-007 2.1239
8.670498e-007 2.1246
8.674498e-007 2.1231
8.678498e-007 2.1258
8.682498e-007 2.1216
8.686498e-007 2.1256
8.690498e-007 2.1219
8.694498e-007 2.1236
8.698498e-007 2.1276
8.702498e-007 2.1224
8.706498e-007 2.1217
8.710498e-007 2.1257
8.714498e-007 2.1234
8.718498e-007 2.1268
8.722498e-007 2.125
8.726498e-007 2.1227
8.730498e-007 2.1246
8.734498e-007 2.1227
8.738498e-007 2.1253
8.742498e-007 2.1215
8.746498e-007 2.1242
8.750498e-007 2.1254
8.754498e-007 2.1256
8.758498e-007 2.1234
8.762498e-007 2.1267
8.766498e-007 2.1242
8.770498e-007 2.1275
8.774498e-007 2.1239
8.778498e-007 2.1268
8.782498e-007 2.1249
