-1.222949e-007 2.0818
-1.218949e-007 2.0817
-1.214949e-007 2.0803
-1.210949e-007 2.0819
-1.206949e-007 2.0796
-1.202949e-007 2.0793
-1.198949e-007 2.0829
-1.194949e-007 2.0824
-1.190949e-007 2.0811
-1.186949e-007 2.0812
-1.182949e-007 2.0828
-1.178949e-007 2.0824
-1.174949e-007 2.0848
-1.170949e-007 2.0851
-1.166949e-007 2.0878
-1.162949e-007 2.0874
-1.158949e-007 2.0878
-1.154949e-007 2.0898
-1.150949e-007 2.0901
-1.146949e-007 2.091
-1.142949e-007 2.0909
-1.138949e-007 2.0941
-1.134949e-007 2.0961
-1.130949e-007 2.0961
-1.126949e-007 2.0973
-1.122949e-007 2.0973
-1.118949e-007 2.0985
-1.114949e-007 2.1007
-1.110949e-007 2.0998
-1.106949e-007 2.1038
-1.102949e-007 2.1028
-1.098949e-007 2.1034
-1.094949e-007 2.1055
-1.090949e-007 2.1077
-1.086949e-007 2.1069
-1.082949e-007 2.108
-1.078949e-007 2.1097
-1.074949e-007 2.1114
-1.070949e-007 2.1112
-1.066949e-007 2.1151
-1.062949e-007 2.1133
-1.058949e-007 2.1169
-1.054949e-007 2.1173
-1.050949e-007 2.1221
-1.046949e-007 2.1233
-1.042949e-007 2.1237
-1.038949e-007 2.1257
-1.034949e-007 2.1255
-1.030949e-007 2.1283
-1.026949e-007 2.1267
-1.022949e-007 2.1294
-1.018949e-007 2.1313
-1.014949e-007 2.132
-1.010949e-007 2.135
-1.006949e-007 2.1313
-1.002949e-007 2.1383
-9.989488e-008 2.134
-9.949488e-008 2.135
-9.909488e-008 2.1396
-9.869488e-008 2.1413
-9.829488e-008 2.1416
-9.789488e-008 2.1395
-9.749488e-008 2.1415
-9.709488e-008 2.1409
-9.669488e-008 2.1441
-9.629488e-008 2.1499
-9.589488e-008 2.1478
-9.549488e-008 2.1455
-9.509488e-008 2.1463
-9.469488e-008 2.1456
-9.429488e-008 2.1511
-9.389488e-008 2.1609
-9.349488e-008 2.1621
-9.309488e-008 2.1609
-9.269488e-008 2.1545
-9.229488e-008 2.1553
-9.189488e-008 2.1583
-9.149488e-008 2.1617
-9.109488e-008 2.1568
-9.069488e-008 2.1592
-9.029488e-008 2.1603
-8.989488e-008 2.1623
-8.949488e-008 2.1671
-8.909488e-008 2.1716
-8.869488e-008 2.1697
-8.829488e-008 2.1678
-8.789488e-008 2.1684
-8.749488e-008 2.1696
-8.709488e-008 2.1714
-8.669488e-008 2.1706
-8.629488e-008 2.172
-8.589488e-008 2.1693
-8.549488e-008 2.1735
-8.509488e-008 2.177
-8.469488e-008 2.1756
-8.429488e-008 2.18
-8.389488e-008 2.1821
-8.349488e-008 2.1844
-8.309488e-008 2.1809
-8.269488e-008 2.1813
-8.229488e-008 2.1822
-8.189488e-008 2.1856
-8.149488e-008 2.1839
-8.109488e-008 2.1846
-8.069488e-008 2.1869
-8.029488e-008 2.1858
-7.989488e-008 2.1908
-7.949488e-008 2.1927
-7.909488e-008 2.187
-7.869488e-008 2.194
-7.829488e-008 2.194
-7.789488e-008 2.1958
-7.749488e-008 2.1924
-7.709488e-008 2.1904
-7.669488e-008 2.1961
-7.629488e-008 2.193
-7.589488e-008 2.1959
-7.549488e-008 2.1967
-7.509488e-008 2.1975
-7.469488e-008 2.1988
-7.429488e-008 2.1992
-7.389488e-008 2.2008
-7.349488e-008 2.2031
-7.309488e-008 2.2026
-7.269488e-008 2.202
-7.229488e-008 2.2019
-7.189488e-008 2.2053
-7.149488e-008 2.2009
-7.109488e-008 2.2031
-7.069488e-008 2.2046
-7.029488e-008 2.2026
-6.989488e-008 2.2056
-6.949488e-008 2.2036
-6.909488e-008 2.2035
-6.869488e-008 2.2085
-6.829488e-008 2.2058
-6.789488e-008 2.2087
-6.749488e-008 2.2063
-6.709488e-008 2.2063
-6.669488e-008 2.2103
-6.629488e-008 2.2065
-6.589488e-008 2.2072
-6.549488e-008 2.2054
-6.509488e-008 2.2091
-6.469488e-008 2.2075
-6.429488e-008 2.2066
-6.389488e-008 2.2066
-6.349488e-008 2.2089
-6.309488e-008 2.2071
-6.269488e-008 2.2085
-6.229488e-008 2.2073
-6.189488e-008 2.2084
-6.149488e-008 2.2077
-6.109488e-008 2.2081
-6.069488e-008 2.2044
-6.029488e-008 2.2064
-5.989488e-008 2.2067
-5.949488e-008 2.2077
-5.909488e-008 2.205
-5.869488e-008 2.2069
-5.829488e-008 2.2042
-5.789488e-008 2.1989
-5.749488e-008 2.2017
-5.709488e-008 2.2003
-5.669488e-008 2.2004
-5.629488e-008 2.1965
-5.589488e-008 2.1959
-5.549488e-008 2.1946
-5.509488e-008 2.1951
-5.469488e-008 2.1932
-5.429488e-008 2.1938
-5.389488e-008 2.1932
-5.349488e-008 2.1892
-5.309488e-008 2.1905
-5.269488e-008 2.184
-5.229488e-008 2.1834
-5.189488e-008 2.1837
-5.149488e-008 2.1793
-5.109488e-008 2.1742
-5.069488e-008 2.1739
-5.029488e-008 2.171
-4.989488e-008 2.1693
-4.949488e-008 2.1672
-4.909488e-008 2.1639
-4.869488e-008 2.1615
-4.829488e-008 2.1564
-4.789488e-008 2.1571
-4.749488e-008 2.1532
-4.709488e-008 2.1504
-4.669488e-008 2.1481
-4.629488e-008 2.1413
-4.589488e-008 2.138
-4.549488e-008 2.1377
-4.509488e-008 2.1325
-4.469488e-008 2.1292
-4.429488e-008 2.1285
-4.389488e-008 2.124
-4.349488e-008 2.1205
-4.309488e-008 2.1203
-4.269488e-008 2.1127
-4.229488e-008 2.1125
-4.189488e-008 2.1083
-4.149488e-008 2.1061
-4.109488e-008 2.1058
-4.069488e-008 2.0999
-4.029488e-008 2.0998
-3.989488e-008 2.0963
-3.949488e-008 2.0955
-3.909488e-008 2.0902
-3.869488e-008 2.0869
-3.829488e-008 2.0881
-3.789488e-008 2.0831
-3.749488e-008 2.0821
-3.709488e-008 2.0814
-3.669488e-008 2.0799
-3.629488e-008 2.0795
-3.589488e-008 2.0781
-3.549488e-008 2.0733
-3.509488e-008 2.0744
-3.469488e-008 2.0725
-3.429488e-008 2.0687
-3.389488e-008 2.0713
-3.349488e-008 2.0661
-3.309488e-008 2.0698
-3.269488e-008 2.0676
-3.229488e-008 2.0662
-3.189488e-008 2.0626
-3.149488e-008 2.0643
-3.109488e-008 2.0636
-3.069488e-008 2.0593
-3.029488e-008 2.061
-2.989488e-008 2.06
-2.949488e-008 2.0587
-2.909488e-008 2.0617
-2.869488e-008 2.0592
-2.829488e-008 2.0585
-2.789488e-008 2.0575
-2.749488e-008 2.06
-2.709488e-008 2.06
-2.669488e-008 2.0585
-2.629488e-008 2.0586
-2.589488e-008 2.0562
-2.549488e-008 2.0556
-2.509488e-008 2.059
-2.469488e-008 2.0545
-2.429488e-008 2.0558
-2.389488e-008 2.0571
-2.349488e-008 2.0589
-2.309488e-008 2.0576
-2.269488e-008 2.0595
-2.229488e-008 2.0577
-2.189488e-008 2.0598
-2.149488e-008 2.0595
-2.109488e-008 2.058
-2.069488e-008 2.0605
-2.029488e-008 2.0609
-1.989488e-008 2.0604
-1.949488e-008 2.0605
-1.909488e-008 2.0591
-1.869488e-008 2.0616
-1.829488e-008 2.0639
-1.789488e-008 2.0645
-1.749488e-008 2.0652
-1.709488e-008 2.0685
-1.669488e-008 2.0629
-1.629488e-008 2.0671
-1.589488e-008 2.0684
-1.549488e-008 2.0718
-1.509488e-008 2.0709
-1.469488e-008 2.0718
-1.429488e-008 2.0739
-1.389488e-008 2.0773
-1.349488e-008 2.0774
-1.309488e-008 2.0777
-1.269488e-008 2.0808
-1.229488e-008 2.0794
-1.189488e-008 2.0814
-1.149488e-008 2.0857
-1.109488e-008 2.088
-1.069488e-008 2.0867
-1.029488e-008 2.0864
-9.89488e-009 2.0893
-9.49488e-009 2.0909
-9.09488e-009 2.0929
-8.69488e-009 2.091
-8.29488e-009 2.0984
-7.89488e-009 2.0974
-7.49488e-009 2.0977
-7.09488e-009 2.1002
-6.69488e-009 2.1002
-6.29488e-009 2.1017
-5.89488e-009 2.1053
-5.49488e-009 2.106
-5.09488e-009 2.1066
-4.69488e-009 2.1091
-4.29488e-009 2.1115
-3.89488e-009 2.1133
-3.49488e-009 2.1142
-3.09488e-009 2.1185
-2.69488e-009 2.1163
-2.29488e-009 2.1211
-1.89488e-009 2.1244
-1.49488e-009 2.1239
-1.09488e-009 2.1242
-6.948802e-010 2.1273
-2.948802e-010 2.1235
1.051198e-010 2.1284
5.051198e-010 2.1322
9.051198e-010 2.1293
1.30512e-009 2.1317
1.70512e-009 2.1327
2.10512e-009 2.1353
2.50512e-009 2.138
2.90512e-009 2.1418
3.30512e-009 2.1383
3.70512e-009 2.1424
4.10512e-009 2.1408
4.50512e-009 2.1421
4.90512e-009 2.1489
5.30512e-009 2.1497
5.70512e-009 2.147
6.10512e-009 2.1472
6.50512e-009 2.1442
6.90512e-009 2.1467
7.30512e-009 2.1544
7.70512e-009 2.1564
8.10512e-009 2.1551
8.50512e-009 2.1576
8.90512e-009 2.1585
9.30512e-009 2.1633
9.70512e-009 2.1612
1.010512e-008 2.1657
1.050512e-008 2.1628
1.090512e-008 2.1612
1.130512e-008 2.1622
1.170512e-008 2.16
1.210512e-008 2.1686
1.250512e-008 2.1663
1.290512e-008 2.1693
1.330512e-008 2.1725
1.370512e-008 2.1718
1.410512e-008 2.174
1.450512e-008 2.1739
1.490512e-008 2.1786
1.530512e-008 2.1747
1.570512e-008 2.1778
1.610512e-008 2.176
1.650512e-008 2.1763
1.690512e-008 2.1779
1.730512e-008 2.1825
1.770512e-008 2.1807
1.810512e-008 2.1825
1.850512e-008 2.1836
1.890512e-008 2.1865
1.930512e-008 2.1885
1.970512e-008 2.1866
2.010512e-008 2.1885
2.050512e-008 2.1884
2.090512e-008 2.1883
2.130512e-008 2.1894
2.170512e-008 2.1867
2.210512e-008 2.1928
2.250512e-008 2.1923
2.290512e-008 2.1938
2.330512e-008 2.1963
2.370512e-008 2.1974
2.410512e-008 2.2004
2.450512e-008 2.1995
2.490512e-008 2.1979
2.530512e-008 2.2004
2.570512e-008 2.1999
2.610512e-008 2.2019
2.650512e-008 2.2012
2.690512e-008 2.2015
2.730512e-008 2.202
2.770512e-008 2.2038
2.810512e-008 2.2017
2.850512e-008 2.2045
2.890512e-008 2.2029
2.930512e-008 2.2049
2.970512e-008 2.2058
3.010512e-008 2.2046
3.050512e-008 2.204
3.090512e-008 2.2073
3.130512e-008 2.2082
3.170512e-008 2.2051
3.210512e-008 2.2094
3.250512e-008 2.2047
3.290512e-008 2.2083
3.330512e-008 2.2087
3.370512e-008 2.2066
3.410512e-008 2.2095
3.450512e-008 2.2082
3.490512e-008 2.2096
3.530512e-008 2.2109
3.570512e-008 2.2106
3.610512e-008 2.2105
3.650512e-008 2.2101
3.690512e-008 2.2097
3.730512e-008 2.2129
3.770512e-008 2.2099
3.810512e-008 2.2106
3.850512e-008 2.2112
3.890512e-008 2.2123
3.930512e-008 2.2094
3.970512e-008 2.2132
4.010512e-008 2.2104
4.050512e-008 2.2096
4.090512e-008 2.2091
4.130512e-008 2.2078
4.170512e-008 2.2109
4.210512e-008 2.2078
4.250512e-008 2.2065
4.290512e-008 2.2071
4.330512e-008 2.2047
4.370512e-008 2.207
4.410512e-008 2.2051
4.450512e-008 2.2041
4.490512e-008 2.2056
4.530512e-008 2.2013
4.570512e-008 2.2023
4.610512e-008 2.2032
4.650512e-008 2.1996
4.690512e-008 2.2011
4.730512e-008 2.1967
4.770512e-008 2.1966
4.810512e-008 2.1976
4.850512e-008 2.1902
4.890512e-008 2.1911
4.930512e-008 2.1905
4.970512e-008 2.1861
5.010512e-008 2.1828
5.050512e-008 2.1802
5.090512e-008 2.1806
5.130512e-008 2.1816
5.170512e-008 2.1764
5.210512e-008 2.1749
5.250512e-008 2.1734
5.290512e-008 2.1663
5.330512e-008 2.166
5.370512e-008 2.1647
5.410512e-008 2.158
5.450512e-008 2.1612
5.490512e-008 2.1599
5.530512e-008 2.1553
5.570512e-008 2.1532
5.610512e-008 2.1511
5.650512e-008 2.1462
5.690512e-008 2.146
5.730512e-008 2.1441
5.770512e-008 2.1403
5.810512e-008 2.139
5.850512e-008 2.1357
5.890512e-008 2.1296
5.930512e-008 2.1315
5.970512e-008 2.1296
6.010512e-008 2.127
6.050512e-008 2.1276
6.090512e-008 2.1216
6.130512e-008 2.121
6.170512e-008 2.1188
6.210512e-008 2.1135
6.250512e-008 2.1129
6.290512e-008 2.1137
6.330512e-008 2.1101
6.370512e-008 2.1112
6.410512e-008 2.1091
6.450512e-008 2.1084
6.490512e-008 2.1056
6.530512e-008 2.1041
6.570512e-008 2.1031
6.610512e-008 2.1016
6.650512e-008 2.1026
6.690512e-008 2.0974
6.730512e-008 2.0972
6.770512e-008 2.0987
6.810512e-008 2.0975
6.850512e-008 2.0976
6.890512e-008 2.0922
6.930512e-008 2.0948
6.970512e-008 2.094
7.010512e-008 2.0925
7.050512e-008 2.0926
7.090512e-008 2.09
7.130512e-008 2.0928
7.170512e-008 2.0901
7.210512e-008 2.0878
7.250512e-008 2.0881
7.290512e-008 2.0869
7.330512e-008 2.0885
7.370512e-008 2.0897
7.410512e-008 2.0848
7.450512e-008 2.0863
7.490512e-008 2.0862
7.530512e-008 2.0864
7.570512e-008 2.0851
7.610512e-008 2.0865
7.650512e-008 2.0839
7.690512e-008 2.0875
7.730512e-008 2.0882
7.770512e-008 2.0842
7.810512e-008 2.084
7.850512e-008 2.0849
7.890512e-008 2.0839
7.930512e-008 2.0844
7.970512e-008 2.0856
8.010512e-008 2.088
8.050512e-008 2.0862
8.090512e-008 2.0845
8.130512e-008 2.0906
8.170512e-008 2.0885
8.210512e-008 2.0884
8.250512e-008 2.0905
8.290512e-008 2.092
8.330512e-008 2.0913
8.370512e-008 2.094
8.410512e-008 2.0904
8.450512e-008 2.0918
8.490512e-008 2.0924
8.530512e-008 2.0939
8.570512e-008 2.0944
8.610512e-008 2.0936
8.650512e-008 2.0992
8.690512e-008 2.0981
8.730512e-008 2.0985
8.770512e-008 2.101
8.810512e-008 2.0983
8.850512e-008 2.104
8.890512e-008 2.1059
8.930512e-008 2.1054
8.970512e-008 2.1057
9.010512e-008 2.1089
9.050512e-008 2.1065
9.090512e-008 2.114
9.130512e-008 2.1112
9.170512e-008 2.1129
9.210512e-008 2.1113
9.250512e-008 2.1162
9.290512e-008 2.1167
9.330512e-008 2.1171
9.370512e-008 2.1186
9.410512e-008 2.1209
9.450512e-008 2.1208
9.490512e-008 2.122
9.530512e-008 2.1236
9.570512e-008 2.1219
9.610512e-008 2.1265
9.650512e-008 2.1271
9.690512e-008 2.1289
9.730512e-008 2.1276
9.770512e-008 2.1308
9.810512e-008 2.1307
9.850512e-008 2.1327
9.890512e-008 2.1346
9.930512e-008 2.1344
9.970512e-008 2.138
1.001051e-007 2.1364
1.005051e-007 2.1382
1.009051e-007 2.1405
1.013051e-007 2.1441
1.017051e-007 2.1415
1.021051e-007 2.1451
1.025051e-007 2.1437
1.029051e-007 2.1428
1.033051e-007 2.1491
1.037051e-007 2.1476
1.041051e-007 2.1508
1.045051e-007 2.1517
1.049051e-007 2.1496
1.053051e-007 2.1497
1.057051e-007 2.1533
1.061051e-007 2.1571
1.065051e-007 2.1618
1.069051e-007 2.163
1.073051e-007 2.1566
1.077051e-007 2.1581
1.081051e-007 2.1615
1.085051e-007 2.1646
1.089051e-007 2.1598
1.093051e-007 2.1586
1.097051e-007 2.162
1.101051e-007 2.1627
1.105051e-007 2.1689
1.109051e-007 2.1729
1.113051e-007 2.1721
1.117051e-007 2.1726
1.121051e-007 2.1693
1.125051e-007 2.1689
1.129051e-007 2.1736
1.133051e-007 2.1734
1.137051e-007 2.1735
1.141051e-007 2.1747
1.145051e-007 2.174
1.149051e-007 2.1774
1.153051e-007 2.176
1.157051e-007 2.1827
1.161051e-007 2.1794
1.165051e-007 2.1844
1.169051e-007 2.1814
1.173051e-007 2.1827
1.177051e-007 2.1825
1.181051e-007 2.1836
1.185051e-007 2.187
1.189051e-007 2.1853
1.193051e-007 2.1869
1.197051e-007 2.1896
1.201051e-007 2.1883
1.205051e-007 2.1898
1.209051e-007 2.193
1.213051e-007 2.1959
1.217051e-007 2.1967
1.221051e-007 2.1959
1.225051e-007 2.1965
1.229051e-007 2.1952
1.233051e-007 2.1937
1.237051e-007 2.1981
1.241051e-007 2.1965
1.245051e-007 2.1971
1.249051e-007 2.2
1.253051e-007 2.1949
1.257051e-007 2.1995
1.261051e-007 2.2009
1.265051e-007 2.2008
1.269051e-007 2.2011
1.273051e-007 2.1996
1.277051e-007 2.206
1.281051e-007 2.2025
1.285051e-007 2.2047
1.289051e-007 2.2011
1.293051e-007 2.2037
1.297051e-007 2.2038
1.301051e-007 2.2033
1.305051e-007 2.2066
1.309051e-007 2.2042
1.313051e-007 2.2064
1.317051e-007 2.2086
1.321051e-007 2.2078
1.325051e-007 2.2092
1.329051e-007 2.2111
1.333051e-007 2.2079
1.337051e-007 2.2075
1.341051e-007 2.2103
1.345051e-007 2.2096
1.349051e-007 2.2051
1.353051e-007 2.2094
1.357051e-007 2.2095
1.361051e-007 2.2097
1.365051e-007 2.2074
1.369051e-007 2.2073
1.373051e-007 2.2098
1.377051e-007 2.2069
1.381051e-007 2.2087
1.385051e-007 2.2085
1.389051e-007 2.2076
1.393051e-007 2.2053
1.397051e-007 2.2055
1.401051e-007 2.2065
1.405051e-007 2.2079
1.409051e-007 2.2065
1.413051e-007 2.2061
1.417051e-007 2.2046
1.421051e-007 2.2042
1.425051e-007 2.2058
1.429051e-007 2.2036
1.433051e-007 2.2035
1.437051e-007 2.2022
1.441051e-007 2.2005
1.445051e-007 2.201
1.449051e-007 2.1963
1.453051e-007 2.1973
1.457051e-007 2.1959
1.461051e-007 2.1906
1.465051e-007 2.193
1.469051e-007 2.191
1.473051e-007 2.1897
1.477051e-007 2.1873
1.481051e-007 2.1842
1.485051e-007 2.1801
1.489051e-007 2.1798
1.493051e-007 2.1804
1.497051e-007 2.171
1.501051e-007 2.1736
1.505051e-007 2.1719
1.509051e-007 2.1659
1.513051e-007 2.1656
1.517051e-007 2.1628
1.521051e-007 2.1564
1.525051e-007 2.1602
1.529051e-007 2.1545
1.533051e-007 2.1514
1.537051e-007 2.1496
1.541051e-007 2.1431
1.545051e-007 2.1419
1.549051e-007 2.1413
1.553051e-007 2.135
1.557051e-007 2.1339
1.561051e-007 2.1296
1.565051e-007 2.1265
1.569051e-007 2.1255
1.573051e-007 2.1218
1.577051e-007 2.1169
1.581051e-007 2.117
1.585051e-007 2.113
1.589051e-007 2.1091
1.593051e-007 2.105
1.597051e-007 2.1046
1.601051e-007 2.1024
1.605051e-007 2.1024
1.609051e-007 2.0978
1.613051e-007 2.0964
1.617051e-007 2.0977
1.621051e-007 2.0905
1.625051e-007 2.0904
1.629051e-007 2.0864
1.633051e-007 2.0858
1.637051e-007 2.0882
1.641051e-007 2.0843
1.645051e-007 2.0816
1.649051e-007 2.0802
1.653051e-007 2.0802
1.657051e-007 2.0785
1.661051e-007 2.0736
1.665051e-007 2.0789
1.669051e-007 2.0719
1.673051e-007 2.0728
1.677051e-007 2.0722
1.681051e-007 2.0715
1.685051e-007 2.0716
1.689051e-007 2.0688
1.693051e-007 2.0646
1.697051e-007 2.0672
1.701051e-007 2.0675
1.705051e-007 2.0664
1.709051e-007 2.0659
1.713051e-007 2.066
1.717051e-007 2.067
1.721051e-007 2.067
1.725051e-007 2.0646
1.729051e-007 2.0615
1.733051e-007 2.0637
1.737051e-007 2.0624
1.741051e-007 2.0639
1.745051e-007 2.0659
1.749051e-007 2.0624
1.753051e-007 2.0607
1.757051e-007 2.061
1.761051e-007 2.0611
1.765051e-007 2.0641
1.769051e-007 2.0653
1.773051e-007 2.0643
1.777051e-007 2.0618
1.781051e-007 2.0639
1.785051e-007 2.0624
1.789051e-007 2.0635
1.793051e-007 2.0649
1.797051e-007 2.0627
1.801051e-007 2.0649
1.805051e-007 2.0653
1.809051e-007 2.0627
1.813051e-007 2.0689
1.817051e-007 2.0641
1.821051e-007 2.0688
1.825051e-007 2.0681
1.829051e-007 2.0687
1.833051e-007 2.0688
1.837051e-007 2.0727
1.841051e-007 2.0729
1.845051e-007 2.0731
1.849051e-007 2.0743
1.853051e-007 2.0781
1.857051e-007 2.0797
1.861051e-007 2.0806
1.865051e-007 2.0789
1.869051e-007 2.0814
1.873051e-007 2.0833
1.877051e-007 2.0848
1.881051e-007 2.0846
1.885051e-007 2.0855
1.889051e-007 2.0881
1.893051e-007 2.0876
1.897051e-007 2.0904
1.901051e-007 2.094
1.905051e-007 2.0933
1.909051e-007 2.0967
1.913051e-007 2.0974
1.917051e-007 2.0974
1.921051e-007 2.1004
1.925051e-007 2.1009
1.929051e-007 2.1025
1.933051e-007 2.1042
1.937051e-007 2.1052
1.941051e-007 2.106
1.945051e-007 2.1087
1.949051e-007 2.1129
1.953051e-007 2.1126
1.957051e-007 2.1146
1.961051e-007 2.1126
1.965051e-007 2.1176
1.969051e-007 2.1186
1.973051e-007 2.1175
1.977051e-007 2.123
1.981051e-007 2.1217
1.985051e-007 2.1254
1.989051e-007 2.1268
1.993051e-007 2.1273
1.997051e-007 2.1282
2.001051e-007 2.1306
2.005051e-007 2.134
2.009051e-007 2.1322
2.013051e-007 2.1328
2.017051e-007 2.1348
2.021051e-007 2.1354
2.025051e-007 2.1391
2.029051e-007 2.141
2.033051e-007 2.1405
2.037051e-007 2.14
2.041051e-007 2.1381
2.045051e-007 2.1426
2.049051e-007 2.1492
2.053051e-007 2.1479
2.057051e-007 2.148
2.061051e-007 2.1446
2.065051e-007 2.1466
2.069051e-007 2.1509
2.073051e-007 2.1498
2.077051e-007 2.1564
2.081051e-007 2.1551
2.085051e-007 2.1549
2.089051e-007 2.1587
2.093051e-007 2.1616
2.097051e-007 2.1624
2.101051e-007 2.1634
2.105051e-007 2.1598
2.109051e-007 2.1614
2.113051e-007 2.1634
2.117051e-007 2.1653
2.121051e-007 2.1673
2.125051e-007 2.1688
2.129051e-007 2.1709
2.133051e-007 2.1675
2.137051e-007 2.1731
2.141051e-007 2.1744
2.145051e-007 2.1782
2.149051e-007 2.1753
2.153051e-007 2.1755
2.157051e-007 2.1749
2.161051e-007 2.1764
2.165051e-007 2.1765
2.169051e-007 2.179
2.173051e-007 2.1823
2.177051e-007 2.1827
2.181051e-007 2.1831
2.185051e-007 2.1838
2.189051e-007 2.1848
2.193051e-007 2.1855
2.197051e-007 2.1883
2.201051e-007 2.1878
2.205051e-007 2.1883
2.209051e-007 2.1893
2.213051e-007 2.1869
2.217051e-007 2.1866
2.221051e-007 2.1902
2.225051e-007 2.1877
2.229051e-007 2.1962
2.233051e-007 2.196
2.237051e-007 2.1942
2.241051e-007 2.1975
2.245051e-007 2.1978
2.249051e-007 2.1985
2.253051e-007 2.1982
2.257051e-007 2.2015
2.261051e-007 2.1999
2.265051e-007 2.2
2.269051e-007 2.2019
2.273051e-007 2.2016
2.277051e-007 2.2028
2.281051e-007 2.2031
2.285051e-007 2.2037
2.289051e-007 2.2056
2.293051e-007 2.2048
2.297051e-007 2.2041
2.301051e-007 2.2088
2.305051e-007 2.2052
2.309051e-007 2.2049
2.313051e-007 2.2065
2.317051e-007 2.204
2.321051e-007 2.2057
2.325051e-007 2.208
2.329051e-007 2.2065
2.333051e-007 2.2082
2.337051e-007 2.2098
2.341051e-007 2.2099
2.345051e-007 2.2078
2.349051e-007 2.2121
2.353051e-007 2.2101
2.357051e-007 2.2107
2.361051e-007 2.2129
2.365051e-007 2.2112
2.369051e-007 2.2126
2.373051e-007 2.2063
2.377051e-007 2.2091
2.381051e-007 2.2107
2.385051e-007 2.2121
2.389051e-007 2.2113
2.393051e-007 2.2114
2.397051e-007 2.2104
2.401051e-007 2.2107
2.405051e-007 2.2125
2.409051e-007 2.2114
2.413051e-007 2.2101
2.417051e-007 2.2116
2.421051e-007 2.2091
2.425051e-007 2.2094
2.429051e-007 2.2098
2.433051e-007 2.2052
2.437051e-007 2.2097
2.441051e-007 2.2065
2.445051e-007 2.2061
2.449051e-007 2.2052
2.453051e-007 2.2036
2.457051e-007 2.2042
2.461051e-007 2.2019
2.465051e-007 2.2004
2.469051e-007 2.2014
2.473051e-007 2.199
2.477051e-007 2.1978
2.481051e-007 2.1979
2.485051e-007 2.1941
2.489051e-007 2.1929
2.493051e-007 2.1931
2.497051e-007 2.1886
2.501051e-007 2.1858
2.505051e-007 2.1876
2.509051e-007 2.1838
2.513051e-007 2.1811
2.517051e-007 2.1795
2.521051e-007 2.1757
2.525051e-007 2.1745
2.529051e-007 2.1732
2.533051e-007 2.1697
2.537051e-007 2.1677
2.541051e-007 2.1651
2.545051e-007 2.1618
2.549051e-007 2.1627
2.553051e-007 2.1568
2.557051e-007 2.1567
2.561051e-007 2.1516
2.565051e-007 2.1479
2.569051e-007 2.1474
2.573051e-007 2.1451
2.577051e-007 2.1444
2.581051e-007 2.1407
2.585051e-007 2.1378
2.589051e-007 2.1379
2.593051e-007 2.1333
2.597051e-007 2.1322
2.601051e-007 2.1324
2.605051e-007 2.127
2.609051e-007 2.1258
2.613051e-007 2.1239
2.617051e-007 2.1185
2.621051e-007 2.1239
2.625051e-007 2.1186
2.629051e-007 2.1154
2.633051e-007 2.1156
2.637051e-007 2.1128
2.641051e-007 2.1113
2.645051e-007 2.1093
2.649051e-007 2.1058
2.653051e-007 2.1051
2.657051e-007 2.1072
2.661051e-007 2.1025
2.665051e-007 2.1017
2.669051e-007 2.0998
2.673051e-007 2.1005
2.677051e-007 2.1018
2.681051e-007 2.0981
2.685051e-007 2.0967
2.689051e-007 2.0976
2.693051e-007 2.0943
2.697051e-007 2.0932
2.701051e-007 2.0917
2.705051e-007 2.0926
2.709051e-007 2.093
2.713051e-007 2.0891
2.717051e-007 2.0929
2.721051e-007 2.0928
2.725051e-007 2.0891
2.729051e-007 2.0877
2.733051e-007 2.0898
2.737051e-007 2.0872
2.741051e-007 2.085
2.745051e-007 2.0854
2.749051e-007 2.0833
2.753051e-007 2.0836
2.757051e-007 2.0851
2.761051e-007 2.0854
2.765051e-007 2.0831
2.769051e-007 2.086
2.773051e-007 2.0822
2.777051e-007 2.0843
2.781051e-007 2.0816
2.785051e-007 2.0819
2.789051e-007 2.0816
2.793051e-007 2.0834
2.797051e-007 2.0845
2.801051e-007 2.0827
2.805051e-007 2.0845
2.809051e-007 2.0868
2.813051e-007 2.0858
2.817051e-007 2.0843
2.821051e-007 2.088
2.825051e-007 2.0873
2.829051e-007 2.0866
2.833051e-007 2.0917
2.837051e-007 2.0869
2.841051e-007 2.09
2.845051e-007 2.0889
2.849051e-007 2.0911
2.853051e-007 2.089
2.857051e-007 2.0931
2.861051e-007 2.0902
2.865051e-007 2.0938
2.869051e-007 2.0954
2.873051e-007 2.0959
2.877051e-007 2.0963
2.881051e-007 2.0988
2.885051e-007 2.1
2.889051e-007 2.1004
2.893051e-007 2.1033
2.897051e-007 2.1034
2.901051e-007 2.1012
2.905051e-007 2.1082
2.909051e-007 2.1062
2.913051e-007 2.1075
2.917051e-007 2.114
2.921051e-007 2.1071
2.925051e-007 2.115
2.929051e-007 2.1144
2.933051e-007 2.1141
2.937051e-007 2.1178
2.941051e-007 2.1175
2.945051e-007 2.119
2.949051e-007 2.1213
2.953051e-007 2.1237
2.957051e-007 2.124
2.961051e-007 2.1251
2.965051e-007 2.1247
2.969051e-007 2.1273
2.973051e-007 2.129
2.977051e-007 2.129
2.981051e-007 2.1309
2.985051e-007 2.1309
2.989051e-007 2.1306
2.993051e-007 2.1341
2.997051e-007 2.1369
3.001051e-007 2.1386
3.005051e-007 2.1366
3.009051e-007 2.1398
3.013051e-007 2.1437
3.017051e-007 2.1405
3.021051e-007 2.1426
3.025051e-007 2.142
3.029051e-007 2.1428
3.033051e-007 2.1463
3.037051e-007 2.1508
3.041051e-007 2.1509
3.045051e-007 2.15
3.049051e-007 2.1473
3.053051e-007 2.1502
3.057051e-007 2.1527
3.061051e-007 2.161
3.065051e-007 2.1616
3.069051e-007 2.1592
3.073051e-007 2.1546
3.077051e-007 2.1609
3.081051e-007 2.1618
3.085051e-007 2.1636
3.089051e-007 2.1634
3.093051e-007 2.1594
3.097051e-007 2.1633
3.101051e-007 2.1637
3.105051e-007 2.1679
3.109051e-007 2.172
3.113051e-007 2.1708
3.117051e-007 2.1727
3.121051e-007 2.1724
3.125051e-007 2.1691
3.129051e-007 2.1726
3.133051e-007 2.173
3.137051e-007 2.1756
3.141051e-007 2.1758
3.145051e-007 2.1774
3.149051e-007 2.1768
3.153051e-007 2.1814
3.157051e-007 2.1826
3.161051e-007 2.1835
3.165051e-007 2.1857
3.169051e-007 2.1831
3.173051e-007 2.1845
3.177051e-007 2.1839
3.181051e-007 2.1876
3.185051e-007 2.187
3.189051e-007 2.1865
3.193051e-007 2.1872
3.197051e-007 2.1883
3.201051e-007 2.1896
3.205051e-007 2.1952
3.209051e-007 2.1925
3.213051e-007 2.1966
3.217051e-007 2.197
3.221051e-007 2.1944
3.225051e-007 2.1969
3.229051e-007 2.1952
3.233051e-007 2.195
3.237051e-007 2.1983
3.241051e-007 2.196
3.245051e-007 2.1969
3.249051e-007 2.1975
3.253051e-007 2.1996
3.257051e-007 2.198
3.261051e-007 2.2026
3.265051e-007 2.2007
3.269051e-007 2.2055
3.273051e-007 2.2028
3.277051e-007 2.2057
3.281051e-007 2.2076
3.285051e-007 2.2085
3.289051e-007 2.2057
3.293051e-007 2.2077
3.297051e-007 2.2052
3.301051e-007 2.2071
3.305051e-007 2.2092
3.309051e-007 2.2057
3.313051e-007 2.209
3.317051e-007 2.2077
3.321051e-007 2.2062
3.325051e-007 2.2085
3.329051e-007 2.2103
3.333051e-007 2.2088
3.337051e-007 2.2071
3.341051e-007 2.2093
3.345051e-007 2.2105
3.349051e-007 2.2129
3.353051e-007 2.2089
3.357051e-007 2.2084
3.361051e-007 2.2122
3.365051e-007 2.2083
3.369051e-007 2.2079
3.373051e-007 2.2081
3.377051e-007 2.209
3.381051e-007 2.208
3.385051e-007 2.2076
3.389051e-007 2.2106
3.393051e-007 2.2056
3.397051e-007 2.2063
3.401051e-007 2.2103
3.405051e-007 2.207
3.409051e-007 2.2073
3.413051e-007 2.2098
3.417051e-007 2.2051
3.421051e-007 2.2048
3.425051e-007 2.2019
3.429051e-007 2.2034
3.433051e-007 2.2026
3.437051e-007 2.1994
3.441051e-007 2.2019
3.445051e-007 2.1996
3.449051e-007 2.1952
3.453051e-007 2.1959
3.457051e-007 2.1916
3.461051e-007 2.1923
3.465051e-007 2.1897
3.469051e-007 2.1913
3.473051e-007 2.1873
3.477051e-007 2.1875
3.481051e-007 2.1856
3.485051e-007 2.1804
3.489051e-007 2.1794
3.493051e-007 2.1761
3.497051e-007 2.1723
3.501051e-007 2.1715
3.505051e-007 2.1677
3.509051e-007 2.1666
3.513051e-007 2.1608
3.517051e-007 2.1585
3.521051e-007 2.1551
3.525051e-007 2.1517
3.529051e-007 2.1519
3.533051e-007 2.1489
3.537051e-007 2.1426
3.541051e-007 2.141
3.545051e-007 2.1378
3.549051e-007 2.1361
3.553051e-007 2.134
3.557051e-007 2.1258
3.561051e-007 2.1259
3.565051e-007 2.121
3.569051e-007 2.1197
3.573051e-007 2.1148
3.577051e-007 2.1159
3.581051e-007 2.1113
3.585051e-007 2.1067
3.589051e-007 2.1061
3.593051e-007 2.1005
3.597051e-007 2.1017
3.601051e-007 2.0993
3.605051e-007 2.0917
3.609051e-007 2.0931
3.613051e-007 2.0934
3.617051e-007 2.0871
3.621051e-007 2.0851
3.625051e-007 2.0848
3.629051e-007 2.0802
3.633051e-007 2.0798
3.637051e-007 2.0805
3.641051e-007 2.0792
3.645051e-007 2.0764
3.649051e-007 2.0754
3.653051e-007 2.0723
3.657051e-007 2.0739
3.661051e-007 2.0715
3.665051e-007 2.0724
3.669051e-007 2.0707
3.673051e-007 2.0694
3.677051e-007 2.0688
3.681051e-007 2.0685
3.685051e-007 2.0666
3.689051e-007 2.0646
3.693051e-007 2.0658
3.697051e-007 2.064
3.701051e-007 2.0636
3.705051e-007 2.0616
3.709051e-007 2.0633
3.713051e-007 2.0607
3.717051e-007 2.0595
3.721051e-007 2.0566
3.725051e-007 2.0595
3.729051e-007 2.06
3.733051e-007 2.0582
3.737051e-007 2.0599
3.741051e-007 2.0612
3.745051e-007 2.0577
3.749051e-007 2.0626
3.753051e-007 2.0591
3.757051e-007 2.0602
3.761051e-007 2.0628
3.765051e-007 2.0588
3.769051e-007 2.0616
3.773051e-007 2.0605
3.777051e-007 2.0598
3.781051e-007 2.0653
3.785051e-007 2.0599
3.789051e-007 2.062
3.793051e-007 2.0626
3.797051e-007 2.0648
3.801051e-007 2.0627
3.805051e-007 2.0662
3.809051e-007 2.0621
3.813051e-007 2.0685
3.817051e-007 2.0707
3.821051e-007 2.0666
3.825051e-007 2.0688
3.829051e-007 2.0683
3.833051e-007 2.0696
3.837051e-007 2.0735
3.841051e-007 2.0714
3.845051e-007 2.0736
3.849051e-007 2.0742
3.853051e-007 2.0773
3.857051e-007 2.0774
3.861051e-007 2.0776
3.865051e-007 2.0773
3.869051e-007 2.0805
3.873051e-007 2.0791
3.877051e-007 2.0823
3.881051e-007 2.0854
3.885051e-007 2.0862
3.889051e-007 2.089
3.893051e-007 2.0881
3.897051e-007 2.091
3.901051e-007 2.0912
3.905051e-007 2.0935
3.909051e-007 2.0951
3.913051e-007 2.0955
3.917051e-007 2.0984
3.921051e-007 2.1015
3.925051e-007 2.1
3.929051e-007 2.102
3.933051e-007 2.1025
3.937051e-007 2.1076
3.941051e-007 2.1043
3.945051e-007 2.1077
3.949051e-007 2.1122
3.953051e-007 2.1103
3.957051e-007 2.1146
3.961051e-007 2.1145
3.965051e-007 2.1158
3.969051e-007 2.1195
3.973051e-007 2.1194
3.977051e-007 2.1218
3.981051e-007 2.1229
3.985051e-007 2.1198
3.989051e-007 2.1256
3.993051e-007 2.1247
3.997051e-007 2.1274
4.001051e-007 2.1277
4.005051e-007 2.1329
4.009051e-007 2.1271
4.013051e-007 2.1294
4.017051e-007 2.1349
4.021051e-007 2.1338
4.025051e-007 2.1374
4.029051e-007 2.1378
4.033051e-007 2.14
4.037051e-007 2.1413
4.041051e-007 2.1392
4.045051e-007 2.1445
4.049051e-007 2.1456
4.053051e-007 2.1502
4.057051e-007 2.1467
4.061051e-007 2.1424
4.065051e-007 2.1432
4.069051e-007 2.1486
4.073051e-007 2.1523
4.077051e-007 2.1524
4.081051e-007 2.1561
4.085051e-007 2.1534
4.089051e-007 2.1618
4.093051e-007 2.1615
4.097051e-007 2.1617
4.101051e-007 2.1632
4.105051e-007 2.1568
4.109051e-007 2.1602
4.113051e-007 2.162
4.117051e-007 2.1628
4.121051e-007 2.1656
4.125051e-007 2.1641
4.129051e-007 2.1668
4.133051e-007 2.1674
4.137051e-007 2.1675
4.141051e-007 2.1717
4.145051e-007 2.1717
4.149051e-007 2.1704
4.153051e-007 2.17
4.157051e-007 2.1731
4.161051e-007 2.1726
4.165051e-007 2.1729
4.169051e-007 2.1763
4.173051e-007 2.1804
4.177051e-007 2.1854
4.181051e-007 2.184
4.185051e-007 2.1833
4.189051e-007 2.1856
4.193051e-007 2.1889
4.197051e-007 2.1873
4.201051e-007 2.1861
4.205051e-007 2.1887
4.209051e-007 2.1836
4.213051e-007 2.185
4.217051e-007 2.1884
4.221051e-007 2.188
4.225051e-007 2.1902
4.229051e-007 2.1933
4.233051e-007 2.1916
4.237051e-007 2.1983
4.241051e-007 2.1989
4.245051e-007 2.1991
4.249051e-007 2.1987
4.253051e-007 2.1961
4.257051e-007 2.1955
4.261051e-007 2.1977
4.265051e-007 2.1969
4.269051e-007 2.198
4.273051e-007 2.1964
4.277051e-007 2.1967
4.281051e-007 2.2024
4.285051e-007 2.2004
4.289051e-007 2.2014
4.293051e-007 2.2039
4.297051e-007 2.2034
4.301051e-007 2.2038
4.305051e-007 2.2061
4.309051e-007 2.2043
4.313051e-007 2.2041
4.317051e-007 2.2073
4.321051e-007 2.2039
4.325051e-007 2.2053
4.329051e-007 2.2062
4.333051e-007 2.2073
4.337051e-007 2.2083
4.341051e-007 2.2061
4.345051e-007 2.2076
4.349051e-007 2.2086
4.353051e-007 2.2116
4.357051e-007 2.2105
4.361051e-007 2.2096
4.365051e-007 2.2091
4.369051e-007 2.2115
4.373051e-007 2.2116
4.377051e-007 2.2109
4.381051e-007 2.2132
4.385051e-007 2.2123
4.389051e-007 2.2135
4.393051e-007 2.21
4.397051e-007 2.2116
4.401051e-007 2.2125
4.405051e-007 2.209
4.409051e-007 2.21
4.413051e-007 2.2059
4.417051e-007 2.2093
4.421051e-007 2.208
4.425051e-007 2.2068
4.429051e-007 2.2068
4.433051e-007 2.2073
4.437051e-007 2.2088
4.441051e-007 2.2044
4.445051e-007 2.2053
4.449051e-007 2.2038
4.453051e-007 2.2014
4.457051e-007 2.2026
4.461051e-007 2.2007
4.465051e-007 2.2002
4.469051e-007 2.2008
4.473051e-007 2.196
4.477051e-007 2.1961
4.481051e-007 2.1939
4.485051e-007 2.1933
4.489051e-007 2.1937
4.493051e-007 2.1897
4.497051e-007 2.1893
4.501051e-007 2.1897
4.505051e-007 2.184
4.509051e-007 2.1835
4.513051e-007 2.179
4.517051e-007 2.1779
4.521051e-007 2.1766
4.525051e-007 2.1705
4.529051e-007 2.1711
4.533051e-007 2.1705
4.537051e-007 2.165
4.541051e-007 2.1604
4.545051e-007 2.1585
4.549051e-007 2.1571
4.553051e-007 2.1567
4.557051e-007 2.1512
4.561051e-007 2.1475
4.565051e-007 2.1508
4.569051e-007 2.1466
4.573051e-007 2.1455
4.577051e-007 2.1433
4.581051e-007 2.1401
4.585051e-007 2.137
4.589051e-007 2.1362
4.593051e-007 2.1348
4.597051e-007 2.1315
4.601051e-007 2.1295
4.605051e-007 2.1234
4.609051e-007 2.1223
4.613051e-007 2.127
4.617051e-007 2.1192
4.621051e-007 2.1181
4.625051e-007 2.1159
4.629051e-007 2.1132
4.633051e-007 2.1146
4.637051e-007 2.1137
4.641051e-007 2.1117
4.645051e-007 2.1097
4.649051e-007 2.1073
4.653051e-007 2.1088
4.657051e-007 2.1046
4.661051e-007 2.1066
4.665051e-007 2.1027
4.669051e-007 2.1008
4.673051e-007 2.0977
4.677051e-007 2.0952
4.681051e-007 2.0989
4.685051e-007 2.0941
4.689051e-007 2.0969
4.693051e-007 2.0929
4.697051e-007 2.0939
4.701051e-007 2.0923
4.705051e-007 2.0948
4.709051e-007 2.0944
4.713051e-007 2.0905
4.717051e-007 2.0908
4.721051e-007 2.0899
4.725051e-007 2.0893
4.729051e-007 2.0878
4.733051e-007 2.088
4.737051e-007 2.0857
4.741051e-007 2.0869
4.745051e-007 2.0849
4.749051e-007 2.0828
4.753051e-007 2.0817
4.757051e-007 2.085
4.761051e-007 2.0852
4.765051e-007 2.0825
4.769051e-007 2.0826
4.773051e-007 2.0862
4.777051e-007 2.0812
4.781051e-007 2.0871
4.785051e-007 2.0847
4.789051e-007 2.0853
4.793051e-007 2.0849
4.797051e-007 2.086
4.801051e-007 2.0857
4.805051e-007 2.0844
4.809051e-007 2.082
4.813051e-007 2.0832
4.817051e-007 2.0855
4.821051e-007 2.084
4.825051e-007 2.0853
4.829051e-007 2.0841
4.833051e-007 2.0858
4.837051e-007 2.0891
4.841051e-007 2.0877
4.845051e-007 2.0881
4.849051e-007 2.0925
4.853051e-007 2.0904
4.857051e-007 2.0935
4.861051e-007 2.0939
4.865051e-007 2.0961
4.869051e-007 2.0951
4.873051e-007 2.0955
4.877051e-007 2.0958
4.881051e-007 2.0969
4.885051e-007 2.1004
4.889051e-007 2.099
4.893051e-007 2.1001
4.897051e-007 2.1032
4.901051e-007 2.1039
4.905051e-007 2.1018
4.909051e-007 2.108
4.913051e-007 2.1069
4.917051e-007 2.1098
4.921051e-007 2.111
4.925051e-007 2.1108
4.929051e-007 2.1123
4.933051e-007 2.1122
4.937051e-007 2.1153
4.941051e-007 2.1144
4.945051e-007 2.1156
4.949051e-007 2.1199
4.953051e-007 2.1207
4.957051e-007 2.1192
4.961051e-007 2.1242
4.965051e-007 2.1225
4.969051e-007 2.124
4.973051e-007 2.1268
4.977051e-007 2.1268
4.981051e-007 2.1297
4.985051e-007 2.1322
4.989051e-007 2.1307
4.993051e-007 2.1312
4.997051e-007 2.1317
5.001051e-007 2.1355
5.005051e-007 2.1355
5.009051e-007 2.137
5.013051e-007 2.1396
5.017051e-007 2.136
5.021051e-007 2.1407
5.025051e-007 2.1401
5.029051e-007 2.1385
5.033051e-007 2.1412
5.037051e-007 2.1465
5.041051e-007 2.1465
5.045051e-007 2.1467
5.049051e-007 2.1438
5.053051e-007 2.1471
5.057051e-007 2.1476
5.061051e-007 2.1563
5.065051e-007 2.159
5.069051e-007 2.1545
5.073051e-007 2.1544
5.077051e-007 2.1521
5.081051e-007 2.1568
5.085051e-007 2.1602
5.089051e-007 2.1561
5.093051e-007 2.1562
5.097051e-007 2.1588
5.101051e-007 2.1608
5.105051e-007 2.1661
5.109051e-007 2.1698
5.113051e-007 2.1686
5.117051e-007 2.1679
5.121051e-007 2.1692
5.125051e-007 2.1672
5.129051e-007 2.1717
5.133051e-007 2.1712
5.137051e-007 2.171
5.141051e-007 2.1704
5.145051e-007 2.1706
5.149051e-007 2.1729
5.153051e-007 2.1756
5.157051e-007 2.1775
5.161051e-007 2.1793
5.165051e-007 2.183
5.169051e-007 2.1786
5.173051e-007 2.18
5.177051e-007 2.1809
5.181051e-007 2.1843
5.185051e-007 2.1823
5.189051e-007 2.1856
5.193051e-007 2.1826
5.197051e-007 2.1833
5.201051e-007 2.1862
5.205051e-007 2.1889
5.209051e-007 2.1893
5.213051e-007 2.1947
5.217051e-007 2.1924
5.221051e-007 2.1946
5.225051e-007 2.1931
5.229051e-007 2.1921
5.233051e-007 2.1964
5.237051e-007 2.1934
5.241051e-007 2.1941
5.245051e-007 2.1971
5.249051e-007 2.1976
5.253051e-007 2.1959
5.257051e-007 2.1963
5.261051e-007 2.198
5.265051e-007 2.1998
5.269051e-007 2.2002
5.273051e-007 2.1986
5.277051e-007 2.1999
5.281051e-007 2.2012
5.285051e-007 2.2008
5.289051e-007 2.2017
5.293051e-007 2.201
5.297051e-007 2.2006
5.301051e-007 2.2043
5.305051e-007 2.2054
5.309051e-007 2.2005
5.313051e-007 2.2093
5.317051e-007 2.2027
5.321051e-007 2.2065
5.325051e-007 2.2079
5.329051e-007 2.2071
5.333051e-007 2.2064
5.337051e-007 2.2068
5.341051e-007 2.2084
5.345051e-007 2.2054
5.349051e-007 2.2038
5.353051e-007 2.2069
5.357051e-007 2.2104
5.361051e-007 2.2073
5.365051e-007 2.2078
5.369051e-007 2.2055
5.373051e-007 2.2092
5.377051e-007 2.2094
5.381051e-007 2.209
5.385051e-007 2.2085
5.389051e-007 2.2081
5.393051e-007 2.2047
5.397051e-007 2.2092
5.401051e-007 2.2066
5.405051e-007 2.2061
5.409051e-007 2.2068
5.413051e-007 2.2079
5.417051e-007 2.2057
5.421051e-007 2.2078
5.425051e-007 2.2049
5.429051e-007 2.2056
5.433051e-007 2.2053
5.437051e-007 2.2032
5.441051e-007 2.2016
5.445051e-007 2.201
5.449051e-007 2.1991
5.453051e-007 2.1987
5.457051e-007 2.1952
5.461051e-007 2.1948
5.465051e-007 2.1918
5.469051e-007 2.1902
5.473051e-007 2.1888
5.477051e-007 2.1863
5.481051e-007 2.1852
5.485051e-007 2.1844
5.489051e-007 2.18
5.493051e-007 2.1784
5.497051e-007 2.1766
5.501051e-007 2.1738
5.505051e-007 2.1733
5.509051e-007 2.1705
5.513051e-007 2.165
5.517051e-007 2.165
5.521051e-007 2.1618
5.525051e-007 2.1571
5.529051e-007 2.1565
5.533051e-007 2.1503
5.537051e-007 2.1496
5.541051e-007 2.1467
5.545051e-007 2.1421
5.549051e-007 2.1405
5.553051e-007 2.1368
5.557051e-007 2.1328
5.561051e-007 2.1296
5.565051e-007 2.1275
5.569051e-007 2.1227
5.573051e-007 2.1204
5.577051e-007 2.1169
5.581051e-007 2.1153
5.585051e-007 2.1121
5.589051e-007 2.1093
5.593051e-007 2.1025
5.597051e-007 2.1071
5.601051e-007 2.0963
5.605051e-007 2.1011
5.609051e-007 2.0951
5.613051e-007 2.0937
5.617051e-007 2.092
5.621051e-007 2.0897
5.625051e-007 2.0916
5.629051e-007 2.0853
5.633051e-007 2.0861
5.637051e-007 2.086
5.641051e-007 2.0801
5.645051e-007 2.0837
5.649051e-007 2.0788
5.653051e-007 2.0792
5.657051e-007 2.0763
5.661051e-007 2.0756
5.665051e-007 2.0718
5.669051e-007 2.0739
5.673051e-007 2.07
5.677051e-007 2.0682
5.681051e-007 2.0664
5.685051e-007 2.0643
5.689051e-007 2.0644
5.693051e-007 2.0638
5.697051e-007 2.065
5.701051e-007 2.0633
5.705051e-007 2.0629
5.709051e-007 2.0612
5.713051e-007 2.0592
5.717051e-007 2.0618
5.721051e-007 2.0586
5.725051e-007 2.0615
5.729051e-007 2.0588
5.733051e-007 2.0581
5.737051e-007 2.0578
5.741051e-007 2.0593
5.745051e-007 2.058
5.749051e-007 2.0576
5.753051e-007 2.0567
5.757051e-007 2.056
5.761051e-007 2.0592
5.765051e-007 2.0546
5.769051e-007 2.0568
5.773051e-007 2.0578
5.777051e-007 2.0551
5.781051e-007 2.0601
5.785051e-007 2.0572
5.789051e-007 2.0578
5.793051e-007 2.0609
5.797051e-007 2.057
5.801051e-007 2.0621
5.805051e-007 2.0583
5.809051e-007 2.063
5.813051e-007 2.0617
5.817051e-007 2.0624
5.821051e-007 2.0662
5.825051e-007 2.0637
5.829051e-007 2.0665
5.833051e-007 2.0664
5.837051e-007 2.0676
5.841051e-007 2.0697
5.845051e-007 2.0688
5.849051e-007 2.074
5.853051e-007 2.0725
5.857051e-007 2.0734
5.861051e-007 2.0772
5.865051e-007 2.0758
5.869051e-007 2.0777
5.873051e-007 2.0774
5.877051e-007 2.0817
5.881051e-007 2.0809
5.885051e-007 2.0834
5.889051e-007 2.0854
5.893051e-007 2.0842
5.897051e-007 2.0856
5.901051e-007 2.088
5.905051e-007 2.091
5.909051e-007 2.0936
5.913051e-007 2.0958
5.917051e-007 2.0921
5.921051e-007 2.099
5.925051e-007 2.1001
5.929051e-007 2.1
5.933051e-007 2.1036
5.937051e-007 2.1014
5.941051e-007 2.1085
5.945051e-007 2.1062
5.949051e-007 2.1089
5.953051e-007 2.1088
5.957051e-007 2.1129
5.961051e-007 2.1146
5.965051e-007 2.1145
5.969051e-007 2.1171
5.973051e-007 2.1188
5.977051e-007 2.1192
5.981051e-007 2.1203
5.985051e-007 2.124
5.989051e-007 2.1255
5.993051e-007 2.1284
5.997051e-007 2.1245
6.001051e-007 2.1293
6.005051e-007 2.1305
6.009051e-007 2.1274
6.013051e-007 2.132
6.017051e-007 2.1308
6.021051e-007 2.1355
6.025051e-007 2.1377
6.029051e-007 2.1393
6.033051e-007 2.1425
6.037051e-007 2.1406
6.041051e-007 2.1426
6.045051e-007 2.1427
6.049051e-007 2.1497
6.053051e-007 2.1491
6.057051e-007 2.1466
6.061051e-007 2.1464
6.065051e-007 2.1425
6.069051e-007 2.1493
6.073051e-007 2.156
6.077051e-007 2.1543
6.081051e-007 2.1571
6.085051e-007 2.157
6.089051e-007 2.1584
6.093051e-007 2.1645
6.097051e-007 2.1643
6.101051e-007 2.163
6.105051e-007 2.1605
6.109051e-007 2.1599
6.113051e-007 2.1653
6.117051e-007 2.1668
6.121051e-007 2.1678
6.125051e-007 2.1691
6.129051e-007 2.1653
6.133051e-007 2.171
6.137051e-007 2.1723
6.141051e-007 2.1767
6.145051e-007 2.1764
6.149051e-007 2.1766
6.153051e-007 2.1753
6.157051e-007 2.1755
6.161051e-007 2.178
6.165051e-007 2.1759
6.169051e-007 2.1798
6.173051e-007 2.1809
6.177051e-007 2.181
6.181051e-007 2.1852
6.185051e-007 2.186
6.189051e-007 2.1854
6.193051e-007 2.1884
6.197051e-007 2.1871
6.201051e-007 2.188
6.205051e-007 2.1893
6.209051e-007 2.1905
6.213051e-007 2.1873
6.217051e-007 2.1921
6.221051e-007 2.1915
6.225051e-007 2.1895
6.229051e-007 2.1961
6.233051e-007 2.195
6.237051e-007 2.1972
6.241051e-007 2.1988
6.245051e-007 2.1986
6.249051e-007 2.1997
6.253051e-007 2.2001
6.257051e-007 2.1998
6.261051e-007 2.2015
6.265051e-007 2.2012
6.269051e-007 2.2025
6.273051e-007 2.2025
6.277051e-007 2.204
6.281051e-007 2.2048
6.285051e-007 2.209
6.289051e-007 2.2091
6.293051e-007 2.2077
6.297051e-007 2.2076
6.301051e-007 2.2091
6.305051e-007 2.2089
6.309051e-007 2.2046
6.313051e-007 2.2093
6.317051e-007 2.2057
6.321051e-007 2.2092
6.325051e-007 2.2102
6.329051e-007 2.2082
6.333051e-007 2.2109
6.337051e-007 2.2085
6.341051e-007 2.2127
6.345051e-007 2.2139
6.349051e-007 2.214
6.353051e-007 2.2143
6.357051e-007 2.2125
6.361051e-007 2.2117
6.365051e-007 2.2115
6.369051e-007 2.2111
6.373051e-007 2.2159
6.377051e-007 2.2133
6.381051e-007 2.2139
6.385051e-007 2.2164
6.389051e-007 2.2148
6.393051e-007 2.2138
6.397051e-007 2.216
6.401051e-007 2.2116
6.405051e-007 2.2143
6.409051e-007 2.2155
6.413051e-007 2.2123
6.417051e-007 2.2131
6.421051e-007 2.2118
6.425051e-007 2.2124
6.429051e-007 2.2116
6.433051e-007 2.2125
6.437051e-007 2.2102
6.441051e-007 2.2097
6.445051e-007 2.2074
6.449051e-007 2.2094
6.453051e-007 2.2069
6.457051e-007 2.207
6.461051e-007 2.2084
6.465051e-007 2.2057
6.469051e-007 2.2046
6.473051e-007 2.2013
6.477051e-007 2.2044
6.481051e-007 2.2003
6.485051e-007 2.2018
6.489051e-007 2.197
6.493051e-007 2.193
6.497051e-007 2.1945
6.501051e-007 2.1931
6.505051e-007 2.1894
6.509051e-007 2.1906
6.513051e-007 2.1869
6.517051e-007 2.1857
6.521051e-007 2.179
6.525051e-007 2.18
6.529051e-007 2.1768
6.533051e-007 2.171
6.537051e-007 2.1732
6.541051e-007 2.1677
6.545051e-007 2.1674
6.549051e-007 2.1653
6.553051e-007 2.1619
6.557051e-007 2.1606
6.561051e-007 2.1576
6.565051e-007 2.1549
6.569051e-007 2.1541
6.573051e-007 2.1493
6.577051e-007 2.1461
6.581051e-007 2.148
6.585051e-007 2.1423
6.589051e-007 2.1417
6.593051e-007 2.1388
6.597051e-007 2.1384
6.601051e-007 2.1362
6.605051e-007 2.1326
6.609051e-007 2.1343
6.613051e-007 2.1298
6.617051e-007 2.1274
6.621051e-007 2.1249
6.625051e-007 2.1225
6.629051e-007 2.1221
6.633051e-007 2.1188
6.637051e-007 2.1164
6.641051e-007 2.1166
6.645051e-007 2.1133
6.649051e-007 2.1123
6.653051e-007 2.1106
6.657051e-007 2.111
6.661051e-007 2.1099
6.665051e-007 2.1046
6.669051e-007 2.1082
6.673051e-007 2.1059
6.677051e-007 2.1047
6.681051e-007 2.1048
6.685051e-007 2.1027
6.689051e-007 2.1035
6.693051e-007 2.1023
6.697051e-007 2.1009
6.701051e-007 2.0982
6.705051e-007 2.0992
6.709051e-007 2.096
6.713051e-007 2.0954
6.717051e-007 2.0942
6.721051e-007 2.0958
6.725051e-007 2.0945
6.729051e-007 2.096
6.733051e-007 2.0938
6.737051e-007 2.0914
6.741051e-007 2.0917
6.745051e-007 2.0908
6.749051e-007 2.0906
6.753051e-007 2.0907
6.757051e-007 2.0907
6.761051e-007 2.0883
6.765051e-007 2.0905
6.769051e-007 2.0888
6.773051e-007 2.087
6.777051e-007 2.0884
6.781051e-007 2.0849
6.785051e-007 2.0887
6.789051e-007 2.0887
6.793051e-007 2.0865
6.797051e-007 2.0885
6.801051e-007 2.0898
6.805051e-007 2.0931
6.809051e-007 2.0917
6.813051e-007 2.0892
6.817051e-007 2.0939
6.821051e-007 2.0928
6.825051e-007 2.0935
6.829051e-007 2.0945
6.833051e-007 2.0899
6.837051e-007 2.0937
6.841051e-007 2.0933
6.845051e-007 2.0947
6.849051e-007 2.0994
6.853051e-007 2.0953
6.857051e-007 2.0989
6.861051e-007 2.0976
6.865051e-007 2.0987
6.869051e-007 2.0994
6.873051e-007 2.1024
6.877051e-007 2.1001
6.881051e-007 2.1041
6.885051e-007 2.1042
6.889051e-007 2.1043
6.893051e-007 2.107
6.897051e-007 2.1068
6.901051e-007 2.1092
6.905051e-007 2.1136
6.909051e-007 2.1086
6.913051e-007 2.1163
6.917051e-007 2.1146
6.921051e-007 2.1126
6.925051e-007 2.1175
6.929051e-007 2.119
6.933051e-007 2.1179
6.937051e-007 2.12
6.941051e-007 2.121
6.945051e-007 2.1213
6.949051e-007 2.1216
6.953051e-007 2.125
6.957051e-007 2.1225
6.961051e-007 2.1263
6.965051e-007 2.1288
6.969051e-007 2.1286
6.973051e-007 2.1324
6.977051e-007 2.1364
6.981051e-007 2.1357
6.985051e-007 2.1343
6.989051e-007 2.1371
6.993051e-007 2.1352
6.997051e-007 2.1369
7.001051e-007 2.1379
7.005051e-007 2.1377
7.009051e-007 2.14
7.013051e-007 2.1431
7.017051e-007 2.1442
7.021051e-007 2.147
7.025051e-007 2.1455
7.029051e-007 2.1458
7.033051e-007 2.1501
7.037051e-007 2.1547
7.041051e-007 2.1531
7.045051e-007 2.1516
7.049051e-007 2.1463
7.053051e-007 2.1494
7.057051e-007 2.1546
7.061051e-007 2.1591
7.065051e-007 2.1585
7.069051e-007 2.162
7.073051e-007 2.1558
7.077051e-007 2.1601
7.081051e-007 2.1599
7.085051e-007 2.1591
7.089051e-007 2.1624
7.093051e-007 2.1597
7.097051e-007 2.1611
7.101051e-007 2.1657
7.105051e-007 2.1681
7.109051e-007 2.172
7.113051e-007 2.1706
7.117051e-007 2.1709
7.121051e-007 2.17
7.125051e-007 2.1721
7.129051e-007 2.1728
7.133051e-007 2.1743
7.137051e-007 2.1739
7.141051e-007 2.1771
7.145051e-007 2.1764
7.149051e-007 2.1794
7.153051e-007 2.1821
7.157051e-007 2.1813
7.161051e-007 2.1837
7.165051e-007 2.1804
7.169051e-007 2.1846
7.173051e-007 2.1845
7.177051e-007 2.1835
7.181051e-007 2.1877
7.185051e-007 2.1869
7.189051e-007 2.1873
7.193051e-007 2.1866
7.197051e-007 2.1871
7.201051e-007 2.1885
7.205051e-007 2.1913
7.209051e-007 2.1941
7.213051e-007 2.1961
7.217051e-007 2.1986
7.221051e-007 2.1965
7.225051e-007 2.1949
7.229051e-007 2.1961
7.233051e-007 2.1962
7.237051e-007 2.1974
7.241051e-007 2.1967
7.245051e-007 2.199
7.249051e-007 2.197
7.253051e-007 2.2005
7.257051e-007 2.201
7.261051e-007 2.2028
7.265051e-007 2.2026
7.269051e-007 2.2034
7.273051e-007 2.2018
7.277051e-007 2.2015
7.281051e-007 2.2043
7.285051e-007 2.2024
7.289051e-007 2.2019
7.293051e-007 2.2039
7.297051e-007 2.2026
7.301051e-007 2.2076
7.305051e-007 2.2034
7.309051e-007 2.2054
7.313051e-007 2.2075
7.317051e-007 2.2076
7.321051e-007 2.2072
7.325051e-007 2.2082
7.329051e-007 2.2054
7.333051e-007 2.2051
7.337051e-007 2.2098
7.341051e-007 2.204
7.345051e-007 2.2078
7.349051e-007 2.2086
7.353051e-007 2.2069
7.357051e-007 2.2096
7.361051e-007 2.2054
7.365051e-007 2.2086
7.369051e-007 2.2078
7.373051e-007 2.2057
7.377051e-007 2.207
7.381051e-007 2.206
7.385051e-007 2.2086
7.389051e-007 2.2062
7.393051e-007 2.2087
7.397051e-007 2.2062
7.401051e-007 2.2072
7.405051e-007 2.2056
7.409051e-007 2.2029
7.413051e-007 2.2049
7.417051e-007 2.2054
7.421051e-007 2.2031
7.425051e-007 2.2049
7.429051e-007 2.2017
7.433051e-007 2.2018
7.437051e-007 2.1977
7.441051e-007 2.1993
7.445051e-007 2.1953
7.449051e-007 2.1932
7.453051e-007 2.1943
7.457051e-007 2.1914
7.461051e-007 2.1921
7.465051e-007 2.1871
7.469051e-007 2.1877
7.473051e-007 2.1835
7.477051e-007 2.1835
7.481051e-007 2.183
7.485051e-007 2.176
7.489051e-007 2.176
7.493051e-007 2.1735
7.497051e-007 2.1725
7.501051e-007 2.1706
7.505051e-007 2.1647
7.509051e-007 2.1654
7.513051e-007 2.1601
7.517051e-007 2.1599
7.521051e-007 2.1572
7.525051e-007 2.1508
7.529051e-007 2.1508
7.533051e-007 2.1468
7.537051e-007 2.1449
7.541051e-007 2.1403
7.545051e-007 2.1376
7.549051e-007 2.1371
7.553051e-007 2.1323
7.557051e-007 2.1298
7.561051e-007 2.1243
7.565051e-007 2.1243
7.569051e-007 2.1181
7.573051e-007 2.1165
7.577051e-007 2.1119
7.581051e-007 2.1105
7.585051e-007 2.1077
7.589051e-007 2.1041
7.593051e-007 2.1012
7.597051e-007 2.1017
7.601051e-007 2.0974
7.605051e-007 2.0956
7.609051e-007 2.0916
7.613051e-007 2.0916
7.617051e-007 2.0903
7.621051e-007 2.0877
7.625051e-007 2.0855
7.629051e-007 2.0872
7.633051e-007 2.0811
7.637051e-007 2.0813
7.641051e-007 2.0781
7.645051e-007 2.0789
7.649051e-007 2.0786
7.653051e-007 2.0727
7.657051e-007 2.0742
7.661051e-007 2.0745
7.665051e-007 2.0722
7.669051e-007 2.0707
7.673051e-007 2.0698
7.677051e-007 2.0656
7.681051e-007 2.0673
7.685051e-007 2.0638
7.689051e-007 2.0648
7.693051e-007 2.0642
7.697051e-007 2.0627
7.701051e-007 2.0611
7.705051e-007 2.0625
7.709051e-007 2.0621
7.713051e-007 2.0599
7.717051e-007 2.0609
7.721051e-007 2.0598
7.725051e-007 2.0585
7.729051e-007 2.0646
7.733051e-007 2.0593
7.737051e-007 2.0582
7.741051e-007 2.0595
7.745051e-007 2.0585
7.749051e-007 2.0598
7.753051e-007 2.0604
7.757051e-007 2.0547
7.761051e-007 2.0591
7.765051e-007 2.0598
7.769051e-007 2.0565
7.773051e-007 2.0596
7.777051e-007 2.0593
7.781051e-007 2.0591
7.785051e-007 2.0601
7.789051e-007 2.059
7.793051e-007 2.0599
7.797051e-007 2.057
7.801051e-007 2.0611
7.805051e-007 2.0622
7.809051e-007 2.0612
7.813051e-007 2.0639
7.817051e-007 2.0632
7.821051e-007 2.0664
7.825051e-007 2.062
7.829051e-007 2.064
7.833051e-007 2.0658
7.837051e-007 2.0682
7.841051e-007 2.0689
7.845051e-007 2.0702
7.849051e-007 2.0713
7.853051e-007 2.0695
7.857051e-007 2.0754
7.861051e-007 2.0721
7.865051e-007 2.0759
7.869051e-007 2.0759
7.873051e-007 2.0771
7.877051e-007 2.0823
7.881051e-007 2.0793
7.885051e-007 2.0845
7.889051e-007 2.085
7.893051e-007 2.0867
7.897051e-007 2.0885
7.901051e-007 2.0912
7.905051e-007 2.0921
7.909051e-007 2.0933
7.913051e-007 2.0942
7.917051e-007 2.0928
7.921051e-007 2.0956
7.925051e-007 2.0964
7.929051e-007 2.0975
7.933051e-007 2.1011
7.937051e-007 2.101
7.941051e-007 2.1035
7.945051e-007 2.1073
7.949051e-007 2.1051
7.953051e-007 2.1083
7.957051e-007 2.1105
7.961051e-007 2.1101
7.965051e-007 2.1135
7.969051e-007 2.1143
7.973051e-007 2.113
7.977051e-007 2.1174
7.981051e-007 2.1176
7.985051e-007 2.1187
7.989051e-007 2.1225
7.993051e-007 2.1208
7.997051e-007 2.1248
8.001051e-007 2.1256
8.005051e-007 2.1265
8.009051e-007 2.1269
8.013051e-007 2.1303
8.017051e-007 2.1292
8.021051e-007 2.1318
8.025051e-007 2.1346
8.029051e-007 2.136
8.033051e-007 2.1373
8.037051e-007 2.1398
8.041051e-007 2.1379
8.045051e-007 2.1414
8.049051e-007 2.144
8.053051e-007 2.1441
8.057051e-007 2.1465
8.061051e-007 2.1425
8.065051e-007 2.1403
8.069051e-007 2.1473
8.073051e-007 2.1493
8.077051e-007 2.152
8.081051e-007 2.1532
8.085051e-007 2.1512
8.089051e-007 2.1571
8.093051e-007 2.1575
8.097051e-007 2.1614
8.101051e-007 2.1596
8.105051e-007 2.1587
8.109051e-007 2.1566
8.113051e-007 2.1561
8.117051e-007 2.1598
8.121051e-007 2.1616
8.125051e-007 2.1633
8.129051e-007 2.1654
8.133051e-007 2.1665
8.137051e-007 2.168
8.141051e-007 2.1688
8.145051e-007 2.1708
8.149051e-007 2.173
8.153051e-007 2.1727
8.157051e-007 2.1732
8.161051e-007 2.1731
8.165051e-007 2.1731
8.169051e-007 2.1761
8.173051e-007 2.178
8.177051e-007 2.1811
8.181051e-007 2.1798
8.185051e-007 2.18
8.189051e-007 2.1818
8.193051e-007 2.1831
8.197051e-007 2.1852
8.201051e-007 2.1848
8.205051e-007 2.1871
8.209051e-007 2.1835
8.213051e-007 2.1828
8.217051e-007 2.1853
8.221051e-007 2.1869
8.225051e-007 2.1885
8.229051e-007 2.1918
8.233051e-007 2.1888
8.237051e-007 2.1944
8.241051e-007 2.1958
8.245051e-007 2.1937
8.249051e-007 2.1971
8.253051e-007 2.1943
8.257051e-007 2.1988
8.261051e-007 2.1972
8.265051e-007 2.1929
8.269051e-007 2.2012
8.273051e-007 2.1997
8.277051e-007 2.1956
8.281051e-007 2.2004
8.285051e-007 2.2
8.289051e-007 2.2031
8.293051e-007 2.2014
8.297051e-007 2.2029
8.301051e-007 2.2024
8.305051e-007 2.2012
8.309051e-007 2.2032
8.313051e-007 2.1989
8.317051e-007 2.2041
8.321051e-007 2.2031
8.325051e-007 2.2038
8.329051e-007 2.2042
8.333051e-007 2.2071
8.337051e-007 2.205
8.341051e-007 2.2052
8.345051e-007 2.2056
8.349051e-007 2.2099
8.353051e-007 2.2075
8.357051e-007 2.2075
8.361051e-007 2.2071
8.365051e-007 2.2069
8.369051e-007 2.2082
8.373051e-007 2.2075
8.377051e-007 2.2075
8.381051e-007 2.2076
8.385051e-007 2.2068
8.389051e-007 2.2082
8.393051e-007 2.2099
8.397051e-007 2.2078
8.401051e-007 2.2088
8.405051e-007 2.2085
8.409051e-007 2.2075
8.413051e-007 2.2067
8.417051e-007 2.2067
8.421051e-007 2.207
8.425051e-007 2.2039
8.429051e-007 2.2064
8.433051e-007 2.2027
8.437051e-007 2.2052
8.441051e-007 2.2015
8.445051e-007 2.2032
8.449051e-007 2.2021
8.453051e-007 2.2
8.457051e-007 2.2025
8.461051e-007 2.1986
8.465051e-007 2.1986
8.469051e-007 2.1993
8.473051e-007 2.1955
8.477051e-007 2.1921
8.481051e-007 2.1952
8.485051e-007 2.1896
8.489051e-007 2.1891
8.493051e-007 2.1887
8.497051e-007 2.185
8.501051e-007 2.1868
8.505051e-007 2.1826
8.509051e-007 2.179
8.513051e-007 2.1781
8.517051e-007 2.177
8.521051e-007 2.1729
8.525051e-007 2.1716
8.529051e-007 2.1682
8.533051e-007 2.1679
8.537051e-007 2.1619
8.541051e-007 2.1588
8.545051e-007 2.1538
8.549051e-007 2.1553
8.553051e-007 2.1521
8.557051e-007 2.152
8.561051e-007 2.1474
8.565051e-007 2.1431
8.569051e-007 2.1411
8.573051e-007 2.1384
8.577051e-007 2.1374
8.581051e-007 2.1331
8.585051e-007 2.1317
8.589051e-007 2.1308
8.593051e-007 2.1311
8.597051e-007 2.1281
8.601051e-007 2.1242
8.605051e-007 2.121
8.609051e-007 2.1193
8.613051e-007 2.1168
8.617051e-007 2.1177
8.621051e-007 2.1168
8.625051e-007 2.1114
8.629051e-007 2.1103
8.633051e-007 2.1088
8.637051e-007 2.1072
8.641051e-007 2.1066
8.645051e-007 2.1023
8.649051e-007 2.1061
8.653051e-007 2.0994
8.657051e-007 2.0983
8.661051e-007 2.0987
8.665051e-007 2.0991
8.669051e-007 2.1006
8.673051e-007 2.0949
8.677051e-007 2.0957
8.681051e-007 2.0949
8.685051e-007 2.0918
8.689051e-007 2.0936
8.693051e-007 2.093
8.697051e-007 2.0894
8.701051e-007 2.0903
8.705051e-007 2.0896
8.709051e-007 2.0891
8.713051e-007 2.0911
8.717051e-007 2.0846
8.721051e-007 2.0868
8.725051e-007 2.0869
8.729051e-007 2.086
8.733051e-007 2.0863
8.737051e-007 2.084
8.741051e-007 2.085
8.745051e-007 2.083
8.749051e-007 2.0833
8.753051e-007 2.0833
8.757051e-007 2.0837
8.761051e-007 2.0824
8.765051e-007 2.0856
8.769051e-007 2.0821
8.773051e-007 2.0836
8.777051e-007 2.0821
8.781051e-007 2.0823
