-1.221806e-007 1.085
-1.217806e-007 1.085
-1.213806e-007 1.08
-1.209806e-007 1.083
-1.205806e-007 1.085
-1.201806e-007 1.091
-1.197806e-007 1.086
-1.193806e-007 1.095
-1.189806e-007 1.09
-1.185806e-007 1.095
-1.181806e-007 1.094
-1.177806e-007 1.099
-1.173806e-007 1.096
-1.169806e-007 1.095
-1.165806e-007 1.095
-1.161806e-007 1.095
-1.157806e-007 1.089
-1.153806e-007 1.087
-1.149806e-007 1.083
-1.145806e-007 1.088
-1.141806e-007 1.086
-1.137806e-007 1.086
-1.133806e-007 1.086
-1.129806e-007 1.096
-1.125806e-007 1.088
-1.121806e-007 1.09
-1.117806e-007 1.086
-1.113806e-007 1.089
-1.109806e-007 1.09
-1.105806e-007 1.087
-1.101806e-007 1.085
-1.097806e-007 1.089
-1.093806e-007 1.088
-1.089806e-007 1.086
-1.085806e-007 1.084
-1.081806e-007 1.084
-1.077806e-007 1.082
-1.073806e-007 1.082
-1.069806e-007 1.082
-1.065806e-007 1.082
-1.061806e-007 1.077
-1.057806e-007 1.077
-1.053806e-007 1.076
-1.049806e-007 1.082
-1.045806e-007 1.082
-1.041806e-007 1.087
-1.037806e-007 1.084
-1.033806e-007 1.095
-1.029806e-007 1.099
-1.025806e-007 1.109
-1.021806e-007 1.112
-1.017806e-007 1.14
-1.013806e-007 1.179
-1.009806e-007 1.221
-1.005806e-007 1.264
-1.001806e-007 1.31
-9.978056e-008 1.37
-9.938056e-008 1.427
-9.898056e-008 1.464
-9.858056e-008 1.508
-9.818056e-008 1.551
-9.778056e-008 1.588
-9.738056e-008 1.619
-9.698056e-008 1.65
-9.658056e-008 1.662
-9.618056e-008 1.673
-9.578056e-008 1.674
-9.538056e-008 1.677
-9.498056e-008 1.676
-9.458056e-008 1.673
-9.418056e-008 1.665
-9.378056e-008 1.652
-9.338056e-008 1.638
-9.298056e-008 1.626
-9.258056e-008 1.613
-9.218056e-008 1.608
-9.178056e-008 1.606
-9.138056e-008 1.607
-9.098056e-008 1.622
-9.058056e-008 1.635
-9.018056e-008 1.641
-8.978056e-008 1.658
-8.938056e-008 1.668
-8.898056e-008 1.667
-8.858056e-008 1.674
-8.818056e-008 1.675
-8.778056e-008 1.663
-8.738056e-008 1.658
-8.698056e-008 1.653
-8.658056e-008 1.651
-8.618056e-008 1.646
-8.578056e-008 1.65
-8.538056e-008 1.652
-8.498056e-008 1.659
-8.458056e-008 1.673
-8.418056e-008 1.683
-8.378056e-008 1.695
-8.338056e-008 1.714
-8.298056e-008 1.722
-8.258056e-008 1.735
-8.218056e-008 1.744
-8.178056e-008 1.745
-8.138056e-008 1.747
-8.098056e-008 1.749
-8.058056e-008 1.743
-8.018056e-008 1.74
-7.978056e-008 1.744
-7.938056e-008 1.74
-7.898056e-008 1.734
-7.858056e-008 1.729
-7.818056e-008 1.723
-7.778056e-008 1.717
-7.738056e-008 1.713
-7.698056e-008 1.713
-7.658056e-008 1.715
-7.618056e-008 1.713
-7.578056e-008 1.715
-7.538056e-008 1.723
-7.498056e-008 1.727
-7.458056e-008 1.739
-7.418056e-008 1.737
-7.378056e-008 1.749
-7.338056e-008 1.754
-7.298056e-008 1.764
-7.258056e-008 1.762
-7.218056e-008 1.763
-7.178056e-008 1.761
-7.138056e-008 1.764
-7.098056e-008 1.763
-7.058056e-008 1.764
-7.018056e-008 1.77
-6.978056e-008 1.779
-6.938056e-008 1.778
-6.898056e-008 1.786
-6.858056e-008 1.781
-6.818056e-008 1.791
-6.778056e-008 1.783
-6.738056e-008 1.784
-6.698056e-008 1.785
-6.658056e-008 1.769
-6.618056e-008 1.774
-6.578056e-008 1.764
-6.538056e-008 1.764
-6.498056e-008 1.76
-6.458056e-008 1.759
-6.418056e-008 1.758
-6.378056e-008 1.759
-6.338056e-008 1.765
-6.298056e-008 1.767
-6.258056e-008 1.766
-6.218056e-008 1.774
-6.178056e-008 1.772
-6.138056e-008 1.778
-6.098056e-008 1.779
-6.058056e-008 1.781
-6.018056e-008 1.786
-5.978056e-008 1.783
-5.938056e-008 1.783
-5.898056e-008 1.788
-5.858056e-008 1.789
-5.818056e-008 1.786
-5.778056e-008 1.784
-5.738056e-008 1.778
-5.698056e-008 1.78
-5.658056e-008 1.766
-5.618056e-008 1.768
-5.578056e-008 1.767
-5.538056e-008 1.763
-5.498056e-008 1.763
-5.458056e-008 1.765
-5.418056e-008 1.767
-5.378056e-008 1.768
-5.338056e-008 1.772
-5.298056e-008 1.769
-5.258056e-008 1.776
-5.218056e-008 1.782
-5.178056e-008 1.778
-5.138056e-008 1.787
-5.098056e-008 1.781
-5.058056e-008 1.785
-5.018056e-008 1.784
-4.978056e-008 1.786
-4.938056e-008 1.788
-4.898056e-008 1.787
-4.858056e-008 1.784
-4.818056e-008 1.791
-4.778056e-008 1.792
-4.738056e-008 1.797
-4.698056e-008 1.79
-4.658056e-008 1.791
-4.618056e-008 1.792
-4.578056e-008 1.79
-4.538056e-008 1.785
-4.498056e-008 1.788
-4.458056e-008 1.79
-4.418056e-008 1.792
-4.378056e-008 1.789
-4.338056e-008 1.795
-4.298056e-008 1.798
-4.258056e-008 1.797
-4.218056e-008 1.792
-4.178056e-008 1.796
-4.138056e-008 1.792
-4.098056e-008 1.791
-4.058056e-008 1.791
-4.018056e-008 1.784
-3.978056e-008 1.786
-3.938056e-008 1.787
-3.898056e-008 1.784
-3.858056e-008 1.787
-3.818056e-008 1.786
-3.778056e-008 1.79
-3.738056e-008 1.786
-3.698056e-008 1.792
-3.658056e-008 1.791
-3.618056e-008 1.793
-3.578056e-008 1.791
-3.538056e-008 1.789
-3.498056e-008 1.787
-3.458056e-008 1.79
-3.418056e-008 1.785
-3.378056e-008 1.784
-3.338056e-008 1.782
-3.298056e-008 1.784
-3.258056e-008 1.776
-3.218056e-008 1.778
-3.178056e-008 1.772
-3.138056e-008 1.776
-3.098056e-008 1.77
-3.058056e-008 1.772
-3.018056e-008 1.773
-2.978056e-008 1.775
-2.938056e-008 1.779
-2.898056e-008 1.786
-2.858056e-008 1.78
-2.818056e-008 1.792
-2.778056e-008 1.783
-2.738056e-008 1.788
-2.698056e-008 1.784
-2.658056e-008 1.788
-2.618056e-008 1.785
-2.578056e-008 1.778
-2.538056e-008 1.78
-2.498056e-008 1.784
-2.458056e-008 1.781
-2.418056e-008 1.783
-2.378056e-008 1.78
-2.338056e-008 1.792
-2.298056e-008 1.792
-2.258056e-008 1.786
-2.218056e-008 1.789
-2.178056e-008 1.79
-2.138056e-008 1.782
-2.098056e-008 1.784
-2.058056e-008 1.786
-2.018056e-008 1.793
-1.978056e-008 1.791
-1.938056e-008 1.793
-1.898056e-008 1.796
-1.858056e-008 1.801
-1.818056e-008 1.801
-1.778056e-008 1.803
-1.738056e-008 1.8
-1.698056e-008 1.801
-1.658056e-008 1.802
-1.618056e-008 1.791
-1.578056e-008 1.788
-1.538056e-008 1.796
-1.498056e-008 1.789
-1.458056e-008 1.79
-1.418056e-008 1.783
-1.378056e-008 1.786
-1.338056e-008 1.78
-1.298056e-008 1.779
-1.258056e-008 1.786
-1.218056e-008 1.785
-1.178056e-008 1.792
-1.138056e-008 1.787
-1.098056e-008 1.794
-1.058056e-008 1.789
-1.018056e-008 1.792
-9.780561e-009 1.789
-9.380561e-009 1.798
-8.980561e-009 1.797
-8.580561e-009 1.79
-8.180561e-009 1.793
-7.780561e-009 1.785
-7.380561e-009 1.794
-6.980561e-009 1.786
-6.580561e-009 1.777
-6.180561e-009 1.77
-5.780561e-009 1.779
-5.380561e-009 1.778
-4.980561e-009 1.768
-4.580561e-009 1.777
-4.180561e-009 1.778
-3.780561e-009 1.78
-3.380561e-009 1.787
-2.980561e-009 1.776
-2.580561e-009 1.78
-2.180561e-009 1.761
-1.780561e-009 1.714
-1.380561e-009 1.635
-9.805615e-010 1.543
-5.805615e-010 1.446
-1.805615e-010 1.352
2.194385e-010 1.267
6.194385e-010 1.21
1.019439e-009 1.167
1.419439e-009 1.137
1.819439e-009 1.107
2.219439e-009 1.106
2.619439e-009 1.104
3.019439e-009 1.11
3.419439e-009 1.112
3.819439e-009 1.12
4.219439e-009 1.112
4.619439e-009 1.116
5.019439e-009 1.103
5.419439e-009 1.091
5.819439e-009 1.07
6.219439e-009 1.057
6.619439e-009 1.029
7.019439e-009 1.015
7.419439e-009 1.004
7.819439e-009 1.003
8.219439e-009 1.007
8.619439e-009 1.012
9.019439e-009 1.014
9.419439e-009 1.019
9.819439e-009 1.021
1.021944e-008 1.027
1.061944e-008 1.038
1.101944e-008 1.043
1.141944e-008 1.061
1.181944e-008 1.076
1.221944e-008 1.093
1.261944e-008 1.109
1.301944e-008 1.12
1.341944e-008 1.126
1.381944e-008 1.127
1.421944e-008 1.122
1.461944e-008 1.113
1.501944e-008 1.093
1.541944e-008 1.074
1.581944e-008 1.053
1.621944e-008 1.031
1.661944e-008 1.02
1.701944e-008 1.003
1.741944e-008 1.001
1.781944e-008 1.004
1.821944e-008 1.015
1.861944e-008 1.016
1.901944e-008 1.027
1.941944e-008 1.038
1.981944e-008 1.05
2.021944e-008 1.059
2.061944e-008 1.069
2.101944e-008 1.07
2.141944e-008 1.086
2.181944e-008 1.082
2.221944e-008 1.081
2.261944e-008 1.082
2.301944e-008 1.081
2.341944e-008 1.083
2.381944e-008 1.079
2.421944e-008 1.082
2.461944e-008 1.077
2.501944e-008 1.076
2.541944e-008 1.071
2.581944e-008 1.069
2.621944e-008 1.072
2.661944e-008 1.069
2.701944e-008 1.066
2.741944e-008 1.071
2.781944e-008 1.068
2.821944e-008 1.07
2.861944e-008 1.07
2.901944e-008 1.069
2.941944e-008 1.073
2.981944e-008 1.077
3.021944e-008 1.086
3.061944e-008 1.079
3.101944e-008 1.085
3.141944e-008 1.077
3.181944e-008 1.08
3.221944e-008 1.082
3.261944e-008 1.09
3.301944e-008 1.08
3.341944e-008 1.079
3.381944e-008 1.078
3.421944e-008 1.076
3.461944e-008 1.082
3.501944e-008 1.076
3.541944e-008 1.08
3.581944e-008 1.087
3.621944e-008 1.077
3.661944e-008 1.089
3.701944e-008 1.084
3.741944e-008 1.092
3.781944e-008 1.088
3.821944e-008 1.084
3.861944e-008 1.086
3.901944e-008 1.084
3.941944e-008 1.081
3.981944e-008 1.078
4.021944e-008 1.075
4.061944e-008 1.078
4.101944e-008 1.076
4.141944e-008 1.078
4.181944e-008 1.071
4.221944e-008 1.073
4.261944e-008 1.071
4.301944e-008 1.071
4.341944e-008 1.075
4.381944e-008 1.072
4.421944e-008 1.075
4.461944e-008 1.077
4.501944e-008 1.077
4.541944e-008 1.081
4.581944e-008 1.084
4.621944e-008 1.08
4.661944e-008 1.08
4.701944e-008 1.088
4.741944e-008 1.089
4.781944e-008 1.08
4.821944e-008 1.078
4.861944e-008 1.077
4.901944e-008 1.078
4.941944e-008 1.076
4.981944e-008 1.074
5.021944e-008 1.075
5.061944e-008 1.077
5.101944e-008 1.077
5.141944e-008 1.074
5.181944e-008 1.081
5.221944e-008 1.084
5.261944e-008 1.083
5.301944e-008 1.086
5.341944e-008 1.086
5.381944e-008 1.09
5.421944e-008 1.091
5.461944e-008 1.087
5.501944e-008 1.09
5.541944e-008 1.089
5.581944e-008 1.097
5.621944e-008 1.09
5.661944e-008 1.094
5.701944e-008 1.089
5.741944e-008 1.092
5.781944e-008 1.093
5.821944e-008 1.085
5.861944e-008 1.089
5.901944e-008 1.088
5.941944e-008 1.083
5.981944e-008 1.09
6.021944e-008 1.086
6.061944e-008 1.085
6.101944e-008 1.083
6.141944e-008 1.082
6.181944e-008 1.087
6.221944e-008 1.08
6.261944e-008 1.079
6.301944e-008 1.084
6.341944e-008 1.083
6.381944e-008 1.088
6.421944e-008 1.084
6.461944e-008 1.087
6.501944e-008 1.09
6.541944e-008 1.09
6.581944e-008 1.089
6.621944e-008 1.094
6.661944e-008 1.089
6.701944e-008 1.089
6.741944e-008 1.088
6.781944e-008 1.089
6.821944e-008 1.083
6.861944e-008 1.079
6.901944e-008 1.076
6.941944e-008 1.077
6.981944e-008 1.074
7.021944e-008 1.078
7.061944e-008 1.075
7.101944e-008 1.08
7.141944e-008 1.081
7.181944e-008 1.081
7.221944e-008 1.081
7.261944e-008 1.087
7.301944e-008 1.083
7.341944e-008 1.082
7.381944e-008 1.076
7.421944e-008 1.08
7.461944e-008 1.083
7.501944e-008 1.081
7.541944e-008 1.078
7.581944e-008 1.086
7.621944e-008 1.085
7.661944e-008 1.082
7.701944e-008 1.09
7.741944e-008 1.094
7.781944e-008 1.09
7.821944e-008 1.088
7.861944e-008 1.088
7.901944e-008 1.084
7.941944e-008 1.091
7.981944e-008 1.093
8.021944e-008 1.086
8.061944e-008 1.094
8.101944e-008 1.095
8.141944e-008 1.096
8.181944e-008 1.093
8.221944e-008 1.096
8.261944e-008 1.093
8.301944e-008 1.094
8.341944e-008 1.087
8.381944e-008 1.092
8.421944e-008 1.084
8.461944e-008 1.083
8.501944e-008 1.085
8.541944e-008 1.085
8.581944e-008 1.083
8.621944e-008 1.078
8.661944e-008 1.08
8.701944e-008 1.086
8.741944e-008 1.088
8.781944e-008 1.086
8.821944e-008 1.089
8.861944e-008 1.091
8.901944e-008 1.091
8.941944e-008 1.091
8.981944e-008 1.089
9.021944e-008 1.093
9.061944e-008 1.09
9.101944e-008 1.089
9.141944e-008 1.082
9.181944e-008 1.082
9.221944e-008 1.086
9.261944e-008 1.085
9.301944e-008 1.073
9.341944e-008 1.074
9.381944e-008 1.074
9.421944e-008 1.071
9.461944e-008 1.071
9.501944e-008 1.076
9.541944e-008 1.077
9.581944e-008 1.083
9.621944e-008 1.084
9.661944e-008 1.094
9.701944e-008 1.099
9.741944e-008 1.105
9.781944e-008 1.115
9.821944e-008 1.146
9.861944e-008 1.187
9.901944e-008 1.227
9.941944e-008 1.263
9.981944e-008 1.319
1.002194e-007 1.38
1.006194e-007 1.435
1.010194e-007 1.471
1.014194e-007 1.514
1.018194e-007 1.553
1.022194e-007 1.593
1.026194e-007 1.617
1.030194e-007 1.645
1.034194e-007 1.658
1.038194e-007 1.668
1.042194e-007 1.679
1.046194e-007 1.674
1.050194e-007 1.674
1.054194e-007 1.667
1.058194e-007 1.658
1.062194e-007 1.65
1.066194e-007 1.633
1.070194e-007 1.618
1.074194e-007 1.607
1.078194e-007 1.611
1.082194e-007 1.607
1.086194e-007 1.615
1.090194e-007 1.624
1.094194e-007 1.641
1.098194e-007 1.648
1.102194e-007 1.668
1.106194e-007 1.667
1.110194e-007 1.674
1.114194e-007 1.673
1.118194e-007 1.67
1.122194e-007 1.664
1.126194e-007 1.663
1.130194e-007 1.65
1.134194e-007 1.646
1.138194e-007 1.648
1.142194e-007 1.643
1.146194e-007 1.649
1.150194e-007 1.66
1.154194e-007 1.663
1.158194e-007 1.687
1.162194e-007 1.699
1.166194e-007 1.711
1.170194e-007 1.723
1.174194e-007 1.742
1.178194e-007 1.737
1.182194e-007 1.749
1.186194e-007 1.749
1.190194e-007 1.751
1.194194e-007 1.743
1.198194e-007 1.747
1.202194e-007 1.745
1.206194e-007 1.746
1.210194e-007 1.735
1.214194e-007 1.728
1.218194e-007 1.725
1.222194e-007 1.721
1.226194e-007 1.713
1.230194e-007 1.716
1.234194e-007 1.718
1.238194e-007 1.718
1.242194e-007 1.715
1.246194e-007 1.72
1.250194e-007 1.728
1.254194e-007 1.733
1.258194e-007 1.739
1.262194e-007 1.746
1.266194e-007 1.751
1.270194e-007 1.757
1.274194e-007 1.755
1.278194e-007 1.764
1.282194e-007 1.763
1.286194e-007 1.762
1.290194e-007 1.76
1.294194e-007 1.768
1.298194e-007 1.77
1.302194e-007 1.777
1.306194e-007 1.787
1.310194e-007 1.789
1.314194e-007 1.793
1.318194e-007 1.79
1.322194e-007 1.786
1.326194e-007 1.785
1.330194e-007 1.783
1.334194e-007 1.782
1.338194e-007 1.772
1.342194e-007 1.77
1.346194e-007 1.763
1.350194e-007 1.755
1.354194e-007 1.756
1.358194e-007 1.755
1.362194e-007 1.761
1.366194e-007 1.765
1.370194e-007 1.763
1.374194e-007 1.768
1.378194e-007 1.773
1.382194e-007 1.768
1.386194e-007 1.767
1.390194e-007 1.776
1.394194e-007 1.777
1.398194e-007 1.781
1.402194e-007 1.783
1.406194e-007 1.78
1.410194e-007 1.787
1.414194e-007 1.788
1.418194e-007 1.786
1.422194e-007 1.787
1.426194e-007 1.78
1.430194e-007 1.784
1.434194e-007 1.776
1.438194e-007 1.763
1.442194e-007 1.765
1.446194e-007 1.765
1.450194e-007 1.762
1.454194e-007 1.772
1.458194e-007 1.768
1.462194e-007 1.777
1.466194e-007 1.771
1.470194e-007 1.777
1.474194e-007 1.776
1.478194e-007 1.778
1.482194e-007 1.775
1.486194e-007 1.783
1.490194e-007 1.782
1.494194e-007 1.783
1.498194e-007 1.777
1.502194e-007 1.785
1.506194e-007 1.781
1.510194e-007 1.782
1.514194e-007 1.782
1.518194e-007 1.787
1.522194e-007 1.784
1.526194e-007 1.792
1.530194e-007 1.794
1.534194e-007 1.79
1.538194e-007 1.785
1.542194e-007 1.79
1.546194e-007 1.786
1.550194e-007 1.787
1.554194e-007 1.785
1.558194e-007 1.791
1.562194e-007 1.797
1.566194e-007 1.792
1.570194e-007 1.794
1.574194e-007 1.796
1.578194e-007 1.794
1.582194e-007 1.793
1.586194e-007 1.789
1.590194e-007 1.791
1.594194e-007 1.783
1.598194e-007 1.783
1.602194e-007 1.785
1.606194e-007 1.786
1.610194e-007 1.783
1.614194e-007 1.784
1.618194e-007 1.789
1.622194e-007 1.79
1.626194e-007 1.785
1.630194e-007 1.786
1.634194e-007 1.791
1.638194e-007 1.796
1.642194e-007 1.788
1.646194e-007 1.794
1.650194e-007 1.79
1.654194e-007 1.79
1.658194e-007 1.789
1.662194e-007 1.786
1.666194e-007 1.779
1.670194e-007 1.78
1.674194e-007 1.781
1.678194e-007 1.775
1.682194e-007 1.773
1.686194e-007 1.775
1.690194e-007 1.77
1.694194e-007 1.771
1.698194e-007 1.769
1.702194e-007 1.773
1.706194e-007 1.778
1.710194e-007 1.781
1.714194e-007 1.782
1.718194e-007 1.788
1.722194e-007 1.789
1.726194e-007 1.787
1.730194e-007 1.786
1.734194e-007 1.787
1.738194e-007 1.786
1.742194e-007 1.784
1.746194e-007 1.783
1.750194e-007 1.781
1.754194e-007 1.782
1.758194e-007 1.787
1.762194e-007 1.784
1.766194e-007 1.793
1.770194e-007 1.788
1.774194e-007 1.789
1.778194e-007 1.787
1.782194e-007 1.788
1.786194e-007 1.792
1.790194e-007 1.785
1.794194e-007 1.787
1.798194e-007 1.789
1.802194e-007 1.79
1.806194e-007 1.795
1.810194e-007 1.802
1.814194e-007 1.8
1.818194e-007 1.798
1.822194e-007 1.8
1.826194e-007 1.805
1.830194e-007 1.805
1.834194e-007 1.794
1.838194e-007 1.8
1.842194e-007 1.795
1.846194e-007 1.789
1.850194e-007 1.783
1.854194e-007 1.787
1.858194e-007 1.783
1.862194e-007 1.788
1.866194e-007 1.78
1.870194e-007 1.783
1.874194e-007 1.78
1.878194e-007 1.784
1.882194e-007 1.782
1.886194e-007 1.786
1.890194e-007 1.793
1.894194e-007 1.788
1.898194e-007 1.793
1.902194e-007 1.784
1.906194e-007 1.788
1.910194e-007 1.789
1.914194e-007 1.785
1.918194e-007 1.788
1.922194e-007 1.78
1.926194e-007 1.788
1.930194e-007 1.781
1.934194e-007 1.778
1.938194e-007 1.778
1.942194e-007 1.777
1.946194e-007 1.776
1.950194e-007 1.779
1.954194e-007 1.778
1.958194e-007 1.784
1.962194e-007 1.787
1.966194e-007 1.783
1.970194e-007 1.782
1.974194e-007 1.781
1.978194e-007 1.765
1.982194e-007 1.72
1.986194e-007 1.631
1.990194e-007 1.545
1.994194e-007 1.444
1.998194e-007 1.354
2.002194e-007 1.272
2.006194e-007 1.204
2.010194e-007 1.164
2.014194e-007 1.133
2.018194e-007 1.104
2.022194e-007 1.107
2.026194e-007 1.099
2.030194e-007 1.107
2.034194e-007 1.111
2.038194e-007 1.113
2.042194e-007 1.118
2.046194e-007 1.118
2.050194e-007 1.103
2.054194e-007 1.095
2.058194e-007 1.071
2.062194e-007 1.048
2.066194e-007 1.038
2.070194e-007 1.023
2.074194e-007 1.015
2.078194e-007 1.007
2.082194e-007 1.012
2.086194e-007 1.016
2.090194e-007 1.008
2.094194e-007 1.019
2.098194e-007 1.016
2.102194e-007 1.031
2.106194e-007 1.035
2.110194e-007 1.043
2.114194e-007 1.053
2.118194e-007 1.072
2.122194e-007 1.08
2.126194e-007 1.106
2.130194e-007 1.115
2.134194e-007 1.125
2.138194e-007 1.125
2.142194e-007 1.121
2.146194e-007 1.106
2.150194e-007 1.091
2.154194e-007 1.072
2.158194e-007 1.049
2.162194e-007 1.032
2.166194e-007 1.022
2.170194e-007 1.012
2.174194e-007 1.006
2.178194e-007 1.006
2.182194e-007 1.018
2.186194e-007 1.015
2.190194e-007 1.027
2.194194e-007 1.042
2.198194e-007 1.054
2.202194e-007 1.06
2.206194e-007 1.069
2.210194e-007 1.074
2.214194e-007 1.076
2.218194e-007 1.077
2.222194e-007 1.078
2.226194e-007 1.08
2.230194e-007 1.086
2.234194e-007 1.082
2.238194e-007 1.08
2.242194e-007 1.076
2.246194e-007 1.075
2.250194e-007 1.077
2.254194e-007 1.08
2.258194e-007 1.073
2.262194e-007 1.071
2.266194e-007 1.073
2.270194e-007 1.073
2.274194e-007 1.069
2.278194e-007 1.076
2.282194e-007 1.073
2.286194e-007 1.072
2.290194e-007 1.082
2.294194e-007 1.082
2.298194e-007 1.078
2.302194e-007 1.078
2.306194e-007 1.08
2.310194e-007 1.083
2.314194e-007 1.078
2.318194e-007 1.076
2.322194e-007 1.077
2.326194e-007 1.076
2.330194e-007 1.073
2.334194e-007 1.072
2.338194e-007 1.076
2.342194e-007 1.074
2.346194e-007 1.074
2.350194e-007 1.076
2.354194e-007 1.076
2.358194e-007 1.079
2.362194e-007 1.08
2.366194e-007 1.087
2.370194e-007 1.089
2.374194e-007 1.092
2.378194e-007 1.092
2.382194e-007 1.092
2.386194e-007 1.089
2.390194e-007 1.084
2.394194e-007 1.082
2.398194e-007 1.084
2.402194e-007 1.076
2.406194e-007 1.08
2.410194e-007 1.073
2.414194e-007 1.078
2.418194e-007 1.07
2.422194e-007 1.07
2.426194e-007 1.075
2.430194e-007 1.077
2.434194e-007 1.071
2.438194e-007 1.074
2.442194e-007 1.069
2.446194e-007 1.078
2.450194e-007 1.075
2.454194e-007 1.079
2.458194e-007 1.075
2.462194e-007 1.083
2.466194e-007 1.078
2.470194e-007 1.085
2.474194e-007 1.084
2.478194e-007 1.08
2.482194e-007 1.081
2.486194e-007 1.079
2.490194e-007 1.081
2.494194e-007 1.082
2.498194e-007 1.075
2.502194e-007 1.083
2.506194e-007 1.076
2.510194e-007 1.08
2.514194e-007 1.083
2.518194e-007 1.085
2.522194e-007 1.075
2.526194e-007 1.083
2.530194e-007 1.081
2.534194e-007 1.085
2.538194e-007 1.089
2.542194e-007 1.09
2.546194e-007 1.087
2.550194e-007 1.093
2.554194e-007 1.088
2.558194e-007 1.091
2.562194e-007 1.091
2.566194e-007 1.094
2.570194e-007 1.092
2.574194e-007 1.096
2.578194e-007 1.09
2.582194e-007 1.09
2.586194e-007 1.091
2.590194e-007 1.085
2.594194e-007 1.088
2.598194e-007 1.087
2.602194e-007 1.086
2.606194e-007 1.087
2.610194e-007 1.085
2.614194e-007 1.085
2.618194e-007 1.084
2.622194e-007 1.085
2.626194e-007 1.082
2.630194e-007 1.085
2.634194e-007 1.083
2.638194e-007 1.088
2.642194e-007 1.088
2.646194e-007 1.086
2.650194e-007 1.087
2.654194e-007 1.089
2.658194e-007 1.091
2.662194e-007 1.091
2.666194e-007 1.085
2.670194e-007 1.089
2.674194e-007 1.088
2.678194e-007 1.08
2.682194e-007 1.084
2.686194e-007 1.078
2.690194e-007 1.072
2.694194e-007 1.079
2.698194e-007 1.078
2.702194e-007 1.079
2.706194e-007 1.08
2.710194e-007 1.087
2.714194e-007 1.085
2.718194e-007 1.084
2.722194e-007 1.088
2.726194e-007 1.084
2.730194e-007 1.078
2.734194e-007 1.078
2.738194e-007 1.077
2.742194e-007 1.079
2.746194e-007 1.082
2.750194e-007 1.079
2.754194e-007 1.078
2.758194e-007 1.08
2.762194e-007 1.082
2.766194e-007 1.088
2.770194e-007 1.088
2.774194e-007 1.089
2.778194e-007 1.087
2.782194e-007 1.086
2.786194e-007 1.093
2.790194e-007 1.091
2.794194e-007 1.086
2.798194e-007 1.091
2.802194e-007 1.091
2.806194e-007 1.095
2.810194e-007 1.09
2.814194e-007 1.099
2.818194e-007 1.096
2.822194e-007 1.099
2.826194e-007 1.094
2.830194e-007 1.095
2.834194e-007 1.091
2.838194e-007 1.09
2.842194e-007 1.085
2.846194e-007 1.081
2.850194e-007 1.082
2.854194e-007 1.082
2.858194e-007 1.083
2.862194e-007 1.084
2.866194e-007 1.082
2.870194e-007 1.09
2.874194e-007 1.082
2.878194e-007 1.085
2.882194e-007 1.081
2.886194e-007 1.083
2.890194e-007 1.085
2.894194e-007 1.091
2.898194e-007 1.086
2.902194e-007 1.09
2.906194e-007 1.091
2.910194e-007 1.088
2.914194e-007 1.091
2.918194e-007 1.09
2.922194e-007 1.083
2.926194e-007 1.083
2.930194e-007 1.079
2.934194e-007 1.081
2.938194e-007 1.078
2.942194e-007 1.074
2.946194e-007 1.074
2.950194e-007 1.079
2.954194e-007 1.07
2.958194e-007 1.076
2.962194e-007 1.087
2.966194e-007 1.084
2.970194e-007 1.094
2.974194e-007 1.103
2.978194e-007 1.107
2.982194e-007 1.145
2.986194e-007 1.179
2.990194e-007 1.224
2.994194e-007 1.266
2.998194e-007 1.316
3.002194e-007 1.373
3.006194e-007 1.433
3.010194e-007 1.468
3.014194e-007 1.515
3.018194e-007 1.556
3.022194e-007 1.597
3.026194e-007 1.625
3.030194e-007 1.652
3.034194e-007 1.665
3.038194e-007 1.679
3.042194e-007 1.676
3.046194e-007 1.682
3.050194e-007 1.677
3.054194e-007 1.673
3.058194e-007 1.652
3.062194e-007 1.647
3.066194e-007 1.629
3.070194e-007 1.617
3.074194e-007 1.604
3.078194e-007 1.604
3.082194e-007 1.607
3.086194e-007 1.605
3.090194e-007 1.615
3.094194e-007 1.632
3.098194e-007 1.643
3.102194e-007 1.657
3.106194e-007 1.668
3.110194e-007 1.672
3.114194e-007 1.671
3.118194e-007 1.674
3.122194e-007 1.665
3.126194e-007 1.664
3.130194e-007 1.653
3.134194e-007 1.65
3.138194e-007 1.647
3.142194e-007 1.649
3.146194e-007 1.654
3.150194e-007 1.658
3.154194e-007 1.669
3.158194e-007 1.677
3.162194e-007 1.692
3.166194e-007 1.712
3.170194e-007 1.728
3.174194e-007 1.742
3.178194e-007 1.741
3.182194e-007 1.747
3.186194e-007 1.749
3.190194e-007 1.746
3.194194e-007 1.739
3.198194e-007 1.742
3.202194e-007 1.742
3.206194e-007 1.737
3.210194e-007 1.729
3.214194e-007 1.726
3.218194e-007 1.725
3.222194e-007 1.724
3.226194e-007 1.714
3.230194e-007 1.712
3.234194e-007 1.714
3.238194e-007 1.716
3.242194e-007 1.72
3.246194e-007 1.726
3.250194e-007 1.733
3.254194e-007 1.744
3.258194e-007 1.744
3.262194e-007 1.749
3.266194e-007 1.751
3.270194e-007 1.762
3.274194e-007 1.759
3.278194e-007 1.758
3.282194e-007 1.759
3.286194e-007 1.762
3.290194e-007 1.759
3.294194e-007 1.759
3.298194e-007 1.766
3.302194e-007 1.771
3.306194e-007 1.774
3.310194e-007 1.776
3.314194e-007 1.781
3.318194e-007 1.789
3.322194e-007 1.785
3.326194e-007 1.787
3.330194e-007 1.785
3.334194e-007 1.779
3.338194e-007 1.781
3.342194e-007 1.775
3.346194e-007 1.77
3.350194e-007 1.768
3.354194e-007 1.766
3.358194e-007 1.765
3.362194e-007 1.763
3.366194e-007 1.765
3.370194e-007 1.77
3.374194e-007 1.767
3.378194e-007 1.772
3.382194e-007 1.779
3.386194e-007 1.778
3.390194e-007 1.781
3.394194e-007 1.777
3.398194e-007 1.781
3.402194e-007 1.777
3.406194e-007 1.785
3.410194e-007 1.781
3.414194e-007 1.786
3.418194e-007 1.781
3.422194e-007 1.779
3.426194e-007 1.776
3.430194e-007 1.777
3.434194e-007 1.771
3.438194e-007 1.767
3.442194e-007 1.764
3.446194e-007 1.768
3.450194e-007 1.763
3.454194e-007 1.77
3.458194e-007 1.769
3.462194e-007 1.779
3.466194e-007 1.778
3.470194e-007 1.783
3.474194e-007 1.787
3.478194e-007 1.784
3.482194e-007 1.781
3.486194e-007 1.78
3.490194e-007 1.777
3.494194e-007 1.78
3.498194e-007 1.777
3.502194e-007 1.777
3.506194e-007 1.776
3.510194e-007 1.783
3.514194e-007 1.784
3.518194e-007 1.778
3.522194e-007 1.781
3.526194e-007 1.786
3.530194e-007 1.783
3.534194e-007 1.788
3.538194e-007 1.788
3.542194e-007 1.786
3.546194e-007 1.785
3.550194e-007 1.788
3.554194e-007 1.792
3.558194e-007 1.791
3.562194e-007 1.79
3.566194e-007 1.792
3.570194e-007 1.797
3.574194e-007 1.804
3.578194e-007 1.798
3.582194e-007 1.796
3.586194e-007 1.794
3.590194e-007 1.798
3.594194e-007 1.792
3.598194e-007 1.791
3.602194e-007 1.787
3.606194e-007 1.786
3.610194e-007 1.784
3.614194e-007 1.782
3.618194e-007 1.779
3.622194e-007 1.783
3.626194e-007 1.78
3.630194e-007 1.782
3.634194e-007 1.784
3.638194e-007 1.79
3.642194e-007 1.788
3.646194e-007 1.789
3.650194e-007 1.784
3.654194e-007 1.793
3.658194e-007 1.79
3.662194e-007 1.791
3.666194e-007 1.791
3.670194e-007 1.79
3.674194e-007 1.787
3.678194e-007 1.783
3.682194e-007 1.78
3.686194e-007 1.777
3.690194e-007 1.775
3.694194e-007 1.774
3.698194e-007 1.772
3.702194e-007 1.783
3.706194e-007 1.775
3.710194e-007 1.78
3.714194e-007 1.78
3.718194e-007 1.784
3.722194e-007 1.784
3.726194e-007 1.781
3.730194e-007 1.783
3.734194e-007 1.786
3.738194e-007 1.784
3.742194e-007 1.783
3.746194e-007 1.78
3.750194e-007 1.782
3.754194e-007 1.783
3.758194e-007 1.783
3.762194e-007 1.785
3.766194e-007 1.791
3.770194e-007 1.791
3.774194e-007 1.788
3.778194e-007 1.79
3.782194e-007 1.793
3.786194e-007 1.791
3.790194e-007 1.791
3.794194e-007 1.79
3.798194e-007 1.793
3.802194e-007 1.792
3.806194e-007 1.794
3.810194e-007 1.79
3.814194e-007 1.797
3.818194e-007 1.798
3.822194e-007 1.799
3.826194e-007 1.8
3.830194e-007 1.798
3.834194e-007 1.793
3.838194e-007 1.787
3.842194e-007 1.789
3.846194e-007 1.787
3.850194e-007 1.783
3.854194e-007 1.787
3.858194e-007 1.779
3.862194e-007 1.785
3.866194e-007 1.782
3.870194e-007 1.794
3.874194e-007 1.788
3.878194e-007 1.789
3.882194e-007 1.789
3.886194e-007 1.79
3.890194e-007 1.794
3.894194e-007 1.794
3.898194e-007 1.791
3.902194e-007 1.794
3.906194e-007 1.794
3.910194e-007 1.792
3.914194e-007 1.788
3.918194e-007 1.789
3.922194e-007 1.78
3.926194e-007 1.783
3.930194e-007 1.78
3.934194e-007 1.778
3.938194e-007 1.775
3.942194e-007 1.771
3.946194e-007 1.772
3.950194e-007 1.772
3.954194e-007 1.774
3.958194e-007 1.78
3.962194e-007 1.783
3.966194e-007 1.784
3.970194e-007 1.777
3.974194e-007 1.777
3.978194e-007 1.764
3.982194e-007 1.72
3.986194e-007 1.637
3.990194e-007 1.542
3.994194e-007 1.448
3.998194e-007 1.362
4.002194e-007 1.273
4.006194e-007 1.214
4.010194e-007 1.165
4.014194e-007 1.134
4.018194e-007 1.108
4.022194e-007 1.105
4.026194e-007 1.101
4.030194e-007 1.111
4.034194e-007 1.111
4.038194e-007 1.119
4.042194e-007 1.115
4.046194e-007 1.114
4.050194e-007 1.101
4.054194e-007 1.097
4.058194e-007 1.071
4.062194e-007 1.043
4.066194e-007 1.03
4.070194e-007 1.017
4.074194e-007 1.003
4.078194e-007 1.005
4.082194e-007 1.005
4.086194e-007 1.012
4.090194e-007 1.015
4.094194e-007 1.016
4.098194e-007 1.023
4.102194e-007 1.031
4.106194e-007 1.039
4.110194e-007 1.047
4.114194e-007 1.055
4.118194e-007 1.08
4.122194e-007 1.092
4.126194e-007 1.104
4.130194e-007 1.115
4.134194e-007 1.124
4.138194e-007 1.128
4.142194e-007 1.12
4.146194e-007 1.106
4.150194e-007 1.097
4.154194e-007 1.079
4.158194e-007 1.053
4.162194e-007 1.032
4.166194e-007 1.02
4.170194e-007 1.005
4.174194e-007 1.003
4.178194e-007 1.002
4.182194e-007 1.013
4.186194e-007 1.018
4.190194e-007 1.024
4.194194e-007 1.037
4.198194e-007 1.054
4.202194e-007 1.059
4.206194e-007 1.07
4.210194e-007 1.077
4.214194e-007 1.081
4.218194e-007 1.082
4.222194e-007 1.089
4.226194e-007 1.089
4.230194e-007 1.088
4.234194e-007 1.086
4.238194e-007 1.08
4.242194e-007 1.078
4.246194e-007 1.074
4.250194e-007 1.072
4.254194e-007 1.078
4.258194e-007 1.067
4.262194e-007 1.071
4.266194e-007 1.069
4.270194e-007 1.063
4.274194e-007 1.065
4.278194e-007 1.066
4.282194e-007 1.065
4.286194e-007 1.071
4.290194e-007 1.069
4.294194e-007 1.073
4.298194e-007 1.077
4.302194e-007 1.085
4.306194e-007 1.086
4.310194e-007 1.084
4.314194e-007 1.086
4.318194e-007 1.084
4.322194e-007 1.082
4.326194e-007 1.086
4.330194e-007 1.084
4.334194e-007 1.08
4.338194e-007 1.075
4.342194e-007 1.079
4.346194e-007 1.08
4.350194e-007 1.084
4.354194e-007 1.077
4.358194e-007 1.084
4.362194e-007 1.081
4.366194e-007 1.086
4.370194e-007 1.086
4.374194e-007 1.091
4.378194e-007 1.086
4.382194e-007 1.089
4.386194e-007 1.086
4.390194e-007 1.081
4.394194e-007 1.081
4.398194e-007 1.075
4.402194e-007 1.075
4.406194e-007 1.077
4.410194e-007 1.075
4.414194e-007 1.073
4.418194e-007 1.072
4.422194e-007 1.077
4.426194e-007 1.073
4.430194e-007 1.076
4.434194e-007 1.071
4.438194e-007 1.08
4.442194e-007 1.075
4.446194e-007 1.078
4.450194e-007 1.078
4.454194e-007 1.084
4.458194e-007 1.079
4.462194e-007 1.088
4.466194e-007 1.084
4.470194e-007 1.083
4.474194e-007 1.081
4.478194e-007 1.08
4.482194e-007 1.08
4.486194e-007 1.076
4.490194e-007 1.073
4.494194e-007 1.078
4.498194e-007 1.078
4.502194e-007 1.078
4.506194e-007 1.076
4.510194e-007 1.076
4.514194e-007 1.08
4.518194e-007 1.087
4.522194e-007 1.084
4.526194e-007 1.088
4.530194e-007 1.084
4.534194e-007 1.089
4.538194e-007 1.091
4.542194e-007 1.094
4.546194e-007 1.09
4.550194e-007 1.09
4.554194e-007 1.091
4.558194e-007 1.093
4.562194e-007 1.093
4.566194e-007 1.096
4.570194e-007 1.098
4.574194e-007 1.097
4.578194e-007 1.093
4.582194e-007 1.097
4.586194e-007 1.086
4.590194e-007 1.086
4.594194e-007 1.087
4.598194e-007 1.085
4.602194e-007 1.084
4.606194e-007 1.085
4.610194e-007 1.078
4.614194e-007 1.086
4.618194e-007 1.076
4.622194e-007 1.08
4.626194e-007 1.082
4.630194e-007 1.086
4.634194e-007 1.082
4.638194e-007 1.087
4.642194e-007 1.083
4.646194e-007 1.086
4.650194e-007 1.087
4.654194e-007 1.087
4.658194e-007 1.09
4.662194e-007 1.091
4.666194e-007 1.09
4.670194e-007 1.092
4.674194e-007 1.087
4.678194e-007 1.086
4.682194e-007 1.079
4.686194e-007 1.08
4.690194e-007 1.08
4.694194e-007 1.082
4.698194e-007 1.076
4.702194e-007 1.074
4.706194e-007 1.077
4.710194e-007 1.076
4.714194e-007 1.079
4.718194e-007 1.079
4.722194e-007 1.083
4.726194e-007 1.08
4.730194e-007 1.073
4.734194e-007 1.075
4.738194e-007 1.082
4.742194e-007 1.079
4.746194e-007 1.078
4.750194e-007 1.083
4.754194e-007 1.083
4.758194e-007 1.086
4.762194e-007 1.085
4.766194e-007 1.087
4.770194e-007 1.091
4.774194e-007 1.09
4.778194e-007 1.09
4.782194e-007 1.092
4.786194e-007 1.091
4.790194e-007 1.093
4.794194e-007 1.088
4.798194e-007 1.092
4.802194e-007 1.088
4.806194e-007 1.091
4.810194e-007 1.091
4.814194e-007 1.091
4.818194e-007 1.094
4.822194e-007 1.095
4.826194e-007 1.091
4.830194e-007 1.091
4.834194e-007 1.087
4.838194e-007 1.09
4.842194e-007 1.09
4.846194e-007 1.084
4.850194e-007 1.086
4.854194e-007 1.088
4.858194e-007 1.083
4.862194e-007 1.086
4.866194e-007 1.082
4.870194e-007 1.086
4.874194e-007 1.085
4.878194e-007 1.082
4.882194e-007 1.081
4.886194e-007 1.089
4.890194e-007 1.089
4.894194e-007 1.087
4.898194e-007 1.089
4.902194e-007 1.089
4.906194e-007 1.083
4.910194e-007 1.083
4.914194e-007 1.083
4.918194e-007 1.082
4.922194e-007 1.082
4.926194e-007 1.085
4.930194e-007 1.076
4.934194e-007 1.074
4.938194e-007 1.074
4.942194e-007 1.072
4.946194e-007 1.072
4.950194e-007 1.073
4.954194e-007 1.075
4.958194e-007 1.084
4.962194e-007 1.085
4.966194e-007 1.089
4.970194e-007 1.093
4.974194e-007 1.102
4.978194e-007 1.118
4.982194e-007 1.146
4.986194e-007 1.185
4.990194e-007 1.227
4.994194e-007 1.271
4.998194e-007 1.325
5.002194e-007 1.382
5.006194e-007 1.435
5.010194e-007 1.471
5.014194e-007 1.52
5.018194e-007 1.559
5.022194e-007 1.596
5.026194e-007 1.626
5.030194e-007 1.65
5.034194e-007 1.666
5.038194e-007 1.672
5.042194e-007 1.675
5.046194e-007 1.68
5.050194e-007 1.673
5.054194e-007 1.67
5.058194e-007 1.655
5.062194e-007 1.643
5.066194e-007 1.632
5.070194e-007 1.618
5.074194e-007 1.607
5.078194e-007 1.609
5.082194e-007 1.607
5.086194e-007 1.609
5.090194e-007 1.621
5.094194e-007 1.645
5.098194e-007 1.645
5.102194e-007 1.665
5.106194e-007 1.67
5.110194e-007 1.676
5.114194e-007 1.675
5.118194e-007 1.675
5.122194e-007 1.665
5.126194e-007 1.658
5.130194e-007 1.649
5.134194e-007 1.645
5.138194e-007 1.644
5.142194e-007 1.648
5.146194e-007 1.648
5.150194e-007 1.658
5.154194e-007 1.663
5.158194e-007 1.681
5.162194e-007 1.694
5.166194e-007 1.712
5.170194e-007 1.718
5.174194e-007 1.734
5.178194e-007 1.74
5.182194e-007 1.743
5.186194e-007 1.749
5.190194e-007 1.749
5.194194e-007 1.749
5.198194e-007 1.746
5.202194e-007 1.743
5.206194e-007 1.746
5.210194e-007 1.734
5.214194e-007 1.733
5.218194e-007 1.731
5.222194e-007 1.723
5.226194e-007 1.716
5.230194e-007 1.716
5.234194e-007 1.715
5.238194e-007 1.721
5.242194e-007 1.724
5.246194e-007 1.726
5.250194e-007 1.731
5.254194e-007 1.741
5.258194e-007 1.747
5.262194e-007 1.746
5.266194e-007 1.747
5.270194e-007 1.756
5.274194e-007 1.755
5.278194e-007 1.759
5.282194e-007 1.76
5.286194e-007 1.76
5.290194e-007 1.762
5.294194e-007 1.768
5.298194e-007 1.769
5.302194e-007 1.78
5.306194e-007 1.78
5.310194e-007 1.791
5.314194e-007 1.792
5.318194e-007 1.795
5.322194e-007 1.791
5.326194e-007 1.786
5.330194e-007 1.787
5.334194e-007 1.784
5.338194e-007 1.777
5.342194e-007 1.765
5.346194e-007 1.762
5.350194e-007 1.762
5.354194e-007 1.763
5.358194e-007 1.761
5.362194e-007 1.759
5.366194e-007 1.764
5.370194e-007 1.769
5.374194e-007 1.769
5.378194e-007 1.771
5.382194e-007 1.773
5.386194e-007 1.771
5.390194e-007 1.784
5.394194e-007 1.779
5.398194e-007 1.787
5.402194e-007 1.787
5.406194e-007 1.784
5.410194e-007 1.785
5.414194e-007 1.792
5.418194e-007 1.787
5.422194e-007 1.784
5.426194e-007 1.782
5.430194e-007 1.782
5.434194e-007 1.771
5.438194e-007 1.772
5.442194e-007 1.765
5.446194e-007 1.767
5.450194e-007 1.762
5.454194e-007 1.765
5.458194e-007 1.764
5.462194e-007 1.772
5.466194e-007 1.775
5.470194e-007 1.776
5.474194e-007 1.774
5.478194e-007 1.779
5.482194e-007 1.776
5.486194e-007 1.78
5.490194e-007 1.775
5.494194e-007 1.78
5.498194e-007 1.779
5.502194e-007 1.78
5.506194e-007 1.775
5.510194e-007 1.781
5.514194e-007 1.786
5.518194e-007 1.784
5.522194e-007 1.787
5.526194e-007 1.79
5.530194e-007 1.791
5.534194e-007 1.787
5.538194e-007 1.783
5.542194e-007 1.786
5.546194e-007 1.787
5.550194e-007 1.783
5.554194e-007 1.789
5.558194e-007 1.79
5.562194e-007 1.789
5.566194e-007 1.791
5.570194e-007 1.795
5.574194e-007 1.793
5.578194e-007 1.791
5.582194e-007 1.792
5.586194e-007 1.792
5.590194e-007 1.793
5.594194e-007 1.787
5.598194e-007 1.793
5.602194e-007 1.783
5.606194e-007 1.788
5.610194e-007 1.783
5.614194e-007 1.782
5.618194e-007 1.788
5.622194e-007 1.789
5.626194e-007 1.785
5.630194e-007 1.787
5.634194e-007 1.792
5.638194e-007 1.789
5.642194e-007 1.789
5.646194e-007 1.794
5.650194e-007 1.791
5.654194e-007 1.794
5.658194e-007 1.787
5.662194e-007 1.786
5.666194e-007 1.783
5.670194e-007 1.785
5.674194e-007 1.782
5.678194e-007 1.778
5.682194e-007 1.775
5.686194e-007 1.774
5.690194e-007 1.77
5.694194e-007 1.77
5.698194e-007 1.769
5.702194e-007 1.775
5.706194e-007 1.777
5.710194e-007 1.78
5.714194e-007 1.783
5.718194e-007 1.788
5.722194e-007 1.783
5.726194e-007 1.792
5.730194e-007 1.786
5.734194e-007 1.788
5.738194e-007 1.786
5.742194e-007 1.791
5.746194e-007 1.778
5.750194e-007 1.789
5.754194e-007 1.782
5.758194e-007 1.783
5.762194e-007 1.786
5.766194e-007 1.791
5.770194e-007 1.784
5.774194e-007 1.785
5.778194e-007 1.786
5.782194e-007 1.789
5.786194e-007 1.787
5.790194e-007 1.785
5.794194e-007 1.786
5.798194e-007 1.792
5.802194e-007 1.793
5.806194e-007 1.791
5.810194e-007 1.79
5.814194e-007 1.798
5.818194e-007 1.799
5.822194e-007 1.799
5.826194e-007 1.799
5.830194e-007 1.8
5.834194e-007 1.793
5.838194e-007 1.794
5.842194e-007 1.793
5.846194e-007 1.794
5.850194e-007 1.787
5.854194e-007 1.788
5.858194e-007 1.789
5.862194e-007 1.785
5.866194e-007 1.785
5.870194e-007 1.791
5.874194e-007 1.792
5.878194e-007 1.79
5.882194e-007 1.789
5.886194e-007 1.787
5.890194e-007 1.79
5.894194e-007 1.792
5.898194e-007 1.792
5.902194e-007 1.788
5.906194e-007 1.788
5.910194e-007 1.788
5.914194e-007 1.783
5.918194e-007 1.782
5.922194e-007 1.784
5.926194e-007 1.783
5.930194e-007 1.78
5.934194e-007 1.775
5.938194e-007 1.775
5.942194e-007 1.769
5.946194e-007 1.77
5.950194e-007 1.776
5.954194e-007 1.776
5.958194e-007 1.781
5.962194e-007 1.783
5.966194e-007 1.787
5.970194e-007 1.78
5.974194e-007 1.783
5.978194e-007 1.767
5.982194e-007 1.717
5.986194e-007 1.642
5.990194e-007 1.541
5.994194e-007 1.443
5.998194e-007 1.352
6.002194e-007 1.267
6.006194e-007 1.206
6.010194e-007 1.161
6.014194e-007 1.136
6.018194e-007 1.106
6.022194e-007 1.097
6.026194e-007 1.095
6.030194e-007 1.107
6.034194e-007 1.117
6.038194e-007 1.12
6.042194e-007 1.117
6.046194e-007 1.117
6.050194e-007 1.107
6.054194e-007 1.094
6.058194e-007 1.071
6.062194e-007 1.054
6.066194e-007 1.033
6.070194e-007 1.022
6.074194e-007 1.007
6.078194e-007 1.01
6.082194e-007 1.008
6.086194e-007 1.012
6.090194e-007 1.014
6.094194e-007 1.014
6.098194e-007 1.023
6.102194e-007 1.027
6.106194e-007 1.027
6.110194e-007 1.041
6.114194e-007 1.051
6.118194e-007 1.073
6.122194e-007 1.086
6.126194e-007 1.101
6.130194e-007 1.111
6.134194e-007 1.122
6.138194e-007 1.122
6.142194e-007 1.116
6.146194e-007 1.112
6.150194e-007 1.094
6.154194e-007 1.076
6.158194e-007 1.057
6.162194e-007 1.032
6.166194e-007 1.023
6.170194e-007 1.005
6.174194e-007 1.007
6.178194e-007 1.009
6.182194e-007 1.011
6.186194e-007 1.015
6.190194e-007 1.027
6.194194e-007 1.036
6.198194e-007 1.05
6.202194e-007 1.054
6.206194e-007 1.066
6.210194e-007 1.07
6.214194e-007 1.076
6.218194e-007 1.08
6.222194e-007 1.083
6.226194e-007 1.08
6.230194e-007 1.082
6.234194e-007 1.08
6.238194e-007 1.084
6.242194e-007 1.085
6.246194e-007 1.077
6.250194e-007 1.072
6.254194e-007 1.074
6.258194e-007 1.07
6.262194e-007 1.068
6.266194e-007 1.07
6.270194e-007 1.062
6.274194e-007 1.061
6.278194e-007 1.075
6.282194e-007 1.066
6.286194e-007 1.071
6.290194e-007 1.074
6.294194e-007 1.078
6.298194e-007 1.076
6.302194e-007 1.078
6.306194e-007 1.081
6.310194e-007 1.081
6.314194e-007 1.081
6.318194e-007 1.084
6.322194e-007 1.078
6.326194e-007 1.086
6.330194e-007 1.081
6.334194e-007 1.078
6.338194e-007 1.077
6.342194e-007 1.077
6.346194e-007 1.074
6.350194e-007 1.078
6.354194e-007 1.082
6.358194e-007 1.084
6.362194e-007 1.082
6.366194e-007 1.09
6.370194e-007 1.089
6.374194e-007 1.093
6.378194e-007 1.087
6.382194e-007 1.09
6.386194e-007 1.089
6.390194e-007 1.087
6.394194e-007 1.082
6.398194e-007 1.079
6.402194e-007 1.072
6.406194e-007 1.07
6.410194e-007 1.068
6.414194e-007 1.073
6.418194e-007 1.072
6.422194e-007 1.072
6.426194e-007 1.071
6.430194e-007 1.072
6.434194e-007 1.074
6.438194e-007 1.075
6.442194e-007 1.075
6.446194e-007 1.078
6.450194e-007 1.084
6.454194e-007 1.083
6.458194e-007 1.088
6.462194e-007 1.087
6.466194e-007 1.083
6.470194e-007 1.092
6.474194e-007 1.085
6.478194e-007 1.085
6.482194e-007 1.079
6.486194e-007 1.08
6.490194e-007 1.074
6.494194e-007 1.068
6.498194e-007 1.074
6.502194e-007 1.076
6.506194e-007 1.077
6.510194e-007 1.077
6.514194e-007 1.077
6.518194e-007 1.089
6.522194e-007 1.08
6.526194e-007 1.084
6.530194e-007 1.08
6.534194e-007 1.087
6.538194e-007 1.086
6.542194e-007 1.088
6.546194e-007 1.089
6.550194e-007 1.096
6.554194e-007 1.09
6.558194e-007 1.095
6.562194e-007 1.096
6.566194e-007 1.096
6.570194e-007 1.092
6.574194e-007 1.093
6.578194e-007 1.09
6.582194e-007 1.098
6.586194e-007 1.088
6.590194e-007 1.088
6.594194e-007 1.09
6.598194e-007 1.083
6.602194e-007 1.082
6.606194e-007 1.083
6.610194e-007 1.084
6.614194e-007 1.085
6.618194e-007 1.081
6.622194e-007 1.08
6.626194e-007 1.083
6.630194e-007 1.085
6.634194e-007 1.083
6.638194e-007 1.082
6.642194e-007 1.084
6.646194e-007 1.088
6.650194e-007 1.082
6.654194e-007 1.088
6.658194e-007 1.086
6.662194e-007 1.091
6.666194e-007 1.085
6.670194e-007 1.084
6.674194e-007 1.079
6.678194e-007 1.079
6.682194e-007 1.079
6.686194e-007 1.075
6.690194e-007 1.074
6.694194e-007 1.077
6.698194e-007 1.076
6.702194e-007 1.077
6.706194e-007 1.076
6.710194e-007 1.088
6.714194e-007 1.083
6.718194e-007 1.088
6.722194e-007 1.079
6.726194e-007 1.083
6.730194e-007 1.085
6.734194e-007 1.078
6.738194e-007 1.081
6.742194e-007 1.083
6.746194e-007 1.077
6.750194e-007 1.078
6.754194e-007 1.073
6.758194e-007 1.082
6.762194e-007 1.082
6.766194e-007 1.08
6.770194e-007 1.087
6.774194e-007 1.087
6.778194e-007 1.088
6.782194e-007 1.089
6.786194e-007 1.088
6.790194e-007 1.098
6.794194e-007 1.09
6.798194e-007 1.093
6.802194e-007 1.091
6.806194e-007 1.099
6.810194e-007 1.094
6.814194e-007 1.093
6.818194e-007 1.091
6.822194e-007 1.097
6.826194e-007 1.097
6.830194e-007 1.092
6.834194e-007 1.088
6.838194e-007 1.089
6.842194e-007 1.087
6.846194e-007 1.082
6.850194e-007 1.081
6.854194e-007 1.083
6.858194e-007 1.078
6.862194e-007 1.081
6.866194e-007 1.086
6.870194e-007 1.085
6.874194e-007 1.083
6.878194e-007 1.087
6.882194e-007 1.085
6.886194e-007 1.09
6.890194e-007 1.086
6.894194e-007 1.09
6.898194e-007 1.095
6.902194e-007 1.089
6.906194e-007 1.087
6.910194e-007 1.088
6.914194e-007 1.093
6.918194e-007 1.093
6.922194e-007 1.086
6.926194e-007 1.086
6.930194e-007 1.08
6.934194e-007 1.073
6.938194e-007 1.072
6.942194e-007 1.076
6.946194e-007 1.071
6.950194e-007 1.072
6.954194e-007 1.076
6.958194e-007 1.078
6.962194e-007 1.086
6.966194e-007 1.089
6.970194e-007 1.094
6.974194e-007 1.104
6.978194e-007 1.111
6.982194e-007 1.143
6.986194e-007 1.187
6.990194e-007 1.228
6.994194e-007 1.269
6.998194e-007 1.321
7.002194e-007 1.378
7.006194e-007 1.436
7.010194e-007 1.471
7.014194e-007 1.517
7.018194e-007 1.561
7.022194e-007 1.595
7.026194e-007 1.626
7.030194e-007 1.647
7.034194e-007 1.665
7.038194e-007 1.669
7.042194e-007 1.674
7.046194e-007 1.681
7.050194e-007 1.668
7.054194e-007 1.668
7.058194e-007 1.655
7.062194e-007 1.645
7.066194e-007 1.63
7.070194e-007 1.619
7.074194e-007 1.606
7.078194e-007 1.605
7.082194e-007 1.601
7.086194e-007 1.611
7.090194e-007 1.62
7.094194e-007 1.64
7.098194e-007 1.649
7.102194e-007 1.664
7.106194e-007 1.67
7.110194e-007 1.679
7.114194e-007 1.681
7.118194e-007 1.676
7.122194e-007 1.665
7.126194e-007 1.659
7.130194e-007 1.651
7.134194e-007 1.651
7.138194e-007 1.644
7.142194e-007 1.648
7.146194e-007 1.65
7.150194e-007 1.656
7.154194e-007 1.667
7.158194e-007 1.683
7.162194e-007 1.693
7.166194e-007 1.705
7.170194e-007 1.722
7.174194e-007 1.734
7.178194e-007 1.741
7.182194e-007 1.75
7.186194e-007 1.744
7.190194e-007 1.75
7.194194e-007 1.744
7.198194e-007 1.746
7.202194e-007 1.744
7.206194e-007 1.742
7.210194e-007 1.73
7.214194e-007 1.729
7.218194e-007 1.73
7.222194e-007 1.732
7.226194e-007 1.721
7.230194e-007 1.715
7.234194e-007 1.713
7.238194e-007 1.718
7.242194e-007 1.714
7.246194e-007 1.722
7.250194e-007 1.726
7.254194e-007 1.734
7.258194e-007 1.741
7.262194e-007 1.745
7.266194e-007 1.754
7.270194e-007 1.758
7.274194e-007 1.761
7.278194e-007 1.759
7.282194e-007 1.761
7.286194e-007 1.763
7.290194e-007 1.763
7.294194e-007 1.767
7.298194e-007 1.766
7.302194e-007 1.774
7.306194e-007 1.777
7.310194e-007 1.785
7.314194e-007 1.786
7.318194e-007 1.789
7.322194e-007 1.786
7.326194e-007 1.787
7.330194e-007 1.78
7.334194e-007 1.777
7.338194e-007 1.772
7.342194e-007 1.772
7.346194e-007 1.769
7.350194e-007 1.764
7.354194e-007 1.758
7.358194e-007 1.762
7.362194e-007 1.761
7.366194e-007 1.764
7.370194e-007 1.761
7.374194e-007 1.765
7.378194e-007 1.76
7.382194e-007 1.772
7.386194e-007 1.768
7.390194e-007 1.775
7.394194e-007 1.779
7.398194e-007 1.782
7.402194e-007 1.781
7.406194e-007 1.787
7.410194e-007 1.782
7.414194e-007 1.789
7.418194e-007 1.782
7.422194e-007 1.783
7.426194e-007 1.782
7.430194e-007 1.781
7.434194e-007 1.776
7.438194e-007 1.772
7.442194e-007 1.761
7.446194e-007 1.77
7.450194e-007 1.765
7.454194e-007 1.763
7.458194e-007 1.767
7.462194e-007 1.766
7.466194e-007 1.77
7.470194e-007 1.781
7.474194e-007 1.775
7.478194e-007 1.786
7.482194e-007 1.777
7.486194e-007 1.782
7.490194e-007 1.777
7.494194e-007 1.78
7.498194e-007 1.779
7.502194e-007 1.777
7.506194e-007 1.78
7.510194e-007 1.786
7.514194e-007 1.787
7.518194e-007 1.792
7.522194e-007 1.79
7.526194e-007 1.79
7.530194e-007 1.782
7.534194e-007 1.781
7.538194e-007 1.785
7.542194e-007 1.79
7.546194e-007 1.787
7.550194e-007 1.79
7.554194e-007 1.789
7.558194e-007 1.797
7.562194e-007 1.793
7.566194e-007 1.798
7.570194e-007 1.793
7.574194e-007 1.801
7.578194e-007 1.796
7.582194e-007 1.795
7.586194e-007 1.791
7.590194e-007 1.792
7.594194e-007 1.786
7.598194e-007 1.791
7.602194e-007 1.781
7.606194e-007 1.782
7.610194e-007 1.777
7.614194e-007 1.782
7.618194e-007 1.78
7.622194e-007 1.788
7.626194e-007 1.783
7.630194e-007 1.783
7.634194e-007 1.788
7.638194e-007 1.796
7.642194e-007 1.796
7.646194e-007 1.787
7.650194e-007 1.79
7.654194e-007 1.795
7.658194e-007 1.789
7.662194e-007 1.79
7.666194e-007 1.787
7.670194e-007 1.788
7.674194e-007 1.783
7.678194e-007 1.78
7.682194e-007 1.776
7.686194e-007 1.78
7.690194e-007 1.774
7.694194e-007 1.775
7.698194e-007 1.775
7.702194e-007 1.777
7.706194e-007 1.778
7.710194e-007 1.783
7.714194e-007 1.785
7.718194e-007 1.79
7.722194e-007 1.788
7.726194e-007 1.786
7.730194e-007 1.787
7.734194e-007 1.788
7.738194e-007 1.786
7.742194e-007 1.78
7.746194e-007 1.784
7.750194e-007 1.787
7.754194e-007 1.782
7.758194e-007 1.788
7.762194e-007 1.786
7.766194e-007 1.79
7.770194e-007 1.789
7.774194e-007 1.786
7.778194e-007 1.789
7.782194e-007 1.791
7.786194e-007 1.789
7.790194e-007 1.788
7.794194e-007 1.79
7.798194e-007 1.792
7.802194e-007 1.787
7.806194e-007 1.789
7.810194e-007 1.794
7.814194e-007 1.798
7.818194e-007 1.796
7.822194e-007 1.793
7.826194e-007 1.801
7.830194e-007 1.799
7.834194e-007 1.799
7.838194e-007 1.799
7.842194e-007 1.792
7.846194e-007 1.794
7.850194e-007 1.787
7.854194e-007 1.788
7.858194e-007 1.78
7.862194e-007 1.787
7.866194e-007 1.781
7.870194e-007 1.783
7.874194e-007 1.784
7.878194e-007 1.788
7.882194e-007 1.79
7.886194e-007 1.791
7.890194e-007 1.789
7.894194e-007 1.793
7.898194e-007 1.79
7.902194e-007 1.793
7.906194e-007 1.791
7.910194e-007 1.796
7.914194e-007 1.792
7.918194e-007 1.791
7.922194e-007 1.786
7.926194e-007 1.785
7.930194e-007 1.779
7.934194e-007 1.776
7.938194e-007 1.774
7.942194e-007 1.77
7.946194e-007 1.772
7.950194e-007 1.774
7.954194e-007 1.773
7.958194e-007 1.775
7.962194e-007 1.782
7.966194e-007 1.779
7.970194e-007 1.773
7.974194e-007 1.777
7.978194e-007 1.764
7.982194e-007 1.716
7.986194e-007 1.633
7.990194e-007 1.548
7.994194e-007 1.446
7.998194e-007 1.359
8.002194e-007 1.268
8.006194e-007 1.212
8.010194e-007 1.168
8.014194e-007 1.135
8.018194e-007 1.106
8.022194e-007 1.098
8.026194e-007 1.1
8.030194e-007 1.105
8.034194e-007 1.113
8.038194e-007 1.114
8.042194e-007 1.119
8.046194e-007 1.115
8.050194e-007 1.101
8.054194e-007 1.093
8.058194e-007 1.071
8.062194e-007 1.045
8.066194e-007 1.036
8.070194e-007 1.02
8.074194e-007 1.004
8.078194e-007 1.006
8.082194e-007 1.006
8.086194e-007 1.017
8.090194e-007 1.011
8.094194e-007 1.018
8.098194e-007 1.019
8.102194e-007 1.024
8.106194e-007 1.036
8.110194e-007 1.048
8.114194e-007 1.06
8.118194e-007 1.074
8.122194e-007 1.089
8.126194e-007 1.105
8.130194e-007 1.118
8.134194e-007 1.127
8.138194e-007 1.124
8.142194e-007 1.122
8.146194e-007 1.114
8.150194e-007 1.095
8.154194e-007 1.07
8.158194e-007 1.058
8.162194e-007 1.038
8.166194e-007 1.021
8.170194e-007 1.006
8.174194e-007 1.007
8.178194e-007 1.01
8.182194e-007 1.012
8.186194e-007 1.016
8.190194e-007 1.028
8.194194e-007 1.036
8.198194e-007 1.048
8.202194e-007 1.056
8.206194e-007 1.072
8.210194e-007 1.071
8.214194e-007 1.083
8.218194e-007 1.081
8.222194e-007 1.085
8.226194e-007 1.082
8.230194e-007 1.085
8.234194e-007 1.077
8.238194e-007 1.083
8.242194e-007 1.075
8.246194e-007 1.072
8.250194e-007 1.076
8.254194e-007 1.076
8.258194e-007 1.069
8.262194e-007 1.072
8.266194e-007 1.067
8.270194e-007 1.063
8.274194e-007 1.065
8.278194e-007 1.07
8.282194e-007 1.067
8.286194e-007 1.078
8.290194e-007 1.075
8.294194e-007 1.076
8.298194e-007 1.075
8.302194e-007 1.084
8.306194e-007 1.081
8.310194e-007 1.085
8.314194e-007 1.086
8.318194e-007 1.084
8.322194e-007 1.082
8.326194e-007 1.083
8.330194e-007 1.079
8.334194e-007 1.079
8.338194e-007 1.073
8.342194e-007 1.074
8.346194e-007 1.075
8.350194e-007 1.07
8.354194e-007 1.075
8.358194e-007 1.079
8.362194e-007 1.079
8.366194e-007 1.086
8.370194e-007 1.085
8.374194e-007 1.089
8.378194e-007 1.086
8.382194e-007 1.088
8.386194e-007 1.082
8.390194e-007 1.081
8.394194e-007 1.083
8.398194e-007 1.075
8.402194e-007 1.075
8.406194e-007 1.076
8.410194e-007 1.073
8.414194e-007 1.077
8.418194e-007 1.077
8.422194e-007 1.071
8.426194e-007 1.077
8.430194e-007 1.079
8.434194e-007 1.071
8.438194e-007 1.076
8.442194e-007 1.075
8.446194e-007 1.074
8.450194e-007 1.079
8.454194e-007 1.082
8.458194e-007 1.081
8.462194e-007 1.082
8.466194e-007 1.082
8.470194e-007 1.086
8.474194e-007 1.083
8.478194e-007 1.082
8.482194e-007 1.077
8.486194e-007 1.082
8.490194e-007 1.077
8.494194e-007 1.08
8.498194e-007 1.078
8.502194e-007 1.074
8.506194e-007 1.078
8.510194e-007 1.074
8.514194e-007 1.08
8.518194e-007 1.086
8.522194e-007 1.086
8.526194e-007 1.09
8.530194e-007 1.084
8.534194e-007 1.09
8.538194e-007 1.086
8.542194e-007 1.085
8.546194e-007 1.087
8.550194e-007 1.089
8.554194e-007 1.091
8.558194e-007 1.091
8.562194e-007 1.095
8.566194e-007 1.091
8.570194e-007 1.09
8.574194e-007 1.09
8.578194e-007 1.091
8.582194e-007 1.091
8.586194e-007 1.091
8.590194e-007 1.09
8.594194e-007 1.086
8.598194e-007 1.088
8.602194e-007 1.08
8.606194e-007 1.083
8.610194e-007 1.085
8.614194e-007 1.084
8.618194e-007 1.082
8.622194e-007 1.087
8.626194e-007 1.081
8.630194e-007 1.089
8.634194e-007 1.084
8.638194e-007 1.083
8.642194e-007 1.084
8.646194e-007 1.086
8.650194e-007 1.086
8.654194e-007 1.09
8.658194e-007 1.086
8.662194e-007 1.093
8.666194e-007 1.088
8.670194e-007 1.09
8.674194e-007 1.082
8.678194e-007 1.084
8.682194e-007 1.079
8.686194e-007 1.078
8.690194e-007 1.079
8.694194e-007 1.073
8.698194e-007 1.074
8.702194e-007 1.076
8.706194e-007 1.078
8.710194e-007 1.081
8.714194e-007 1.079
8.718194e-007 1.087
8.722194e-007 1.084
8.726194e-007 1.083
8.730194e-007 1.079
8.734194e-007 1.079
8.738194e-007 1.08
8.742194e-007 1.08
8.746194e-007 1.083
8.750194e-007 1.077
8.754194e-007 1.078
8.758194e-007 1.086
8.762194e-007 1.082
8.766194e-007 1.084
8.770194e-007 1.084
8.774194e-007 1.09
8.778194e-007 1.087
8.782194e-007 1.09
