-1.223801e-007 1.087
-1.219801e-007 1.089
-1.215801e-007 1.091
-1.211801e-007 1.09
-1.207801e-007 1.094
-1.203801e-007 1.09
-1.199801e-007 1.096
-1.195801e-007 1.097
-1.191801e-007 1.103
-1.187801e-007 1.104
-1.183801e-007 1.11
-1.179801e-007 1.106
-1.175801e-007 1.102
-1.171801e-007 1.103
-1.167801e-007 1.104
-1.163801e-007 1.094
-1.159801e-007 1.092
-1.155801e-007 1.091
-1.151801e-007 1.091
-1.147801e-007 1.089
-1.143801e-007 1.084
-1.139801e-007 1.078
-1.135801e-007 1.089
-1.131801e-007 1.079
-1.127801e-007 1.076
-1.123801e-007 1.074
-1.119801e-007 1.084
-1.115801e-007 1.078
-1.111801e-007 1.078
-1.107801e-007 1.077
-1.103801e-007 1.08
-1.099801e-007 1.081
-1.095801e-007 1.086
-1.091801e-007 1.079
-1.087801e-007 1.083
-1.083801e-007 1.079
-1.079801e-007 1.077
-1.075801e-007 1.077
-1.071801e-007 1.082
-1.067801e-007 1.078
-1.063801e-007 1.073
-1.059801e-007 1.074
-1.055801e-007 1.076
-1.051801e-007 1.073
-1.047801e-007 1.075
-1.043801e-007 1.076
-1.039801e-007 1.083
-1.035801e-007 1.088
-1.031801e-007 1.094
-1.027801e-007 1.098
-1.023801e-007 1.111
-1.019801e-007 1.13
-1.015801e-007 1.154
-1.011801e-007 1.181
-1.007801e-007 1.234
-1.003801e-007 1.292
-9.998012e-008 1.367
-9.958012e-008 1.44
-9.918012e-008 1.512
-9.878012e-008 1.566
-9.838012e-008 1.612
-9.798012e-008 1.639
-9.758012e-008 1.672
-9.718012e-008 1.683
-9.678012e-008 1.69
-9.638012e-008 1.688
-9.598012e-008 1.684
-9.558012e-008 1.681
-9.518012e-008 1.68
-9.478012e-008 1.666
-9.438012e-008 1.658
-9.398012e-008 1.64
-9.358012e-008 1.622
-9.318012e-008 1.6
-9.278012e-008 1.584
-9.238012e-008 1.576
-9.198012e-008 1.57
-9.158012e-008 1.579
-9.118012e-008 1.591
-9.078012e-008 1.607
-9.038012e-008 1.629
-8.998012e-008 1.638
-8.958012e-008 1.657
-8.918012e-008 1.672
-8.878012e-008 1.681
-8.838012e-008 1.688
-8.798012e-008 1.681
-8.758012e-008 1.681
-8.718012e-008 1.679
-8.678012e-008 1.668
-8.638012e-008 1.677
-8.598012e-008 1.676
-8.558012e-008 1.68
-8.518012e-008 1.687
-8.478012e-008 1.688
-8.438012e-008 1.686
-8.398012e-008 1.686
-8.358012e-008 1.686
-8.318012e-008 1.685
-8.278012e-008 1.689
-8.238012e-008 1.691
-8.198012e-008 1.696
-8.158012e-008 1.701
-8.118012e-008 1.707
-8.078012e-008 1.712
-8.038012e-008 1.716
-7.998012e-008 1.726
-7.958012e-008 1.736
-7.918012e-008 1.744
-7.878012e-008 1.744
-7.838012e-008 1.743
-7.798012e-008 1.743
-7.758012e-008 1.738
-7.718012e-008 1.736
-7.678012e-008 1.732
-7.638012e-008 1.729
-7.598012e-008 1.733
-7.558012e-008 1.727
-7.518012e-008 1.729
-7.478012e-008 1.733
-7.438012e-008 1.732
-7.398012e-008 1.737
-7.358012e-008 1.741
-7.318012e-008 1.746
-7.278012e-008 1.754
-7.238012e-008 1.76
-7.198012e-008 1.766
-7.158012e-008 1.773
-7.118012e-008 1.781
-7.078012e-008 1.791
-7.038012e-008 1.8
-6.998012e-008 1.803
-6.958012e-008 1.805
-6.918012e-008 1.802
-6.878012e-008 1.807
-6.838012e-008 1.806
-6.798012e-008 1.807
-6.758012e-008 1.801
-6.718012e-008 1.8
-6.678012e-008 1.793
-6.638012e-008 1.79
-6.598012e-008 1.783
-6.558012e-008 1.779
-6.518012e-008 1.773
-6.478012e-008 1.768
-6.438012e-008 1.766
-6.398012e-008 1.766
-6.358012e-008 1.766
-6.318012e-008 1.772
-6.278012e-008 1.769
-6.238012e-008 1.777
-6.198012e-008 1.779
-6.158012e-008 1.779
-6.118012e-008 1.783
-6.078012e-008 1.79
-6.038012e-008 1.786
-5.998012e-008 1.791
-5.958012e-008 1.79
-5.918012e-008 1.797
-5.878012e-008 1.795
-5.838012e-008 1.791
-5.798012e-008 1.796
-5.758012e-008 1.797
-5.718012e-008 1.789
-5.678012e-008 1.785
-5.638012e-008 1.776
-5.598012e-008 1.778
-5.558012e-008 1.773
-5.518012e-008 1.768
-5.478012e-008 1.767
-5.438012e-008 1.771
-5.398012e-008 1.768
-5.358012e-008 1.772
-5.318012e-008 1.774
-5.278012e-008 1.779
-5.238012e-008 1.779
-5.198012e-008 1.783
-5.158012e-008 1.777
-5.118012e-008 1.782
-5.078012e-008 1.78
-5.038012e-008 1.782
-4.998012e-008 1.787
-4.958012e-008 1.792
-4.918012e-008 1.795
-4.878012e-008 1.798
-4.838012e-008 1.804
-4.798012e-008 1.812
-4.758012e-008 1.806
-4.718012e-008 1.812
-4.678012e-008 1.811
-4.638012e-008 1.813
-4.598012e-008 1.816
-4.558012e-008 1.808
-4.518012e-008 1.816
-4.478012e-008 1.812
-4.438012e-008 1.818
-4.398012e-008 1.815
-4.358012e-008 1.816
-4.318012e-008 1.819
-4.278012e-008 1.816
-4.238012e-008 1.819
-4.198012e-008 1.816
-4.158012e-008 1.813
-4.118012e-008 1.805
-4.078012e-008 1.802
-4.038012e-008 1.803
-3.998012e-008 1.804
-3.958012e-008 1.801
-3.918012e-008 1.801
-3.878012e-008 1.796
-3.838012e-008 1.806
-3.798012e-008 1.805
-3.758012e-008 1.805
-3.718012e-008 1.806
-3.678012e-008 1.804
-3.638012e-008 1.807
-3.598012e-008 1.799
-3.558012e-008 1.803
-3.518012e-008 1.803
-3.478012e-008 1.797
-3.438012e-008 1.798
-3.398012e-008 1.801
-3.358012e-008 1.807
-3.318012e-008 1.797
-3.278012e-008 1.796
-3.238012e-008 1.798
-3.198012e-008 1.792
-3.158012e-008 1.786
-3.118012e-008 1.778
-3.078012e-008 1.775
-3.038012e-008 1.775
-2.998012e-008 1.776
-2.958012e-008 1.778
-2.918012e-008 1.776
-2.878012e-008 1.782
-2.838012e-008 1.785
-2.798012e-008 1.785
-2.758012e-008 1.787
-2.718012e-008 1.791
-2.678012e-008 1.791
-2.638012e-008 1.792
-2.598012e-008 1.788
-2.558012e-008 1.793
-2.518012e-008 1.795
-2.478012e-008 1.796
-2.438012e-008 1.802
-2.398012e-008 1.808
-2.358012e-008 1.811
-2.318012e-008 1.81
-2.278012e-008 1.814
-2.238012e-008 1.816
-2.198012e-008 1.811
-2.158012e-008 1.811
-2.118012e-008 1.814
-2.078012e-008 1.815
-2.038012e-008 1.811
-1.998012e-008 1.815
-1.958012e-008 1.816
-1.918012e-008 1.824
-1.878012e-008 1.815
-1.838012e-008 1.816
-1.798012e-008 1.819
-1.758012e-008 1.817
-1.718012e-008 1.815
-1.678012e-008 1.818
-1.638012e-008 1.814
-1.598012e-008 1.811
-1.558012e-008 1.811
-1.518012e-008 1.806
-1.478012e-008 1.807
-1.438012e-008 1.811
-1.398012e-008 1.803
-1.358012e-008 1.804
-1.318012e-008 1.809
-1.278012e-008 1.807
-1.238012e-008 1.807
-1.198012e-008 1.807
-1.158012e-008 1.811
-1.118012e-008 1.809
-1.078012e-008 1.803
-1.038012e-008 1.8
-9.980123e-009 1.797
-9.580123e-009 1.798
-9.180123e-009 1.8
-8.780123e-009 1.802
-8.380123e-009 1.798
-7.980123e-009 1.803
-7.580123e-009 1.793
-7.180123e-009 1.788
-6.780123e-009 1.786
-6.380123e-009 1.786
-5.980123e-009 1.782
-5.580123e-009 1.773
-5.180123e-009 1.781
-4.780123e-009 1.778
-4.380123e-009 1.779
-3.980123e-009 1.786
-3.580123e-009 1.785
-3.180123e-009 1.792
-2.780123e-009 1.782
-2.380123e-009 1.781
-1.980123e-009 1.766
-1.580123e-009 1.703
-1.180123e-009 1.619
-7.801232e-010 1.516
-3.801232e-010 1.411
1.987679e-011 1.321
4.198768e-010 1.247
8.198768e-010 1.187
1.219877e-009 1.145
1.619877e-009 1.112
2.019877e-009 1.089
2.419877e-009 1.086
2.819877e-009 1.088
3.219877e-009 1.098
3.619877e-009 1.109
4.019877e-009 1.122
4.419877e-009 1.131
4.819877e-009 1.143
5.219877e-009 1.146
5.619877e-009 1.149
6.019877e-009 1.151
6.419877e-009 1.142
6.819877e-009 1.123
7.219877e-009 1.116
7.619877e-009 1.092
8.019877e-009 1.081
8.419877e-009 1.063
8.819877e-009 1.047
9.219877e-009 1.035
9.619877e-009 1.023
1.001988e-008 1.012
1.041988e-008 1.021
1.081988e-008 1.023
1.121988e-008 1.038
1.161988e-008 1.06
1.201988e-008 1.086
1.241988e-008 1.102
1.281988e-008 1.113
1.321988e-008 1.108
1.361988e-008 1.101
1.401988e-008 1.092
1.441988e-008 1.083
1.481988e-008 1.062
1.521988e-008 1.053
1.561988e-008 1.035
1.601988e-008 1.037
1.641988e-008 1.035
1.681988e-008 1.03
1.721988e-008 1.032
1.761988e-008 1.028
1.801988e-008 1.03
1.841988e-008 1.032
1.881988e-008 1.036
1.921988e-008 1.044
1.961988e-008 1.042
2.001988e-008 1.052
2.041988e-008 1.058
2.081988e-008 1.062
2.121988e-008 1.062
2.161988e-008 1.063
2.201988e-008 1.065
2.241988e-008 1.074
2.281988e-008 1.078
2.321988e-008 1.078
2.361988e-008 1.082
2.401988e-008 1.087
2.441988e-008 1.09
2.481988e-008 1.085
2.521988e-008 1.088
2.561988e-008 1.095
2.601988e-008 1.096
2.641988e-008 1.088
2.681988e-008 1.094
2.721988e-008 1.09
2.761988e-008 1.086
2.801988e-008 1.072
2.841988e-008 1.073
2.881988e-008 1.067
2.921988e-008 1.06
2.961988e-008 1.057
3.001988e-008 1.062
3.041988e-008 1.063
3.081988e-008 1.07
3.121988e-008 1.075
3.161988e-008 1.076
3.201988e-008 1.09
3.241988e-008 1.094
3.281988e-008 1.093
3.321988e-008 1.101
3.361988e-008 1.102
3.401988e-008 1.097
3.441988e-008 1.099
3.481988e-008 1.097
3.521988e-008 1.102
3.561988e-008 1.098
3.601988e-008 1.095
3.641988e-008 1.088
3.681988e-008 1.086
3.721988e-008 1.079
3.761988e-008 1.079
3.801988e-008 1.077
3.841988e-008 1.069
3.881988e-008 1.066
3.921988e-008 1.07
3.961988e-008 1.064
4.001988e-008 1.072
4.041988e-008 1.067
4.081988e-008 1.066
4.121988e-008 1.069
4.161988e-008 1.072
4.201988e-008 1.072
4.241988e-008 1.068
4.281988e-008 1.069
4.321988e-008 1.066
4.361988e-008 1.066
4.401988e-008 1.064
4.441988e-008 1.062
4.481988e-008 1.069
4.521988e-008 1.07
4.561988e-008 1.075
4.601988e-008 1.082
4.641988e-008 1.083
4.681988e-008 1.09
4.721988e-008 1.086
4.761988e-008 1.085
4.801988e-008 1.09
4.841988e-008 1.082
4.881988e-008 1.085
4.921988e-008 1.088
4.961988e-008 1.09
5.001988e-008 1.081
5.041988e-008 1.083
5.081988e-008 1.086
5.121988e-008 1.091
5.161988e-008 1.093
5.201988e-008 1.09
5.241988e-008 1.09
5.281988e-008 1.089
5.321988e-008 1.089
5.361988e-008 1.087
5.401988e-008 1.089
5.441988e-008 1.09
5.481988e-008 1.089
5.521988e-008 1.092
5.561988e-008 1.093
5.601988e-008 1.093
5.641988e-008 1.102
5.681988e-008 1.097
5.721988e-008 1.103
5.761988e-008 1.106
5.801988e-008 1.103
5.841988e-008 1.102
5.881988e-008 1.099
5.921988e-008 1.098
5.961988e-008 1.092
6.001988e-008 1.088
6.041988e-008 1.093
6.081988e-008 1.091
6.121988e-008 1.088
6.161988e-008 1.087
6.201988e-008 1.08
6.241988e-008 1.086
6.281988e-008 1.08
6.321988e-008 1.077
6.361988e-008 1.077
6.401988e-008 1.082
6.441988e-008 1.078
6.481988e-008 1.072
6.521988e-008 1.068
6.561988e-008 1.073
6.601988e-008 1.073
6.641988e-008 1.074
6.681988e-008 1.071
6.721988e-008 1.073
6.761988e-008 1.075
6.801988e-008 1.068
6.841988e-008 1.068
6.881988e-008 1.069
6.921988e-008 1.067
6.961988e-008 1.072
7.001988e-008 1.072
7.041988e-008 1.086
7.081988e-008 1.083
7.121988e-008 1.081
7.161988e-008 1.09
7.201988e-008 1.09
7.241988e-008 1.089
7.281988e-008 1.085
7.321988e-008 1.083
7.361988e-008 1.089
7.401988e-008 1.089
7.441988e-008 1.088
7.481988e-008 1.084
7.521988e-008 1.089
7.561988e-008 1.086
7.601988e-008 1.083
7.641988e-008 1.087
7.681988e-008 1.09
7.721988e-008 1.091
7.761988e-008 1.093
7.801988e-008 1.091
7.841988e-008 1.093
7.881988e-008 1.093
7.921988e-008 1.098
7.961988e-008 1.094
8.001988e-008 1.099
8.041988e-008 1.095
8.081988e-008 1.099
8.121988e-008 1.105
8.161988e-008 1.105
8.201988e-008 1.103
8.241988e-008 1.108
8.281988e-008 1.102
8.321988e-008 1.106
8.361988e-008 1.098
8.401988e-008 1.095
8.441988e-008 1.092
8.481988e-008 1.1
8.521988e-008 1.088
8.561988e-008 1.084
8.601988e-008 1.087
8.641988e-008 1.086
8.681988e-008 1.086
8.721988e-008 1.079
8.761988e-008 1.086
8.801988e-008 1.089
8.841988e-008 1.084
8.881988e-008 1.08
8.921988e-008 1.08
8.961988e-008 1.084
9.001988e-008 1.082
9.041988e-008 1.075
9.081988e-008 1.085
9.121988e-008 1.085
9.161988e-008 1.082
9.201988e-008 1.083
9.241988e-008 1.075
9.281988e-008 1.078
9.321988e-008 1.073
9.361988e-008 1.063
9.401988e-008 1.068
9.441988e-008 1.069
9.481988e-008 1.069
9.521988e-008 1.071
9.561988e-008 1.077
9.601988e-008 1.092
9.641988e-008 1.086
9.681988e-008 1.095
9.721988e-008 1.105
9.761988e-008 1.116
9.801988e-008 1.13
9.841988e-008 1.161
9.881988e-008 1.187
9.921988e-008 1.233
9.961988e-008 1.292
1.000199e-007 1.366
1.004199e-007 1.443
1.008199e-007 1.516
1.012199e-007 1.562
1.016199e-007 1.604
1.020199e-007 1.635
1.024199e-007 1.664
1.028199e-007 1.678
1.032199e-007 1.682
1.036199e-007 1.685
1.040199e-007 1.682
1.044199e-007 1.674
1.048199e-007 1.675
1.052199e-007 1.666
1.056199e-007 1.656
1.060199e-007 1.642
1.064199e-007 1.625
1.068199e-007 1.605
1.072199e-007 1.588
1.076199e-007 1.579
1.080199e-007 1.574
1.084199e-007 1.577
1.088199e-007 1.588
1.092199e-007 1.603
1.096199e-007 1.623
1.100199e-007 1.636
1.104199e-007 1.659
1.108199e-007 1.67
1.112199e-007 1.677
1.116199e-007 1.677
1.120199e-007 1.688
1.124199e-007 1.682
1.128199e-007 1.678
1.132199e-007 1.674
1.136199e-007 1.675
1.140199e-007 1.68
1.144199e-007 1.688
1.148199e-007 1.683
1.152199e-007 1.689
1.156199e-007 1.693
1.160199e-007 1.69
1.164199e-007 1.691
1.168199e-007 1.695
1.172199e-007 1.69
1.176199e-007 1.695
1.180199e-007 1.692
1.184199e-007 1.702
1.188199e-007 1.701
1.192199e-007 1.708
1.196199e-007 1.716
1.200199e-007 1.728
1.204199e-007 1.729
1.208199e-007 1.731
1.212199e-007 1.734
1.216199e-007 1.741
1.220199e-007 1.74
1.224199e-007 1.734
1.228199e-007 1.732
1.232199e-007 1.739
1.236199e-007 1.734
1.240199e-007 1.728
1.244199e-007 1.73
1.248199e-007 1.738
1.252199e-007 1.729
1.256199e-007 1.735
1.260199e-007 1.739
1.264199e-007 1.744
1.268199e-007 1.749
1.272199e-007 1.752
1.276199e-007 1.755
1.280199e-007 1.769
1.284199e-007 1.775
1.288199e-007 1.782
1.292199e-007 1.787
1.296199e-007 1.797
1.300199e-007 1.802
1.304199e-007 1.799
1.308199e-007 1.804
1.312199e-007 1.807
1.316199e-007 1.805
1.320199e-007 1.805
1.324199e-007 1.805
1.328199e-007 1.802
1.332199e-007 1.794
1.336199e-007 1.79
1.340199e-007 1.785
1.344199e-007 1.782
1.348199e-007 1.773
1.352199e-007 1.765
1.356199e-007 1.761
1.360199e-007 1.768
1.364199e-007 1.764
1.368199e-007 1.766
1.372199e-007 1.768
1.376199e-007 1.777
1.380199e-007 1.781
1.384199e-007 1.785
1.388199e-007 1.786
1.392199e-007 1.787
1.396199e-007 1.794
1.400199e-007 1.793
1.404199e-007 1.79
1.408199e-007 1.795
1.412199e-007 1.791
1.416199e-007 1.798
1.420199e-007 1.792
1.424199e-007 1.796
1.428199e-007 1.79
1.432199e-007 1.785
1.436199e-007 1.781
1.440199e-007 1.779
1.444199e-007 1.767
1.448199e-007 1.772
1.452199e-007 1.77
1.456199e-007 1.768
1.460199e-007 1.773
1.464199e-007 1.768
1.468199e-007 1.769
1.472199e-007 1.78
1.476199e-007 1.777
1.480199e-007 1.775
1.484199e-007 1.777
1.488199e-007 1.781
1.492199e-007 1.781
1.496199e-007 1.788
1.500199e-007 1.787
1.504199e-007 1.795
1.508199e-007 1.798
1.512199e-007 1.798
1.516199e-007 1.803
1.520199e-007 1.812
1.524199e-007 1.81
1.528199e-007 1.813
1.532199e-007 1.81
1.536199e-007 1.812
1.540199e-007 1.813
1.544199e-007 1.814
1.548199e-007 1.814
1.552199e-007 1.814
1.556199e-007 1.811
1.560199e-007 1.814
1.564199e-007 1.811
1.568199e-007 1.813
1.572199e-007 1.816
1.576199e-007 1.812
1.580199e-007 1.816
1.584199e-007 1.816
1.588199e-007 1.808
1.592199e-007 1.806
1.596199e-007 1.806
1.600199e-007 1.8
1.604199e-007 1.8
1.608199e-007 1.795
1.612199e-007 1.792
1.616199e-007 1.802
1.620199e-007 1.8
1.624199e-007 1.794
1.628199e-007 1.8
1.632199e-007 1.801
1.636199e-007 1.8
1.640199e-007 1.801
1.644199e-007 1.802
1.648199e-007 1.807
1.652199e-007 1.8
1.656199e-007 1.803
1.660199e-007 1.807
1.664199e-007 1.801
1.668199e-007 1.802
1.672199e-007 1.8
1.676199e-007 1.797
1.680199e-007 1.797
1.684199e-007 1.788
1.688199e-007 1.782
1.692199e-007 1.779
1.696199e-007 1.779
1.700199e-007 1.781
1.704199e-007 1.778
1.708199e-007 1.78
1.712199e-007 1.785
1.716199e-007 1.786
1.720199e-007 1.784
1.724199e-007 1.79
1.728199e-007 1.797
1.732199e-007 1.791
1.736199e-007 1.791
1.740199e-007 1.793
1.744199e-007 1.796
1.748199e-007 1.794
1.752199e-007 1.799
1.756199e-007 1.805
1.760199e-007 1.81
1.764199e-007 1.805
1.768199e-007 1.812
1.772199e-007 1.811
1.776199e-007 1.811
1.780199e-007 1.814
1.784199e-007 1.815
1.788199e-007 1.815
1.792199e-007 1.82
1.796199e-007 1.816
1.800199e-007 1.814
1.804199e-007 1.818
1.808199e-007 1.819
1.812199e-007 1.822
1.816199e-007 1.819
1.820199e-007 1.822
1.824199e-007 1.821
1.828199e-007 1.813
1.832199e-007 1.812
1.836199e-007 1.81
1.840199e-007 1.813
1.844199e-007 1.806
1.848199e-007 1.808
1.852199e-007 1.808
1.856199e-007 1.804
1.860199e-007 1.803
1.864199e-007 1.805
1.868199e-007 1.81
1.872199e-007 1.806
1.876199e-007 1.809
1.880199e-007 1.806
1.884199e-007 1.811
1.888199e-007 1.808
1.892199e-007 1.805
1.896199e-007 1.804
1.900199e-007 1.801
1.904199e-007 1.798
1.908199e-007 1.8
1.912199e-007 1.802
1.916199e-007 1.801
1.920199e-007 1.799
1.924199e-007 1.798
1.928199e-007 1.795
1.932199e-007 1.789
1.936199e-007 1.787
1.940199e-007 1.781
1.944199e-007 1.775
1.948199e-007 1.778
1.952199e-007 1.78
1.956199e-007 1.779
1.960199e-007 1.783
1.964199e-007 1.785
1.968199e-007 1.788
1.972199e-007 1.785
1.976199e-007 1.78
1.980199e-007 1.762
1.984199e-007 1.703
1.988199e-007 1.618
1.992199e-007 1.51
1.996199e-007 1.408
2.000199e-007 1.321
2.004199e-007 1.246
2.008199e-007 1.193
2.012199e-007 1.146
2.016199e-007 1.111
2.020199e-007 1.094
2.024199e-007 1.084
2.028199e-007 1.094
2.032199e-007 1.101
2.036199e-007 1.116
2.040199e-007 1.127
2.044199e-007 1.134
2.048199e-007 1.142
2.052199e-007 1.145
2.056199e-007 1.147
2.060199e-007 1.143
2.064199e-007 1.141
2.068199e-007 1.124
2.072199e-007 1.099
2.076199e-007 1.09
2.080199e-007 1.075
2.084199e-007 1.057
2.088199e-007 1.043
2.092199e-007 1.032
2.096199e-007 1.021
2.100199e-007 1.019
2.104199e-007 1.022
2.108199e-007 1.03
2.112199e-007 1.05
2.116199e-007 1.067
2.120199e-007 1.091
2.124199e-007 1.102
2.128199e-007 1.115
2.132199e-007 1.107
2.136199e-007 1.106
2.140199e-007 1.092
2.144199e-007 1.078
2.148199e-007 1.063
2.152199e-007 1.044
2.156199e-007 1.041
2.160199e-007 1.037
2.164199e-007 1.027
2.168199e-007 1.032
2.172199e-007 1.029
2.176199e-007 1.039
2.180199e-007 1.031
2.184199e-007 1.037
2.188199e-007 1.043
2.192199e-007 1.051
2.196199e-007 1.055
2.200199e-007 1.057
2.204199e-007 1.059
2.208199e-007 1.067
2.212199e-007 1.07
2.216199e-007 1.065
2.220199e-007 1.074
2.224199e-007 1.074
2.228199e-007 1.076
2.232199e-007 1.076
2.236199e-007 1.076
2.240199e-007 1.084
2.244199e-007 1.087
2.248199e-007 1.086
2.252199e-007 1.09
2.256199e-007 1.094
2.260199e-007 1.092
2.264199e-007 1.091
2.268199e-007 1.086
2.272199e-007 1.09
2.276199e-007 1.085
2.280199e-007 1.071
2.284199e-007 1.07
2.288199e-007 1.068
2.292199e-007 1.063
2.296199e-007 1.062
2.300199e-007 1.061
2.304199e-007 1.07
2.308199e-007 1.071
2.312199e-007 1.075
2.316199e-007 1.084
2.320199e-007 1.092
2.324199e-007 1.094
2.328199e-007 1.096
2.332199e-007 1.095
2.336199e-007 1.103
2.340199e-007 1.102
2.344199e-007 1.098
2.348199e-007 1.099
2.352199e-007 1.108
2.356199e-007 1.1
2.360199e-007 1.094
2.364199e-007 1.093
2.368199e-007 1.088
2.372199e-007 1.079
2.376199e-007 1.085
2.380199e-007 1.081
2.384199e-007 1.076
2.388199e-007 1.074
2.392199e-007 1.067
2.396199e-007 1.066
2.400199e-007 1.065
2.404199e-007 1.061
2.408199e-007 1.064
2.412199e-007 1.063
2.416199e-007 1.067
2.420199e-007 1.062
2.424199e-007 1.068
2.428199e-007 1.061
2.432199e-007 1.07
2.436199e-007 1.066
2.440199e-007 1.063
2.444199e-007 1.065
2.448199e-007 1.07
2.452199e-007 1.076
2.456199e-007 1.085
2.460199e-007 1.084
2.464199e-007 1.085
2.468199e-007 1.094
2.472199e-007 1.09
2.476199e-007 1.092
2.480199e-007 1.09
2.484199e-007 1.086
2.488199e-007 1.085
2.492199e-007 1.081
2.496199e-007 1.088
2.500199e-007 1.088
2.504199e-007 1.091
2.508199e-007 1.087
2.512199e-007 1.092
2.516199e-007 1.087
2.520199e-007 1.094
2.524199e-007 1.093
2.528199e-007 1.096
2.532199e-007 1.088
2.536199e-007 1.091
2.540199e-007 1.086
2.544199e-007 1.09
2.548199e-007 1.089
2.552199e-007 1.091
2.556199e-007 1.094
2.560199e-007 1.099
2.564199e-007 1.1
2.568199e-007 1.1
2.572199e-007 1.099
2.576199e-007 1.106
2.580199e-007 1.104
2.584199e-007 1.103
2.588199e-007 1.099
2.592199e-007 1.097
2.596199e-007 1.096
2.600199e-007 1.092
2.604199e-007 1.091
2.608199e-007 1.093
2.612199e-007 1.087
2.616199e-007 1.087
2.620199e-007 1.084
2.624199e-007 1.091
2.628199e-007 1.086
2.632199e-007 1.078
2.636199e-007 1.076
2.640199e-007 1.075
2.644199e-007 1.078
2.648199e-007 1.078
2.652199e-007 1.08
2.656199e-007 1.072
2.660199e-007 1.076
2.664199e-007 1.078
2.668199e-007 1.079
2.672199e-007 1.078
2.676199e-007 1.086
2.680199e-007 1.074
2.684199e-007 1.07
2.688199e-007 1.068
2.692199e-007 1.066
2.696199e-007 1.066
2.700199e-007 1.068
2.704199e-007 1.08
2.708199e-007 1.076
2.712199e-007 1.079
2.716199e-007 1.085
2.720199e-007 1.087
2.724199e-007 1.089
2.728199e-007 1.089
2.732199e-007 1.085
2.736199e-007 1.088
2.740199e-007 1.092
2.744199e-007 1.083
2.748199e-007 1.081
2.752199e-007 1.092
2.756199e-007 1.087
2.760199e-007 1.087
2.764199e-007 1.087
2.768199e-007 1.097
2.772199e-007 1.091
2.776199e-007 1.09
2.780199e-007 1.093
2.784199e-007 1.095
2.788199e-007 1.092
2.792199e-007 1.09
2.796199e-007 1.092
2.800199e-007 1.091
2.804199e-007 1.09
2.808199e-007 1.092
2.812199e-007 1.097
2.816199e-007 1.097
2.820199e-007 1.1
2.824199e-007 1.103
2.828199e-007 1.102
2.832199e-007 1.106
2.836199e-007 1.098
2.840199e-007 1.095
2.844199e-007 1.092
2.848199e-007 1.098
2.852199e-007 1.09
2.856199e-007 1.09
2.860199e-007 1.086
2.864199e-007 1.085
2.868199e-007 1.081
2.872199e-007 1.081
2.876199e-007 1.086
2.880199e-007 1.081
2.884199e-007 1.076
2.888199e-007 1.077
2.892199e-007 1.072
2.896199e-007 1.081
2.900199e-007 1.079
2.904199e-007 1.074
2.908199e-007 1.075
2.912199e-007 1.074
2.916199e-007 1.079
2.920199e-007 1.08
2.924199e-007 1.079
2.928199e-007 1.082
2.932199e-007 1.075
2.936199e-007 1.072
2.940199e-007 1.071
2.944199e-007 1.07
2.948199e-007 1.073
2.952199e-007 1.071
2.956199e-007 1.073
2.960199e-007 1.079
2.964199e-007 1.082
2.968199e-007 1.09
2.972199e-007 1.098
2.976199e-007 1.111
2.980199e-007 1.127
2.984199e-007 1.148
2.988199e-007 1.178
2.992199e-007 1.232
2.996199e-007 1.292
3.000199e-007 1.365
3.004199e-007 1.442
3.008199e-007 1.512
3.012199e-007 1.565
3.016199e-007 1.606
3.020199e-007 1.637
3.024199e-007 1.661
3.028199e-007 1.682
3.032199e-007 1.687
3.036199e-007 1.685
3.040199e-007 1.691
3.044199e-007 1.677
3.048199e-007 1.674
3.052199e-007 1.671
3.056199e-007 1.659
3.060199e-007 1.637
3.064199e-007 1.621
3.068199e-007 1.602
3.072199e-007 1.589
3.076199e-007 1.577
3.080199e-007 1.57
3.084199e-007 1.581
3.088199e-007 1.59
3.092199e-007 1.606
3.096199e-007 1.618
3.100199e-007 1.64
3.104199e-007 1.655
3.108199e-007 1.672
3.112199e-007 1.681
3.116199e-007 1.684
3.120199e-007 1.684
3.124199e-007 1.678
3.128199e-007 1.678
3.132199e-007 1.67
3.136199e-007 1.682
3.140199e-007 1.676
3.144199e-007 1.682
3.148199e-007 1.686
3.152199e-007 1.687
3.156199e-007 1.687
3.160199e-007 1.686
3.164199e-007 1.689
3.168199e-007 1.689
3.172199e-007 1.693
3.176199e-007 1.69
3.180199e-007 1.693
3.184199e-007 1.7
3.188199e-007 1.702
3.192199e-007 1.711
3.196199e-007 1.719
3.200199e-007 1.726
3.204199e-007 1.73
3.208199e-007 1.737
3.212199e-007 1.739
3.216199e-007 1.74
3.220199e-007 1.737
3.224199e-007 1.735
3.228199e-007 1.734
3.232199e-007 1.733
3.236199e-007 1.734
3.240199e-007 1.729
3.244199e-007 1.729
3.248199e-007 1.73
3.252199e-007 1.73
3.256199e-007 1.738
3.260199e-007 1.74
3.264199e-007 1.739
3.268199e-007 1.749
3.272199e-007 1.759
3.276199e-007 1.761
3.280199e-007 1.768
3.284199e-007 1.772
3.288199e-007 1.778
3.292199e-007 1.788
3.296199e-007 1.797
3.300199e-007 1.793
3.304199e-007 1.797
3.308199e-007 1.803
3.312199e-007 1.804
3.316199e-007 1.802
3.320199e-007 1.804
3.324199e-007 1.801
3.328199e-007 1.804
3.332199e-007 1.804
3.336199e-007 1.792
3.340199e-007 1.789
3.344199e-007 1.781
3.348199e-007 1.775
3.352199e-007 1.767
3.356199e-007 1.768
3.360199e-007 1.772
3.364199e-007 1.763
3.368199e-007 1.767
3.372199e-007 1.766
3.376199e-007 1.776
3.380199e-007 1.774
3.384199e-007 1.779
3.388199e-007 1.784
3.392199e-007 1.788
3.396199e-007 1.794
3.400199e-007 1.788
3.404199e-007 1.793
3.408199e-007 1.798
3.412199e-007 1.792
3.416199e-007 1.799
3.420199e-007 1.791
3.424199e-007 1.797
3.428199e-007 1.791
3.432199e-007 1.784
3.436199e-007 1.775
3.440199e-007 1.774
3.444199e-007 1.777
3.448199e-007 1.77
3.452199e-007 1.768
3.456199e-007 1.779
3.460199e-007 1.775
3.464199e-007 1.774
3.468199e-007 1.782
3.472199e-007 1.78
3.476199e-007 1.779
3.480199e-007 1.778
3.484199e-007 1.777
3.488199e-007 1.782
3.492199e-007 1.783
3.496199e-007 1.775
3.500199e-007 1.785
3.504199e-007 1.792
3.508199e-007 1.796
3.512199e-007 1.795
3.516199e-007 1.803
3.520199e-007 1.808
3.524199e-007 1.809
3.528199e-007 1.811
3.532199e-007 1.816
3.536199e-007 1.816
3.540199e-007 1.814
3.544199e-007 1.819
3.548199e-007 1.821
3.552199e-007 1.818
3.556199e-007 1.819
3.560199e-007 1.82
3.564199e-007 1.823
3.568199e-007 1.82
3.572199e-007 1.818
3.576199e-007 1.822
3.580199e-007 1.819
3.584199e-007 1.815
3.588199e-007 1.808
3.592199e-007 1.799
3.596199e-007 1.803
3.600199e-007 1.8
3.604199e-007 1.794
3.608199e-007 1.795
3.612199e-007 1.794
3.616199e-007 1.795
3.620199e-007 1.799
3.624199e-007 1.8
3.628199e-007 1.799
3.632199e-007 1.807
3.636199e-007 1.803
3.640199e-007 1.801
3.644199e-007 1.804
3.648199e-007 1.808
3.652199e-007 1.806
3.656199e-007 1.811
3.660199e-007 1.804
3.664199e-007 1.805
3.668199e-007 1.803
3.672199e-007 1.801
3.676199e-007 1.798
3.680199e-007 1.794
3.684199e-007 1.786
3.688199e-007 1.779
3.692199e-007 1.776
3.696199e-007 1.776
3.700199e-007 1.776
3.704199e-007 1.774
3.708199e-007 1.77
3.712199e-007 1.78
3.716199e-007 1.785
3.720199e-007 1.784
3.724199e-007 1.789
3.728199e-007 1.794
3.732199e-007 1.791
3.736199e-007 1.789
3.740199e-007 1.793
3.744199e-007 1.798
3.748199e-007 1.799
3.752199e-007 1.801
3.756199e-007 1.811
3.760199e-007 1.812
3.764199e-007 1.809
3.768199e-007 1.815
3.772199e-007 1.816
3.776199e-007 1.817
3.780199e-007 1.818
3.784199e-007 1.813
3.788199e-007 1.816
3.792199e-007 1.819
3.796199e-007 1.816
3.800199e-007 1.811
3.804199e-007 1.811
3.808199e-007 1.813
3.812199e-007 1.815
3.816199e-007 1.812
3.820199e-007 1.815
3.824199e-007 1.817
3.828199e-007 1.815
3.832199e-007 1.814
3.836199e-007 1.816
3.840199e-007 1.81
3.844199e-007 1.808
3.848199e-007 1.805
3.852199e-007 1.806
3.856199e-007 1.806
3.860199e-007 1.806
3.864199e-007 1.807
3.868199e-007 1.812
3.872199e-007 1.81
3.876199e-007 1.81
3.880199e-007 1.81
3.884199e-007 1.81
3.888199e-007 1.807
3.892199e-007 1.806
3.896199e-007 1.801
3.900199e-007 1.801
3.904199e-007 1.802
3.908199e-007 1.797
3.912199e-007 1.795
3.916199e-007 1.795
3.920199e-007 1.794
3.924199e-007 1.794
3.928199e-007 1.788
3.932199e-007 1.784
3.936199e-007 1.78
3.940199e-007 1.776
3.944199e-007 1.775
3.948199e-007 1.777
3.952199e-007 1.782
3.956199e-007 1.782
3.960199e-007 1.784
3.964199e-007 1.787
3.968199e-007 1.79
3.972199e-007 1.789
3.976199e-007 1.784
3.980199e-007 1.764
3.984199e-007 1.706
3.988199e-007 1.619
3.992199e-007 1.51
3.996199e-007 1.409
4.000199e-007 1.317
4.004199e-007 1.24
4.008199e-007 1.192
4.012199e-007 1.14
4.016199e-007 1.114
4.020199e-007 1.094
4.024199e-007 1.082
4.028199e-007 1.087
4.032199e-007 1.098
4.036199e-007 1.114
4.040199e-007 1.119
4.044199e-007 1.133
4.048199e-007 1.144
4.052199e-007 1.146
4.056199e-007 1.152
4.060199e-007 1.154
4.064199e-007 1.143
4.068199e-007 1.122
4.072199e-007 1.108
4.076199e-007 1.091
4.080199e-007 1.076
4.084199e-007 1.062
4.088199e-007 1.043
4.092199e-007 1.031
4.096199e-007 1.02
4.100199e-007 1.015
4.104199e-007 1.015
4.108199e-007 1.028
4.112199e-007 1.046
4.116199e-007 1.065
4.120199e-007 1.089
4.124199e-007 1.097
4.128199e-007 1.111
4.132199e-007 1.106
4.136199e-007 1.101
4.140199e-007 1.093
4.144199e-007 1.085
4.148199e-007 1.063
4.152199e-007 1.057
4.156199e-007 1.043
4.160199e-007 1.032
4.164199e-007 1.029
4.168199e-007 1.03
4.172199e-007 1.032
4.176199e-007 1.036
4.180199e-007 1.039
4.184199e-007 1.041
4.188199e-007 1.044
4.192199e-007 1.045
4.196199e-007 1.051
4.200199e-007 1.058
4.204199e-007 1.067
4.208199e-007 1.068
4.212199e-007 1.067
4.216199e-007 1.068
4.220199e-007 1.075
4.224199e-007 1.075
4.228199e-007 1.082
4.232199e-007 1.083
4.236199e-007 1.075
4.240199e-007 1.086
4.244199e-007 1.086
4.248199e-007 1.087
4.252199e-007 1.088
4.256199e-007 1.088
4.260199e-007 1.091
4.264199e-007 1.092
4.268199e-007 1.091
4.272199e-007 1.089
4.276199e-007 1.083
4.280199e-007 1.085
4.284199e-007 1.071
4.288199e-007 1.071
4.292199e-007 1.064
4.296199e-007 1.059
4.300199e-007 1.065
4.304199e-007 1.067
4.308199e-007 1.074
4.312199e-007 1.075
4.316199e-007 1.078
4.320199e-007 1.094
4.324199e-007 1.09
4.328199e-007 1.097
4.332199e-007 1.098
4.336199e-007 1.102
4.340199e-007 1.096
4.344199e-007 1.099
4.348199e-007 1.103
4.352199e-007 1.099
4.356199e-007 1.095
4.360199e-007 1.095
4.364199e-007 1.091
4.368199e-007 1.089
4.372199e-007 1.083
4.376199e-007 1.079
4.380199e-007 1.077
4.384199e-007 1.078
4.388199e-007 1.071
4.392199e-007 1.071
4.396199e-007 1.065
4.400199e-007 1.065
4.404199e-007 1.065
4.408199e-007 1.064
4.412199e-007 1.067
4.416199e-007 1.071
4.420199e-007 1.069
4.424199e-007 1.068
4.428199e-007 1.064
4.432199e-007 1.075
4.436199e-007 1.068
4.440199e-007 1.064
4.444199e-007 1.068
4.448199e-007 1.068
4.452199e-007 1.07
4.456199e-007 1.076
4.460199e-007 1.082
4.464199e-007 1.085
4.468199e-007 1.081
4.472199e-007 1.086
4.476199e-007 1.085
4.480199e-007 1.093
4.484199e-007 1.085
4.488199e-007 1.08
4.492199e-007 1.084
4.496199e-007 1.084
4.500199e-007 1.086
4.504199e-007 1.088
4.508199e-007 1.084
4.512199e-007 1.093
4.516199e-007 1.088
4.520199e-007 1.093
4.524199e-007 1.09
4.528199e-007 1.091
4.532199e-007 1.086
4.536199e-007 1.081
4.540199e-007 1.083
4.544199e-007 1.084
4.548199e-007 1.08
4.552199e-007 1.078
4.556199e-007 1.082
4.560199e-007 1.09
4.564199e-007 1.092
4.568199e-007 1.093
4.572199e-007 1.096
4.576199e-007 1.101
4.580199e-007 1.099
4.584199e-007 1.099
4.588199e-007 1.096
4.592199e-007 1.098
4.596199e-007 1.097
4.600199e-007 1.096
4.604199e-007 1.089
4.608199e-007 1.093
4.612199e-007 1.089
4.616199e-007 1.086
4.620199e-007 1.084
4.624199e-007 1.091
4.628199e-007 1.089
4.632199e-007 1.074
4.636199e-007 1.076
4.640199e-007 1.08
4.644199e-007 1.079
4.648199e-007 1.074
4.652199e-007 1.066
4.656199e-007 1.078
4.660199e-007 1.07
4.664199e-007 1.075
4.668199e-007 1.078
4.672199e-007 1.083
4.676199e-007 1.076
4.680199e-007 1.075
4.684199e-007 1.075
4.688199e-007 1.07
4.692199e-007 1.07
4.696199e-007 1.073
4.700199e-007 1.079
4.704199e-007 1.084
4.708199e-007 1.084
4.712199e-007 1.083
4.716199e-007 1.083
4.720199e-007 1.095
4.724199e-007 1.088
4.728199e-007 1.082
4.732199e-007 1.085
4.736199e-007 1.091
4.740199e-007 1.085
4.744199e-007 1.08
4.748199e-007 1.082
4.752199e-007 1.084
4.756199e-007 1.089
4.760199e-007 1.087
4.764199e-007 1.09
4.768199e-007 1.09
4.772199e-007 1.091
4.776199e-007 1.09
4.780199e-007 1.093
4.784199e-007 1.088
4.788199e-007 1.089
4.792199e-007 1.09
4.796199e-007 1.092
4.800199e-007 1.099
4.804199e-007 1.098
4.808199e-007 1.101
4.812199e-007 1.098
4.816199e-007 1.101
4.820199e-007 1.102
4.824199e-007 1.101
4.828199e-007 1.102
4.832199e-007 1.101
4.836199e-007 1.098
4.840199e-007 1.094
4.844199e-007 1.095
4.848199e-007 1.092
4.852199e-007 1.09
4.856199e-007 1.089
4.860199e-007 1.084
4.864199e-007 1.085
4.868199e-007 1.077
4.872199e-007 1.083
4.876199e-007 1.084
4.880199e-007 1.086
4.884199e-007 1.075
4.888199e-007 1.075
4.892199e-007 1.077
4.896199e-007 1.071
4.900199e-007 1.076
4.904199e-007 1.077
4.908199e-007 1.076
4.912199e-007 1.078
4.916199e-007 1.079
4.920199e-007 1.08
4.924199e-007 1.078
4.928199e-007 1.072
4.932199e-007 1.072
4.936199e-007 1.07
4.940199e-007 1.068
4.944199e-007 1.072
4.948199e-007 1.074
4.952199e-007 1.073
4.956199e-007 1.083
4.960199e-007 1.087
4.964199e-007 1.089
4.968199e-007 1.091
4.972199e-007 1.099
4.976199e-007 1.111
4.980199e-007 1.123
4.984199e-007 1.149
4.988199e-007 1.183
4.992199e-007 1.23
4.996199e-007 1.286
5.000199e-007 1.366
5.004199e-007 1.442
5.008199e-007 1.512
5.012199e-007 1.564
5.016199e-007 1.609
5.020199e-007 1.638
5.024199e-007 1.669
5.028199e-007 1.682
5.032199e-007 1.689
5.036199e-007 1.693
5.040199e-007 1.688
5.044199e-007 1.673
5.048199e-007 1.677
5.052199e-007 1.667
5.056199e-007 1.654
5.060199e-007 1.638
5.064199e-007 1.618
5.068199e-007 1.599
5.072199e-007 1.587
5.076199e-007 1.573
5.080199e-007 1.569
5.084199e-007 1.575
5.088199e-007 1.589
5.092199e-007 1.603
5.096199e-007 1.622
5.100199e-007 1.634
5.104199e-007 1.658
5.108199e-007 1.668
5.112199e-007 1.683
5.116199e-007 1.682
5.120199e-007 1.687
5.124199e-007 1.681
5.128199e-007 1.686
5.132199e-007 1.675
5.136199e-007 1.677
5.140199e-007 1.672
5.144199e-007 1.676
5.148199e-007 1.688
5.152199e-007 1.687
5.156199e-007 1.693
5.160199e-007 1.687
5.164199e-007 1.685
5.168199e-007 1.69
5.172199e-007 1.685
5.176199e-007 1.691
5.180199e-007 1.692
5.184199e-007 1.697
5.188199e-007 1.703
5.192199e-007 1.71
5.196199e-007 1.718
5.200199e-007 1.731
5.204199e-007 1.734
5.208199e-007 1.741
5.212199e-007 1.739
5.216199e-007 1.739
5.220199e-007 1.737
5.224199e-007 1.733
5.228199e-007 1.737
5.232199e-007 1.737
5.236199e-007 1.736
5.240199e-007 1.731
5.244199e-007 1.725
5.248199e-007 1.729
5.252199e-007 1.728
5.256199e-007 1.73
5.260199e-007 1.737
5.264199e-007 1.744
5.268199e-007 1.752
5.272199e-007 1.754
5.276199e-007 1.757
5.280199e-007 1.769
5.284199e-007 1.774
5.288199e-007 1.784
5.292199e-007 1.789
5.296199e-007 1.795
5.300199e-007 1.801
5.304199e-007 1.803
5.308199e-007 1.799
5.312199e-007 1.801
5.316199e-007 1.799
5.320199e-007 1.805
5.324199e-007 1.802
5.328199e-007 1.803
5.332199e-007 1.798
5.336199e-007 1.787
5.340199e-007 1.787
5.344199e-007 1.783
5.348199e-007 1.775
5.352199e-007 1.769
5.356199e-007 1.77
5.360199e-007 1.766
5.364199e-007 1.762
5.368199e-007 1.766
5.372199e-007 1.77
5.376199e-007 1.78
5.380199e-007 1.779
5.384199e-007 1.781
5.388199e-007 1.788
5.392199e-007 1.784
5.396199e-007 1.787
5.400199e-007 1.784
5.404199e-007 1.789
5.408199e-007 1.797
5.412199e-007 1.794
5.416199e-007 1.797
5.420199e-007 1.799
5.424199e-007 1.795
5.428199e-007 1.792
5.432199e-007 1.781
5.436199e-007 1.783
5.440199e-007 1.777
5.444199e-007 1.767
5.448199e-007 1.765
5.452199e-007 1.77
5.456199e-007 1.775
5.460199e-007 1.777
5.464199e-007 1.768
5.468199e-007 1.773
5.472199e-007 1.778
5.476199e-007 1.774
5.480199e-007 1.783
5.484199e-007 1.781
5.488199e-007 1.786
5.492199e-007 1.783
5.496199e-007 1.785
5.500199e-007 1.787
5.504199e-007 1.792
5.508199e-007 1.789
5.512199e-007 1.8
5.516199e-007 1.807
5.520199e-007 1.809
5.524199e-007 1.807
5.528199e-007 1.813
5.532199e-007 1.814
5.536199e-007 1.821
5.540199e-007 1.819
5.544199e-007 1.817
5.548199e-007 1.816
5.552199e-007 1.821
5.556199e-007 1.815
5.560199e-007 1.815
5.564199e-007 1.818
5.568199e-007 1.818
5.572199e-007 1.816
5.576199e-007 1.812
5.580199e-007 1.813
5.584199e-007 1.813
5.588199e-007 1.803
5.592199e-007 1.802
5.596199e-007 1.798
5.600199e-007 1.798
5.604199e-007 1.798
5.608199e-007 1.793
5.612199e-007 1.797
5.616199e-007 1.8
5.620199e-007 1.8
5.624199e-007 1.8
5.628199e-007 1.801
5.632199e-007 1.808
5.636199e-007 1.808
5.640199e-007 1.806
5.644199e-007 1.807
5.648199e-007 1.808
5.652199e-007 1.808
5.656199e-007 1.806
5.660199e-007 1.804
5.664199e-007 1.804
5.668199e-007 1.808
5.672199e-007 1.804
5.676199e-007 1.797
5.680199e-007 1.793
5.684199e-007 1.79
5.688199e-007 1.784
5.692199e-007 1.778
5.696199e-007 1.776
5.700199e-007 1.772
5.704199e-007 1.775
5.708199e-007 1.777
5.712199e-007 1.782
5.716199e-007 1.788
5.720199e-007 1.784
5.724199e-007 1.787
5.728199e-007 1.795
5.732199e-007 1.788
5.736199e-007 1.787
5.740199e-007 1.793
5.744199e-007 1.796
5.748199e-007 1.801
5.752199e-007 1.801
5.756199e-007 1.809
5.760199e-007 1.809
5.764199e-007 1.815
5.768199e-007 1.817
5.772199e-007 1.823
5.776199e-007 1.818
5.780199e-007 1.816
5.784199e-007 1.818
5.788199e-007 1.812
5.792199e-007 1.814
5.796199e-007 1.814
5.800199e-007 1.81
5.804199e-007 1.811
5.808199e-007 1.817
5.812199e-007 1.815
5.816199e-007 1.817
5.820199e-007 1.813
5.824199e-007 1.82
5.828199e-007 1.815
5.832199e-007 1.815
5.836199e-007 1.814
5.840199e-007 1.816
5.844199e-007 1.81
5.848199e-007 1.807
5.852199e-007 1.81
5.856199e-007 1.809
5.860199e-007 1.806
5.864199e-007 1.81
5.868199e-007 1.811
5.872199e-007 1.813
5.876199e-007 1.814
5.880199e-007 1.809
5.884199e-007 1.811
5.888199e-007 1.809
5.892199e-007 1.809
5.896199e-007 1.809
5.900199e-007 1.802
5.904199e-007 1.808
5.908199e-007 1.796
5.912199e-007 1.8
5.916199e-007 1.798
5.920199e-007 1.795
5.924199e-007 1.793
5.928199e-007 1.79
5.932199e-007 1.784
5.936199e-007 1.784
5.940199e-007 1.774
5.944199e-007 1.78
5.948199e-007 1.775
5.952199e-007 1.78
5.956199e-007 1.782
5.960199e-007 1.783
5.964199e-007 1.789
5.968199e-007 1.793
5.972199e-007 1.787
5.976199e-007 1.783
5.980199e-007 1.763
5.984199e-007 1.705
5.988199e-007 1.611
5.992199e-007 1.504
5.996199e-007 1.406
6.000199e-007 1.316
6.004199e-007 1.243
6.008199e-007 1.184
6.012199e-007 1.137
6.016199e-007 1.102
6.020199e-007 1.082
6.024199e-007 1.081
6.028199e-007 1.082
6.032199e-007 1.093
6.036199e-007 1.109
6.040199e-007 1.123
6.044199e-007 1.132
6.048199e-007 1.141
6.052199e-007 1.147
6.056199e-007 1.15
6.060199e-007 1.15
6.064199e-007 1.14
6.068199e-007 1.123
6.072199e-007 1.107
6.076199e-007 1.089
6.080199e-007 1.077
6.084199e-007 1.054
6.088199e-007 1.044
6.092199e-007 1.032
6.096199e-007 1.023
6.100199e-007 1.012
6.104199e-007 1.016
6.108199e-007 1.031
6.112199e-007 1.046
6.116199e-007 1.067
6.120199e-007 1.083
6.124199e-007 1.095
6.128199e-007 1.109
6.132199e-007 1.104
6.136199e-007 1.103
6.140199e-007 1.09
6.144199e-007 1.075
6.148199e-007 1.056
6.152199e-007 1.046
6.156199e-007 1.034
6.160199e-007 1.036
6.164199e-007 1.036
6.168199e-007 1.032
6.172199e-007 1.032
6.176199e-007 1.036
6.180199e-007 1.035
6.184199e-007 1.041
6.188199e-007 1.047
6.192199e-007 1.049
6.196199e-007 1.053
6.200199e-007 1.057
6.204199e-007 1.057
6.208199e-007 1.069
6.212199e-007 1.063
6.216199e-007 1.064
6.220199e-007 1.071
6.224199e-007 1.07
6.228199e-007 1.077
6.232199e-007 1.076
6.236199e-007 1.076
6.240199e-007 1.085
6.244199e-007 1.08
6.248199e-007 1.087
6.252199e-007 1.093
6.256199e-007 1.094
6.260199e-007 1.091
6.264199e-007 1.089
6.268199e-007 1.092
6.272199e-007 1.085
6.276199e-007 1.087
6.280199e-007 1.079
6.284199e-007 1.078
6.288199e-007 1.071
6.292199e-007 1.062
6.296199e-007 1.063
6.300199e-007 1.061
6.304199e-007 1.069
6.308199e-007 1.071
6.312199e-007 1.072
6.316199e-007 1.08
6.320199e-007 1.09
6.324199e-007 1.093
6.328199e-007 1.096
6.332199e-007 1.098
6.336199e-007 1.099
6.340199e-007 1.096
6.344199e-007 1.097
6.348199e-007 1.099
6.352199e-007 1.095
6.356199e-007 1.096
6.360199e-007 1.093
6.364199e-007 1.086
6.368199e-007 1.089
6.372199e-007 1.082
6.376199e-007 1.078
6.380199e-007 1.085
6.384199e-007 1.074
6.388199e-007 1.077
6.392199e-007 1.071
6.396199e-007 1.073
6.400199e-007 1.069
6.404199e-007 1.069
6.408199e-007 1.067
6.412199e-007 1.065
6.416199e-007 1.074
6.420199e-007 1.066
6.424199e-007 1.067
6.428199e-007 1.065
6.432199e-007 1.064
6.436199e-007 1.066
6.440199e-007 1.062
6.444199e-007 1.06
6.448199e-007 1.071
6.452199e-007 1.076
6.456199e-007 1.081
6.460199e-007 1.081
6.464199e-007 1.086
6.468199e-007 1.087
6.472199e-007 1.089
6.476199e-007 1.086
6.480199e-007 1.089
6.484199e-007 1.084
6.488199e-007 1.08
6.492199e-007 1.08
6.496199e-007 1.086
6.500199e-007 1.083
6.504199e-007 1.087
6.508199e-007 1.09
6.512199e-007 1.091
6.516199e-007 1.087
6.520199e-007 1.087
6.524199e-007 1.087
6.528199e-007 1.089
6.532199e-007 1.083
6.536199e-007 1.087
6.540199e-007 1.082
6.544199e-007 1.084
6.548199e-007 1.079
6.552199e-007 1.082
6.556199e-007 1.083
6.560199e-007 1.089
6.564199e-007 1.088
6.568199e-007 1.093
6.572199e-007 1.101
6.576199e-007 1.097
6.580199e-007 1.101
6.584199e-007 1.096
6.588199e-007 1.099
6.592199e-007 1.095
6.596199e-007 1.091
6.600199e-007 1.092
6.604199e-007 1.086
6.608199e-007 1.094
6.612199e-007 1.087
6.616199e-007 1.08
6.620199e-007 1.085
6.624199e-007 1.085
6.628199e-007 1.084
6.632199e-007 1.078
6.636199e-007 1.074
6.640199e-007 1.08
6.644199e-007 1.074
6.648199e-007 1.069
6.652199e-007 1.07
6.656199e-007 1.072
6.660199e-007 1.075
6.664199e-007 1.077
6.668199e-007 1.076
6.672199e-007 1.081
6.676199e-007 1.078
6.680199e-007 1.071
6.684199e-007 1.072
6.688199e-007 1.072
6.692199e-007 1.07
6.696199e-007 1.07
6.700199e-007 1.074
6.704199e-007 1.077
6.708199e-007 1.078
6.712199e-007 1.082
6.716199e-007 1.082
6.720199e-007 1.083
6.724199e-007 1.09
6.728199e-007 1.088
6.732199e-007 1.082
6.736199e-007 1.085
6.740199e-007 1.083
6.744199e-007 1.084
6.748199e-007 1.083
6.752199e-007 1.086
6.756199e-007 1.09
6.760199e-007 1.091
6.764199e-007 1.093
6.768199e-007 1.093
6.772199e-007 1.091
6.776199e-007 1.091
6.780199e-007 1.09
6.784199e-007 1.097
6.788199e-007 1.087
6.792199e-007 1.097
6.796199e-007 1.092
6.800199e-007 1.095
6.804199e-007 1.09
6.808199e-007 1.1
6.812199e-007 1.097
6.816199e-007 1.102
6.820199e-007 1.102
6.824199e-007 1.101
6.828199e-007 1.098
6.832199e-007 1.105
6.836199e-007 1.099
6.840199e-007 1.095
6.844199e-007 1.095
6.848199e-007 1.093
6.852199e-007 1.09
6.856199e-007 1.088
6.860199e-007 1.083
6.864199e-007 1.09
6.868199e-007 1.08
6.872199e-007 1.079
6.876199e-007 1.084
6.880199e-007 1.079
6.884199e-007 1.079
6.888199e-007 1.079
6.892199e-007 1.077
6.896199e-007 1.079
6.900199e-007 1.075
6.904199e-007 1.078
6.908199e-007 1.077
6.912199e-007 1.083
6.916199e-007 1.077
6.920199e-007 1.079
6.924199e-007 1.077
6.928199e-007 1.072
6.932199e-007 1.069
6.936199e-007 1.073
6.940199e-007 1.071
6.944199e-007 1.07
6.948199e-007 1.071
6.952199e-007 1.075
6.956199e-007 1.081
6.960199e-007 1.088
6.964199e-007 1.084
6.968199e-007 1.091
6.972199e-007 1.106
6.976199e-007 1.109
6.980199e-007 1.124
6.984199e-007 1.15
6.988199e-007 1.179
6.992199e-007 1.231
6.996199e-007 1.285
7.000199e-007 1.369
7.004199e-007 1.447
7.008199e-007 1.51
7.012199e-007 1.564
7.016199e-007 1.604
7.020199e-007 1.639
7.024199e-007 1.671
7.028199e-007 1.678
7.032199e-007 1.688
7.036199e-007 1.686
7.040199e-007 1.685
7.044199e-007 1.678
7.048199e-007 1.675
7.052199e-007 1.669
7.056199e-007 1.657
7.060199e-007 1.64
7.064199e-007 1.622
7.068199e-007 1.6
7.072199e-007 1.589
7.076199e-007 1.576
7.080199e-007 1.568
7.084199e-007 1.577
7.088199e-007 1.59
7.092199e-007 1.606
7.096199e-007 1.626
7.100199e-007 1.644
7.104199e-007 1.665
7.108199e-007 1.675
7.112199e-007 1.687
7.116199e-007 1.681
7.120199e-007 1.687
7.124199e-007 1.68
7.128199e-007 1.677
7.132199e-007 1.672
7.136199e-007 1.672
7.140199e-007 1.673
7.144199e-007 1.682
7.148199e-007 1.682
7.152199e-007 1.684
7.156199e-007 1.689
7.160199e-007 1.687
7.164199e-007 1.696
7.168199e-007 1.693
7.172199e-007 1.689
7.176199e-007 1.694
7.180199e-007 1.699
7.184199e-007 1.699
7.188199e-007 1.705
7.192199e-007 1.71
7.196199e-007 1.719
7.200199e-007 1.727
7.204199e-007 1.736
7.208199e-007 1.743
7.212199e-007 1.742
7.216199e-007 1.746
7.220199e-007 1.74
7.224199e-007 1.742
7.228199e-007 1.734
7.232199e-007 1.733
7.236199e-007 1.732
7.240199e-007 1.729
7.244199e-007 1.731
7.248199e-007 1.73
7.252199e-007 1.729
7.256199e-007 1.731
7.260199e-007 1.737
7.264199e-007 1.741
7.268199e-007 1.747
7.272199e-007 1.757
7.276199e-007 1.757
7.280199e-007 1.768
7.284199e-007 1.774
7.288199e-007 1.779
7.292199e-007 1.788
7.296199e-007 1.795
7.300199e-007 1.802
7.304199e-007 1.794
7.308199e-007 1.805
7.312199e-007 1.807
7.316199e-007 1.806
7.320199e-007 1.807
7.324199e-007 1.803
7.328199e-007 1.804
7.332199e-007 1.794
7.336199e-007 1.788
7.340199e-007 1.781
7.344199e-007 1.777
7.348199e-007 1.772
7.352199e-007 1.766
7.356199e-007 1.766
7.360199e-007 1.764
7.364199e-007 1.762
7.368199e-007 1.769
7.372199e-007 1.766
7.376199e-007 1.775
7.380199e-007 1.774
7.384199e-007 1.779
7.388199e-007 1.785
7.392199e-007 1.789
7.396199e-007 1.792
7.400199e-007 1.79
7.404199e-007 1.794
7.408199e-007 1.798
7.412199e-007 1.801
7.416199e-007 1.798
7.420199e-007 1.797
7.424199e-007 1.801
7.428199e-007 1.788
7.432199e-007 1.782
7.436199e-007 1.779
7.440199e-007 1.779
7.444199e-007 1.767
7.448199e-007 1.766
7.452199e-007 1.77
7.456199e-007 1.77
7.460199e-007 1.771
7.464199e-007 1.771
7.468199e-007 1.768
7.472199e-007 1.777
7.476199e-007 1.775
7.480199e-007 1.78
7.484199e-007 1.781
7.488199e-007 1.78
7.492199e-007 1.784
7.496199e-007 1.782
7.500199e-007 1.786
7.504199e-007 1.796
7.508199e-007 1.801
7.512199e-007 1.8
7.516199e-007 1.808
7.520199e-007 1.807
7.524199e-007 1.805
7.528199e-007 1.812
7.532199e-007 1.811
7.536199e-007 1.813
7.540199e-007 1.815
7.544199e-007 1.813
7.548199e-007 1.812
7.552199e-007 1.811
7.556199e-007 1.812
7.560199e-007 1.814
7.564199e-007 1.814
7.568199e-007 1.82
7.572199e-007 1.818
7.576199e-007 1.815
7.580199e-007 1.811
7.584199e-007 1.807
7.588199e-007 1.804
7.592199e-007 1.803
7.596199e-007 1.8
7.600199e-007 1.799
7.604199e-007 1.793
7.608199e-007 1.791
7.612199e-007 1.791
7.616199e-007 1.796
7.620199e-007 1.795
7.624199e-007 1.798
7.628199e-007 1.807
7.632199e-007 1.805
7.636199e-007 1.81
7.640199e-007 1.804
7.644199e-007 1.807
7.648199e-007 1.811
7.652199e-007 1.803
7.656199e-007 1.804
7.660199e-007 1.804
7.664199e-007 1.804
7.668199e-007 1.798
7.672199e-007 1.795
7.676199e-007 1.794
7.680199e-007 1.79
7.684199e-007 1.783
7.688199e-007 1.778
7.692199e-007 1.774
7.696199e-007 1.771
7.700199e-007 1.772
7.704199e-007 1.778
7.708199e-007 1.779
7.712199e-007 1.785
7.716199e-007 1.786
7.720199e-007 1.791
7.724199e-007 1.79
7.728199e-007 1.795
7.732199e-007 1.793
7.736199e-007 1.791
7.740199e-007 1.796
7.744199e-007 1.798
7.748199e-007 1.8
7.752199e-007 1.802
7.756199e-007 1.801
7.760199e-007 1.81
7.764199e-007 1.809
7.768199e-007 1.811
7.772199e-007 1.812
7.776199e-007 1.818
7.780199e-007 1.809
7.784199e-007 1.81
7.788199e-007 1.815
7.792199e-007 1.81
7.796199e-007 1.809
7.800199e-007 1.81
7.804199e-007 1.816
7.808199e-007 1.822
7.812199e-007 1.815
7.816199e-007 1.816
7.820199e-007 1.819
7.824199e-007 1.818
7.828199e-007 1.816
7.832199e-007 1.817
7.836199e-007 1.811
7.840199e-007 1.819
7.844199e-007 1.814
7.848199e-007 1.808
7.852199e-007 1.812
7.856199e-007 1.806
7.860199e-007 1.804
7.864199e-007 1.807
7.868199e-007 1.805
7.872199e-007 1.807
7.876199e-007 1.806
7.880199e-007 1.808
7.884199e-007 1.804
7.888199e-007 1.803
7.892199e-007 1.801
7.896199e-007 1.805
7.900199e-007 1.801
7.904199e-007 1.799
7.908199e-007 1.801
7.912199e-007 1.796
7.916199e-007 1.797
7.920199e-007 1.794
7.924199e-007 1.796
7.928199e-007 1.791
7.932199e-007 1.787
7.936199e-007 1.79
7.940199e-007 1.783
7.944199e-007 1.779
7.948199e-007 1.772
7.952199e-007 1.78
7.956199e-007 1.782
7.960199e-007 1.785
7.964199e-007 1.787
7.968199e-007 1.792
7.972199e-007 1.786
7.976199e-007 1.784
7.980199e-007 1.759
7.984199e-007 1.703
7.988199e-007 1.611
7.992199e-007 1.503
7.996199e-007 1.402
8.000199e-007 1.314
8.004199e-007 1.239
8.008199e-007 1.178
8.012199e-007 1.136
8.016199e-007 1.103
8.020199e-007 1.084
8.024199e-007 1.077
8.028199e-007 1.082
8.032199e-007 1.097
8.036199e-007 1.112
8.040199e-007 1.124
8.044199e-007 1.137
8.048199e-007 1.148
8.052199e-007 1.151
8.056199e-007 1.148
8.060199e-007 1.151
8.064199e-007 1.148
8.068199e-007 1.124
8.072199e-007 1.107
8.076199e-007 1.087
8.080199e-007 1.073
8.084199e-007 1.061
8.088199e-007 1.039
8.092199e-007 1.026
8.096199e-007 1.018
8.100199e-007 1.004
8.104199e-007 1.012
8.108199e-007 1.022
8.112199e-007 1.046
8.116199e-007 1.066
8.120199e-007 1.086
8.124199e-007 1.103
8.128199e-007 1.113
8.132199e-007 1.107
8.136199e-007 1.107
8.140199e-007 1.092
8.144199e-007 1.081
8.148199e-007 1.064
8.152199e-007 1.048
8.156199e-007 1.044
8.160199e-007 1.038
8.164199e-007 1.036
8.168199e-007 1.031
8.172199e-007 1.031
8.176199e-007 1.037
8.180199e-007 1.035
8.184199e-007 1.039
8.188199e-007 1.042
8.192199e-007 1.046
8.196199e-007 1.048
8.200199e-007 1.053
8.204199e-007 1.056
8.208199e-007 1.061
8.212199e-007 1.067
8.216199e-007 1.065
8.220199e-007 1.068
8.224199e-007 1.07
8.228199e-007 1.078
8.232199e-007 1.083
8.236199e-007 1.078
8.240199e-007 1.084
8.244199e-007 1.082
8.248199e-007 1.088
8.252199e-007 1.095
8.256199e-007 1.094
8.260199e-007 1.091
8.264199e-007 1.095
8.268199e-007 1.093
8.272199e-007 1.095
8.276199e-007 1.086
8.280199e-007 1.082
8.284199e-007 1.074
8.288199e-007 1.069
8.292199e-007 1.061
8.296199e-007 1.066
8.300199e-007 1.061
8.304199e-007 1.065
8.308199e-007 1.07
8.312199e-007 1.074
8.316199e-007 1.077
8.320199e-007 1.086
8.324199e-007 1.091
8.328199e-007 1.091
8.332199e-007 1.099
8.336199e-007 1.099
8.340199e-007 1.099
8.344199e-007 1.1
8.348199e-007 1.096
8.352199e-007 1.1
8.356199e-007 1.094
8.360199e-007 1.092
8.364199e-007 1.087
8.368199e-007 1.087
8.372199e-007 1.08
8.376199e-007 1.08
8.380199e-007 1.079
8.384199e-007 1.075
8.388199e-007 1.074
8.392199e-007 1.076
8.396199e-007 1.07
8.400199e-007 1.069
8.404199e-007 1.067
8.408199e-007 1.064
8.412199e-007 1.063
8.416199e-007 1.067
8.420199e-007 1.071
8.424199e-007 1.061
8.428199e-007 1.066
8.432199e-007 1.063
8.436199e-007 1.059
8.440199e-007 1.061
8.444199e-007 1.056
8.448199e-007 1.066
8.452199e-007 1.065
8.456199e-007 1.073
8.460199e-007 1.082
8.464199e-007 1.087
8.468199e-007 1.09
8.472199e-007 1.086
8.476199e-007 1.09
8.480199e-007 1.097
8.484199e-007 1.089
8.488199e-007 1.09
8.492199e-007 1.086
8.496199e-007 1.089
8.500199e-007 1.084
8.504199e-007 1.082
8.508199e-007 1.087
8.512199e-007 1.087
8.516199e-007 1.086
8.520199e-007 1.088
8.524199e-007 1.086
8.528199e-007 1.085
8.532199e-007 1.082
8.536199e-007 1.088
8.540199e-007 1.081
8.544199e-007 1.087
8.548199e-007 1.087
8.552199e-007 1.084
8.556199e-007 1.088
8.560199e-007 1.091
8.564199e-007 1.102
8.568199e-007 1.095
8.572199e-007 1.099
8.576199e-007 1.106
8.580199e-007 1.1
8.584199e-007 1.104
8.588199e-007 1.101
8.592199e-007 1.1
8.596199e-007 1.101
8.600199e-007 1.096
8.604199e-007 1.097
8.608199e-007 1.092
8.612199e-007 1.091
8.616199e-007 1.094
8.620199e-007 1.087
8.624199e-007 1.087
8.628199e-007 1.087
8.632199e-007 1.078
8.636199e-007 1.077
8.640199e-007 1.075
8.644199e-007 1.067
8.648199e-007 1.067
8.652199e-007 1.066
8.656199e-007 1.071
8.660199e-007 1.074
8.664199e-007 1.071
8.668199e-007 1.075
8.672199e-007 1.08
8.676199e-007 1.077
8.680199e-007 1.072
8.684199e-007 1.076
8.688199e-007 1.08
8.692199e-007 1.07
8.696199e-007 1.073
8.700199e-007 1.076
8.704199e-007 1.08
8.708199e-007 1.078
8.712199e-007 1.085
8.716199e-007 1.087
8.720199e-007 1.092
8.724199e-007 1.09
8.728199e-007 1.087
8.732199e-007 1.087
8.736199e-007 1.086
8.740199e-007 1.083
8.744199e-007 1.083
8.748199e-007 1.081
8.752199e-007 1.085
8.756199e-007 1.083
8.760199e-007 1.09
8.764199e-007 1.085
8.768199e-007 1.092
8.772199e-007 1.091
8.776199e-007 1.09
8.780199e-007 1.087
