-1.220637e-007 1.081
-1.216637e-007 1.08
-1.212637e-007 1.082
-1.208637e-007 1.085
-1.204637e-007 1.08
-1.200637e-007 1.086
-1.196637e-007 1.088
-1.192637e-007 1.089
-1.188637e-007 1.084
-1.184637e-007 1.086
-1.180637e-007 1.088
-1.176637e-007 1.095
-1.172637e-007 1.09
-1.168637e-007 1.093
-1.164637e-007 1.093
-1.160637e-007 1.091
-1.156637e-007 1.086
-1.152637e-007 1.09
-1.148637e-007 1.085
-1.144637e-007 1.084
-1.140637e-007 1.079
-1.136637e-007 1.085
-1.132637e-007 1.089
-1.128637e-007 1.087
-1.124637e-007 1.087
-1.120637e-007 1.088
-1.116637e-007 1.09
-1.112637e-007 1.092
-1.108637e-007 1.089
-1.104637e-007 1.09
-1.100637e-007 1.085
-1.096637e-007 1.088
-1.092637e-007 1.081
-1.088637e-007 1.077
-1.084637e-007 1.078
-1.080637e-007 1.077
-1.076637e-007 1.076
-1.072637e-007 1.078
-1.068637e-007 1.07
-1.064637e-007 1.072
-1.060637e-007 1.069
-1.056637e-007 1.066
-1.052637e-007 1.067
-1.048637e-007 1.07
-1.044637e-007 1.075
-1.040637e-007 1.082
-1.036637e-007 1.086
-1.032637e-007 1.091
-1.028637e-007 1.098
-1.024637e-007 1.111
-1.020637e-007 1.119
-1.016637e-007 1.156
-1.012637e-007 1.185
-1.008637e-007 1.22
-1.004637e-007 1.259
-1.000637e-007 1.316
-9.966369e-008 1.374
-9.926369e-008 1.431
-9.886369e-008 1.483
-9.846369e-008 1.528
-9.806369e-008 1.575
-9.766369e-008 1.618
-9.726369e-008 1.654
-9.686369e-008 1.686
-9.646369e-008 1.701
-9.606369e-008 1.7
-9.566369e-008 1.696
-9.526369e-008 1.683
-9.486369e-008 1.651
-9.446369e-008 1.614
-9.406369e-008 1.576
-9.366369e-008 1.549
-9.326369e-008 1.523
-9.286369e-008 1.514
-9.246369e-008 1.522
-9.206369e-008 1.539
-9.166369e-008 1.564
-9.126369e-008 1.592
-9.086369e-008 1.613
-9.046369e-008 1.643
-9.006369e-008 1.662
-8.966369e-008 1.682
-8.926369e-008 1.696
-8.886369e-008 1.708
-8.846369e-008 1.706
-8.806369e-008 1.696
-8.766369e-008 1.683
-8.726369e-008 1.673
-8.686369e-008 1.658
-8.646369e-008 1.65
-8.606369e-008 1.642
-8.566369e-008 1.637
-8.526369e-008 1.635
-8.486369e-008 1.638
-8.446369e-008 1.641
-8.406369e-008 1.651
-8.366369e-008 1.661
-8.326369e-008 1.675
-8.286369e-008 1.679
-8.246369e-008 1.685
-8.206369e-008 1.699
-8.166369e-008 1.707
-8.126369e-008 1.715
-8.086369e-008 1.723
-8.046369e-008 1.726
-8.006369e-008 1.732
-7.966369e-008 1.737
-7.926369e-008 1.738
-7.886369e-008 1.738
-7.846369e-008 1.734
-7.806369e-008 1.733
-7.766369e-008 1.734
-7.726369e-008 1.731
-7.686369e-008 1.735
-7.646369e-008 1.731
-7.606369e-008 1.74
-7.566369e-008 1.737
-7.526369e-008 1.74
-7.486369e-008 1.741
-7.446369e-008 1.739
-7.406369e-008 1.739
-7.366369e-008 1.741
-7.326369e-008 1.738
-7.286369e-008 1.741
-7.246369e-008 1.737
-7.206369e-008 1.738
-7.166369e-008 1.739
-7.126369e-008 1.746
-7.086369e-008 1.75
-7.046369e-008 1.753
-7.006369e-008 1.754
-6.966369e-008 1.762
-6.926369e-008 1.758
-6.886369e-008 1.759
-6.846369e-008 1.761
-6.806369e-008 1.76
-6.766369e-008 1.763
-6.726369e-008 1.763
-6.686369e-008 1.765
-6.646369e-008 1.77
-6.606369e-008 1.769
-6.566369e-008 1.774
-6.526369e-008 1.777
-6.486369e-008 1.776
-6.446369e-008 1.775
-6.406369e-008 1.776
-6.366369e-008 1.775
-6.326369e-008 1.778
-6.286369e-008 1.775
-6.246369e-008 1.777
-6.206369e-008 1.78
-6.166369e-008 1.788
-6.126369e-008 1.779
-6.086369e-008 1.781
-6.046369e-008 1.777
-6.006369e-008 1.778
-5.966369e-008 1.771
-5.926369e-008 1.768
-5.886369e-008 1.766
-5.846369e-008 1.762
-5.806369e-008 1.758
-5.766369e-008 1.755
-5.726369e-008 1.748
-5.686369e-008 1.753
-5.646369e-008 1.748
-5.606369e-008 1.749
-5.566369e-008 1.754
-5.526369e-008 1.757
-5.486369e-008 1.759
-5.446369e-008 1.765
-5.406369e-008 1.77
-5.366369e-008 1.777
-5.326369e-008 1.774
-5.286369e-008 1.78
-5.246369e-008 1.779
-5.206369e-008 1.783
-5.166369e-008 1.784
-5.126369e-008 1.782
-5.086369e-008 1.785
-5.046369e-008 1.781
-5.006369e-008 1.784
-4.966369e-008 1.784
-4.926369e-008 1.785
-4.886369e-008 1.793
-4.846369e-008 1.787
-4.806369e-008 1.786
-4.766369e-008 1.785
-4.726369e-008 1.788
-4.686369e-008 1.784
-4.646369e-008 1.784
-4.606369e-008 1.786
-4.566369e-008 1.783
-4.526369e-008 1.778
-4.486369e-008 1.776
-4.446369e-008 1.772
-4.406369e-008 1.784
-4.366369e-008 1.78
-4.326369e-008 1.783
-4.286369e-008 1.786
-4.246369e-008 1.788
-4.206369e-008 1.788
-4.166369e-008 1.793
-4.126369e-008 1.79
-4.086369e-008 1.789
-4.046369e-008 1.777
-4.006369e-008 1.783
-3.966369e-008 1.775
-3.926369e-008 1.78
-3.886369e-008 1.779
-3.846369e-008 1.781
-3.806369e-008 1.782
-3.766369e-008 1.785
-3.726369e-008 1.789
-3.686369e-008 1.792
-3.646369e-008 1.79
-3.606369e-008 1.799
-3.566369e-008 1.793
-3.526369e-008 1.794
-3.486369e-008 1.794
-3.446369e-008 1.792
-3.406369e-008 1.788
-3.366369e-008 1.794
-3.326369e-008 1.79
-3.286369e-008 1.789
-3.246369e-008 1.785
-3.206369e-008 1.782
-3.166369e-008 1.773
-3.126369e-008 1.768
-3.086369e-008 1.768
-3.046369e-008 1.764
-3.006369e-008 1.766
-2.966369e-008 1.77
-2.926369e-008 1.77
-2.886369e-008 1.772
-2.846369e-008 1.774
-2.806369e-008 1.776
-2.766369e-008 1.775
-2.726369e-008 1.771
-2.686369e-008 1.773
-2.646369e-008 1.775
-2.606369e-008 1.769
-2.566369e-008 1.774
-2.526369e-008 1.776
-2.486369e-008 1.783
-2.446369e-008 1.784
-2.406369e-008 1.785
-2.366369e-008 1.79
-2.326369e-008 1.799
-2.286369e-008 1.796
-2.246369e-008 1.795
-2.206369e-008 1.799
-2.166369e-008 1.798
-2.126369e-008 1.791
-2.086369e-008 1.794
-2.046369e-008 1.791
-2.006369e-008 1.794
-1.966369e-008 1.792
-1.926369e-008 1.79
-1.886369e-008 1.79
-1.846369e-008 1.8
-1.806369e-008 1.797
-1.766369e-008 1.787
-1.726369e-008 1.793
-1.686369e-008 1.791
-1.646369e-008 1.795
-1.606369e-008 1.789
-1.566369e-008 1.781
-1.526369e-008 1.785
-1.486369e-008 1.781
-1.446369e-008 1.777
-1.406369e-008 1.78
-1.366369e-008 1.779
-1.326369e-008 1.778
-1.286369e-008 1.784
-1.246369e-008 1.784
-1.206369e-008 1.786
-1.166369e-008 1.781
-1.126369e-008 1.781
-1.086369e-008 1.786
-1.046369e-008 1.79
-1.006369e-008 1.788
-9.663688e-009 1.782
-9.263688e-009 1.795
-8.863688e-009 1.79
-8.463688e-009 1.792
-8.063688e-009 1.792
-7.663688e-009 1.789
-7.263688e-009 1.787
-6.863688e-009 1.78
-6.463688e-009 1.779
-6.063688e-009 1.778
-5.663688e-009 1.779
-5.263688e-009 1.781
-4.863688e-009 1.783
-4.463688e-009 1.778
-4.063688e-009 1.79
-3.663688e-009 1.784
-3.263688e-009 1.783
-2.863688e-009 1.782
-2.463688e-009 1.772
-2.063688e-009 1.758
-1.663688e-009 1.697
-1.263688e-009 1.615
-8.636879e-010 1.529
-4.636879e-010 1.429
-6.368786e-011 1.334
3.363121e-010 1.258
7.363121e-010 1.204
1.136312e-009 1.153
1.536312e-009 1.117
1.936312e-009 1.098
2.336312e-009 1.087
2.736312e-009 1.074
3.136312e-009 1.076
3.536312e-009 1.071
3.936312e-009 1.076
4.336312e-009 1.088
4.736312e-009 1.1
5.136312e-009 1.118
5.536312e-009 1.131
5.936312e-009 1.127
6.336312e-009 1.12
6.736312e-009 1.1
7.136312e-009 1.089
7.536312e-009 1.077
7.936312e-009 1.063
8.336312e-009 1.058
8.736312e-009 1.049
9.136312e-009 1.038
9.536312e-009 1.024
9.936312e-009 1.01
1.033631e-008 0.995
1.073631e-008 0.991
1.113631e-008 1.003
1.153631e-008 1.019
1.193631e-008 1.043
1.233631e-008 1.068
1.273631e-008 1.091
1.313631e-008 1.101
1.353631e-008 1.112
1.393631e-008 1.11
1.433631e-008 1.101
1.473631e-008 1.094
1.513631e-008 1.1
1.553631e-008 1.087
1.593631e-008 1.085
1.633631e-008 1.079
1.673631e-008 1.078
1.713631e-008 1.06
1.753631e-008 1.06
1.793631e-008 1.055
1.833631e-008 1.051
1.873631e-008 1.052
1.913631e-008 1.049
1.953631e-008 1.051
1.993631e-008 1.055
2.033631e-008 1.048
2.073631e-008 1.055
2.113631e-008 1.055
2.153631e-008 1.053
2.193631e-008 1.053
2.233631e-008 1.059
2.273631e-008 1.064
2.313631e-008 1.061
2.353631e-008 1.059
2.393631e-008 1.06
2.433631e-008 1.058
2.473631e-008 1.062
2.513631e-008 1.058
2.553631e-008 1.062
2.593631e-008 1.077
2.633631e-008 1.081
2.673631e-008 1.085
2.713631e-008 1.092
2.753631e-008 1.092
2.793631e-008 1.099
2.833631e-008 1.098
2.873631e-008 1.098
2.913631e-008 1.096
2.953631e-008 1.098
2.993631e-008 1.09
3.033631e-008 1.09
3.073631e-008 1.084
3.113631e-008 1.083
3.153631e-008 1.083
3.193631e-008 1.079
3.233631e-008 1.082
3.273631e-008 1.08
3.313631e-008 1.076
3.353631e-008 1.081
3.393631e-008 1.073
3.433631e-008 1.073
3.473631e-008 1.071
3.513631e-008 1.069
3.553631e-008 1.065
3.593631e-008 1.068
3.633631e-008 1.067
3.673631e-008 1.068
3.713631e-008 1.068
3.753631e-008 1.074
3.793631e-008 1.071
3.833631e-008 1.076
3.873631e-008 1.079
3.913631e-008 1.084
3.953631e-008 1.089
3.993631e-008 1.087
4.033631e-008 1.086
4.073631e-008 1.096
4.113631e-008 1.095
4.153631e-008 1.098
4.193631e-008 1.091
4.233631e-008 1.087
4.273631e-008 1.08
4.313631e-008 1.076
4.353631e-008 1.071
4.393631e-008 1.072
4.433631e-008 1.069
4.473631e-008 1.074
4.513631e-008 1.076
4.553631e-008 1.078
4.593631e-008 1.081
4.633631e-008 1.081
4.673631e-008 1.081
4.713631e-008 1.086
4.753631e-008 1.078
4.793631e-008 1.072
4.833631e-008 1.071
4.873631e-008 1.07
4.913631e-008 1.069
4.953631e-008 1.061
4.993631e-008 1.067
5.033631e-008 1.072
5.073631e-008 1.075
5.113631e-008 1.075
5.153631e-008 1.074
5.193631e-008 1.08
5.233631e-008 1.075
5.273631e-008 1.081
5.313631e-008 1.079
5.353631e-008 1.083
5.393631e-008 1.085
5.433631e-008 1.086
5.473631e-008 1.088
5.513631e-008 1.088
5.553631e-008 1.089
5.593631e-008 1.099
5.633631e-008 1.099
5.673631e-008 1.102
5.713631e-008 1.094
5.753631e-008 1.1
5.793631e-008 1.099
5.833631e-008 1.1
5.873631e-008 1.096
5.913631e-008 1.093
5.953631e-008 1.09
5.993631e-008 1.089
6.033631e-008 1.087
6.073631e-008 1.077
6.113631e-008 1.076
6.153631e-008 1.083
6.193631e-008 1.079
6.233631e-008 1.071
6.273631e-008 1.076
6.313631e-008 1.07
6.353631e-008 1.079
6.393631e-008 1.079
6.433631e-008 1.075
6.473631e-008 1.079
6.513631e-008 1.079
6.553631e-008 1.076
6.593631e-008 1.079
6.633631e-008 1.083
6.673631e-008 1.08
6.713631e-008 1.079
6.753631e-008 1.077
6.793631e-008 1.08
6.833631e-008 1.079
6.873631e-008 1.076
6.913631e-008 1.079
6.953631e-008 1.08
6.993631e-008 1.081
7.033631e-008 1.087
7.073631e-008 1.088
7.113631e-008 1.093
7.153631e-008 1.091
7.193631e-008 1.091
7.233631e-008 1.087
7.273631e-008 1.09
7.313631e-008 1.085
7.353631e-008 1.081
7.393631e-008 1.079
7.433631e-008 1.074
7.473631e-008 1.076
7.513631e-008 1.072
7.553631e-008 1.074
7.593631e-008 1.075
7.633631e-008 1.076
7.673631e-008 1.073
7.713631e-008 1.076
7.753631e-008 1.081
7.793631e-008 1.074
7.833631e-008 1.082
7.873631e-008 1.083
7.913631e-008 1.086
7.953631e-008 1.083
7.993631e-008 1.08
8.033631e-008 1.084
8.073631e-008 1.091
8.113631e-008 1.085
8.153631e-008 1.091
8.193631e-008 1.094
8.233631e-008 1.091
8.273631e-008 1.093
8.313631e-008 1.095
8.353631e-008 1.089
8.393631e-008 1.09
8.433631e-008 1.085
8.473631e-008 1.089
8.513631e-008 1.088
8.553631e-008 1.093
8.593631e-008 1.083
8.633631e-008 1.085
8.673631e-008 1.087
8.713631e-008 1.088
8.753631e-008 1.091
8.793631e-008 1.089
8.833631e-008 1.09
8.873631e-008 1.095
8.913631e-008 1.09
8.953631e-008 1.091
8.993631e-008 1.088
9.033631e-008 1.087
9.073631e-008 1.079
9.113631e-008 1.087
9.153631e-008 1.074
9.193631e-008 1.079
9.233631e-008 1.072
9.273631e-008 1.07
9.313631e-008 1.068
9.353631e-008 1.072
9.393631e-008 1.066
9.433631e-008 1.07
9.473631e-008 1.071
9.513631e-008 1.078
9.553631e-008 1.072
9.593631e-008 1.08
9.633631e-008 1.086
9.673631e-008 1.091
9.713631e-008 1.099
9.753631e-008 1.105
9.793631e-008 1.121
9.833631e-008 1.154
9.873631e-008 1.181
9.913631e-008 1.219
9.953631e-008 1.255
9.993631e-008 1.318
1.003363e-007 1.375
1.007363e-007 1.433
1.011363e-007 1.486
1.015363e-007 1.528
1.019363e-007 1.577
1.023363e-007 1.618
1.027363e-007 1.653
1.031363e-007 1.689
1.035363e-007 1.694
1.039363e-007 1.699
1.043363e-007 1.693
1.047363e-007 1.679
1.051363e-007 1.644
1.055363e-007 1.61
1.059363e-007 1.587
1.063363e-007 1.547
1.067363e-007 1.526
1.071363e-007 1.512
1.075363e-007 1.519
1.079363e-007 1.54
1.083363e-007 1.563
1.087363e-007 1.584
1.091363e-007 1.614
1.095363e-007 1.64
1.099363e-007 1.663
1.103363e-007 1.681
1.107363e-007 1.691
1.111363e-007 1.705
1.115363e-007 1.695
1.119363e-007 1.696
1.123363e-007 1.684
1.127363e-007 1.671
1.131363e-007 1.664
1.135363e-007 1.656
1.139363e-007 1.646
1.143363e-007 1.639
1.147363e-007 1.635
1.151363e-007 1.638
1.155363e-007 1.643
1.159363e-007 1.652
1.163363e-007 1.664
1.167363e-007 1.674
1.171363e-007 1.682
1.175363e-007 1.696
1.179363e-007 1.696
1.183363e-007 1.706
1.187363e-007 1.711
1.191363e-007 1.722
1.195363e-007 1.725
1.199363e-007 1.731
1.203363e-007 1.734
1.207363e-007 1.734
1.211363e-007 1.736
1.215363e-007 1.736
1.219363e-007 1.727
1.223363e-007 1.726
1.227363e-007 1.725
1.231363e-007 1.732
1.235363e-007 1.728
1.239363e-007 1.736
1.243363e-007 1.734
1.247363e-007 1.74
1.251363e-007 1.741
1.255363e-007 1.743
1.259363e-007 1.741
1.263363e-007 1.737
1.267363e-007 1.735
1.271363e-007 1.74
1.275363e-007 1.733
1.279363e-007 1.74
1.283363e-007 1.746
1.287363e-007 1.748
1.291363e-007 1.75
1.295363e-007 1.759
1.299363e-007 1.757
1.303363e-007 1.764
1.307363e-007 1.76
1.311363e-007 1.76
1.315363e-007 1.763
1.319363e-007 1.765
1.323363e-007 1.759
1.327363e-007 1.761
1.331363e-007 1.76
1.335363e-007 1.77
1.339363e-007 1.768
1.343363e-007 1.771
1.347363e-007 1.778
1.351363e-007 1.779
1.355363e-007 1.776
1.359363e-007 1.775
1.363363e-007 1.775
1.367363e-007 1.782
1.371363e-007 1.779
1.375363e-007 1.779
1.379363e-007 1.777
1.383363e-007 1.786
1.387363e-007 1.781
1.391363e-007 1.784
1.395363e-007 1.783
1.399363e-007 1.783
1.403363e-007 1.777
1.407363e-007 1.772
1.411363e-007 1.767
1.415363e-007 1.763
1.419363e-007 1.756
1.423363e-007 1.754
1.427363e-007 1.754
1.431363e-007 1.756
1.435363e-007 1.749
1.439363e-007 1.749
1.443363e-007 1.753
1.447363e-007 1.755
1.451363e-007 1.762
1.455363e-007 1.765
1.459363e-007 1.769
1.463363e-007 1.776
1.467363e-007 1.777
1.471363e-007 1.781
1.475363e-007 1.779
1.479363e-007 1.789
1.483363e-007 1.78
1.487363e-007 1.779
1.491363e-007 1.787
1.495363e-007 1.785
1.499363e-007 1.786
1.503363e-007 1.784
1.507363e-007 1.786
1.511363e-007 1.796
1.515363e-007 1.786
1.519363e-007 1.792
1.523363e-007 1.789
1.527363e-007 1.79
1.531363e-007 1.785
1.535363e-007 1.782
1.539363e-007 1.778
1.543363e-007 1.779
1.547363e-007 1.776
1.551363e-007 1.779
1.555363e-007 1.771
1.559363e-007 1.78
1.563363e-007 1.782
1.567363e-007 1.784
1.571363e-007 1.788
1.575363e-007 1.794
1.579363e-007 1.786
1.583363e-007 1.787
1.587363e-007 1.787
1.591363e-007 1.783
1.595363e-007 1.786
1.599363e-007 1.778
1.603363e-007 1.786
1.607363e-007 1.78
1.611363e-007 1.778
1.615363e-007 1.782
1.619363e-007 1.785
1.623363e-007 1.785
1.627363e-007 1.788
1.631363e-007 1.791
1.635363e-007 1.791
1.639363e-007 1.796
1.643363e-007 1.792
1.647363e-007 1.787
1.651363e-007 1.79
1.655363e-007 1.792
1.659363e-007 1.784
1.663363e-007 1.786
1.667363e-007 1.784
1.671363e-007 1.786
1.675363e-007 1.782
1.679363e-007 1.776
1.683363e-007 1.77
1.687363e-007 1.771
1.691363e-007 1.767
1.695363e-007 1.77
1.699363e-007 1.771
1.703363e-007 1.769
1.707363e-007 1.775
1.711363e-007 1.781
1.715363e-007 1.779
1.719363e-007 1.782
1.723363e-007 1.779
1.727363e-007 1.773
1.731363e-007 1.776
1.735363e-007 1.774
1.739363e-007 1.773
1.743363e-007 1.778
1.747363e-007 1.774
1.751363e-007 1.782
1.755363e-007 1.78
1.759363e-007 1.785
1.763363e-007 1.792
1.767363e-007 1.794
1.771363e-007 1.793
1.775363e-007 1.795
1.779363e-007 1.797
1.783363e-007 1.801
1.787363e-007 1.798
1.791363e-007 1.793
1.795363e-007 1.792
1.799363e-007 1.789
1.803363e-007 1.789
1.807363e-007 1.791
1.811363e-007 1.796
1.815363e-007 1.794
1.819363e-007 1.797
1.823363e-007 1.794
1.827363e-007 1.797
1.831363e-007 1.796
1.835363e-007 1.787
1.839363e-007 1.786
1.843363e-007 1.786
1.847363e-007 1.782
1.851363e-007 1.774
1.855363e-007 1.775
1.859363e-007 1.774
1.863363e-007 1.775
1.867363e-007 1.776
1.871363e-007 1.776
1.875363e-007 1.78
1.879363e-007 1.79
1.883363e-007 1.78
1.887363e-007 1.785
1.891363e-007 1.788
1.895363e-007 1.794
1.899363e-007 1.789
1.903363e-007 1.793
1.907363e-007 1.794
1.911363e-007 1.792
1.915363e-007 1.795
1.919363e-007 1.79
1.923363e-007 1.787
1.927363e-007 1.789
1.931363e-007 1.787
1.935363e-007 1.778
1.939363e-007 1.777
1.943363e-007 1.779
1.947363e-007 1.774
1.951363e-007 1.774
1.955363e-007 1.78
1.959363e-007 1.785
1.963363e-007 1.78
1.967363e-007 1.777
1.971363e-007 1.773
1.975363e-007 1.774
1.979363e-007 1.747
1.983363e-007 1.694
1.987363e-007 1.615
1.991363e-007 1.527
1.995363e-007 1.426
1.999363e-007 1.331
2.003363e-007 1.26
2.007363e-007 1.201
2.011363e-007 1.153
2.015363e-007 1.121
2.019363e-007 1.094
2.023363e-007 1.086
2.027363e-007 1.078
2.031363e-007 1.071
2.035363e-007 1.071
2.039363e-007 1.075
2.043363e-007 1.087
2.047363e-007 1.101
2.051363e-007 1.12
2.055363e-007 1.135
2.059363e-007 1.127
2.063363e-007 1.117
2.067363e-007 1.102
2.071363e-007 1.089
2.075363e-007 1.076
2.079363e-007 1.065
2.083363e-007 1.061
2.087363e-007 1.05
2.091363e-007 1.031
2.095363e-007 1.026
2.099363e-007 1.014
2.103363e-007 0.999
2.107363e-007 0.996
2.111363e-007 1.003
2.115363e-007 1.023
2.119363e-007 1.047
2.123363e-007 1.064
2.127363e-007 1.094
2.131363e-007 1.108
2.135363e-007 1.119
2.139363e-007 1.112
2.143363e-007 1.109
2.147363e-007 1.097
2.151363e-007 1.101
2.155363e-007 1.084
2.159363e-007 1.079
2.163363e-007 1.082
2.167363e-007 1.07
2.171363e-007 1.059
2.175363e-007 1.056
2.179363e-007 1.052
2.183363e-007 1.051
2.187363e-007 1.049
2.191363e-007 1.053
2.195363e-007 1.048
2.199363e-007 1.053
2.203363e-007 1.055
2.207363e-007 1.058
2.211363e-007 1.057
2.215363e-007 1.061
2.219363e-007 1.065
2.223363e-007 1.065
2.227363e-007 1.069
2.231363e-007 1.066
2.235363e-007 1.065
2.239363e-007 1.061
2.243363e-007 1.056
2.247363e-007 1.06
2.251363e-007 1.06
2.255363e-007 1.065
2.259363e-007 1.069
2.263363e-007 1.079
2.267363e-007 1.082
2.271363e-007 1.088
2.275363e-007 1.093
2.279363e-007 1.099
2.283363e-007 1.089
2.287363e-007 1.098
2.291363e-007 1.099
2.295363e-007 1.098
2.299363e-007 1.092
2.303363e-007 1.092
2.307363e-007 1.091
2.311363e-007 1.09
2.315363e-007 1.088
2.319363e-007 1.087
2.323363e-007 1.082
2.327363e-007 1.082
2.331363e-007 1.08
2.335363e-007 1.077
2.339363e-007 1.077
2.343363e-007 1.074
2.347363e-007 1.074
2.351363e-007 1.073
2.355363e-007 1.067
2.359363e-007 1.067
2.363363e-007 1.066
2.367363e-007 1.063
2.371363e-007 1.064
2.375363e-007 1.069
2.379363e-007 1.071
2.383363e-007 1.077
2.387363e-007 1.078
2.391363e-007 1.084
2.395363e-007 1.083
2.399363e-007 1.088
2.403363e-007 1.087
2.407363e-007 1.091
2.411363e-007 1.098
2.415363e-007 1.094
2.419363e-007 1.091
2.423363e-007 1.092
2.427363e-007 1.082
2.431363e-007 1.079
2.435363e-007 1.075
2.439363e-007 1.074
2.443363e-007 1.064
2.447363e-007 1.068
2.451363e-007 1.071
2.455363e-007 1.081
2.459363e-007 1.085
2.463363e-007 1.083
2.467363e-007 1.081
2.471363e-007 1.084
2.475363e-007 1.079
2.479363e-007 1.078
2.483363e-007 1.071
2.487363e-007 1.064
2.491363e-007 1.063
2.495363e-007 1.063
2.499363e-007 1.066
2.503363e-007 1.068
2.507363e-007 1.071
2.511363e-007 1.074
2.515363e-007 1.079
2.519363e-007 1.081
2.523363e-007 1.08
2.527363e-007 1.087
2.531363e-007 1.083
2.535363e-007 1.088
2.539363e-007 1.085
2.543363e-007 1.091
2.547363e-007 1.089
2.551363e-007 1.096
2.555363e-007 1.094
2.559363e-007 1.099
2.563363e-007 1.104
2.567363e-007 1.104
2.571363e-007 1.102
2.575363e-007 1.103
2.579363e-007 1.096
2.583363e-007 1.1
2.587363e-007 1.092
2.591363e-007 1.085
2.595363e-007 1.084
2.599363e-007 1.085
2.603363e-007 1.084
2.607363e-007 1.083
2.611363e-007 1.079
2.615363e-007 1.075
2.619363e-007 1.08
2.623363e-007 1.08
2.627363e-007 1.078
2.631363e-007 1.078
2.635363e-007 1.079
2.639363e-007 1.078
2.643363e-007 1.081
2.647363e-007 1.082
2.651363e-007 1.086
2.655363e-007 1.076
2.659363e-007 1.076
2.663363e-007 1.081
2.667363e-007 1.078
2.671363e-007 1.08
2.675363e-007 1.08
2.679363e-007 1.077
2.683363e-007 1.078
2.687363e-007 1.078
2.691363e-007 1.081
2.695363e-007 1.084
2.699363e-007 1.087
2.703363e-007 1.088
2.707363e-007 1.088
2.711363e-007 1.093
2.715363e-007 1.091
2.719363e-007 1.092
2.723363e-007 1.087
2.727363e-007 1.084
2.731363e-007 1.077
2.735363e-007 1.081
2.739363e-007 1.075
2.743363e-007 1.079
2.747363e-007 1.079
2.751363e-007 1.078
2.755363e-007 1.08
2.759363e-007 1.086
2.763363e-007 1.083
2.767363e-007 1.084
2.771363e-007 1.086
2.775363e-007 1.088
2.779363e-007 1.083
2.783363e-007 1.083
2.787363e-007 1.082
2.791363e-007 1.081
2.795363e-007 1.078
2.799363e-007 1.081
2.803363e-007 1.082
2.807363e-007 1.091
2.811363e-007 1.083
2.815363e-007 1.089
2.819363e-007 1.087
2.823363e-007 1.095
2.827363e-007 1.101
2.831363e-007 1.095
2.835363e-007 1.092
2.839363e-007 1.098
2.843363e-007 1.091
2.847363e-007 1.09
2.851363e-007 1.085
2.855363e-007 1.09
2.859363e-007 1.08
2.863363e-007 1.081
2.867363e-007 1.086
2.871363e-007 1.087
2.875363e-007 1.088
2.879363e-007 1.091
2.883363e-007 1.086
2.887363e-007 1.093
2.891363e-007 1.088
2.895363e-007 1.089
2.899363e-007 1.093
2.903363e-007 1.085
2.907363e-007 1.078
2.911363e-007 1.081
2.915363e-007 1.075
2.919363e-007 1.08
2.923363e-007 1.073
2.927363e-007 1.069
2.931363e-007 1.071
2.935363e-007 1.073
2.939363e-007 1.063
2.943363e-007 1.074
2.947363e-007 1.067
2.951363e-007 1.073
2.955363e-007 1.078
2.959363e-007 1.087
2.963363e-007 1.087
2.967363e-007 1.093
2.971363e-007 1.1
2.975363e-007 1.108
2.979363e-007 1.12
2.983363e-007 1.155
2.987363e-007 1.178
2.991363e-007 1.214
2.995363e-007 1.259
2.999363e-007 1.31
3.003363e-007 1.369
3.007363e-007 1.429
3.011363e-007 1.478
3.015363e-007 1.528
3.019363e-007 1.577
3.023363e-007 1.62
3.027363e-007 1.652
3.031363e-007 1.691
3.035363e-007 1.7
3.039363e-007 1.703
3.043363e-007 1.694
3.047363e-007 1.678
3.051363e-007 1.65
3.055363e-007 1.62
3.059363e-007 1.581
3.063363e-007 1.55
3.067363e-007 1.524
3.071363e-007 1.515
3.075363e-007 1.517
3.079363e-007 1.534
3.083363e-007 1.556
3.087363e-007 1.581
3.091363e-007 1.609
3.095363e-007 1.637
3.099363e-007 1.663
3.103363e-007 1.682
3.107363e-007 1.698
3.111363e-007 1.701
3.115363e-007 1.7
3.119363e-007 1.696
3.123363e-007 1.68
3.127363e-007 1.673
3.131363e-007 1.653
3.135363e-007 1.648
3.139363e-007 1.65
3.143363e-007 1.64
3.147363e-007 1.636
3.151363e-007 1.638
3.155363e-007 1.642
3.159363e-007 1.657
3.163363e-007 1.66
3.167363e-007 1.674
3.171363e-007 1.679
3.175363e-007 1.698
3.179363e-007 1.699
3.183363e-007 1.71
3.187363e-007 1.716
3.191363e-007 1.718
3.195363e-007 1.723
3.199363e-007 1.729
3.203363e-007 1.732
3.207363e-007 1.732
3.211363e-007 1.731
3.215363e-007 1.735
3.219363e-007 1.735
3.223363e-007 1.733
3.227363e-007 1.73
3.231363e-007 1.735
3.235363e-007 1.732
3.239363e-007 1.742
3.243363e-007 1.74
3.247363e-007 1.744
3.251363e-007 1.747
3.255363e-007 1.743
3.259363e-007 1.741
3.263363e-007 1.741
3.267363e-007 1.741
3.271363e-007 1.738
3.275363e-007 1.738
3.279363e-007 1.736
3.283363e-007 1.745
3.287363e-007 1.75
3.291363e-007 1.751
3.295363e-007 1.76
3.299363e-007 1.755
3.303363e-007 1.76
3.307363e-007 1.762
3.311363e-007 1.762
3.315363e-007 1.761
3.319363e-007 1.765
3.323363e-007 1.764
3.327363e-007 1.764
3.331363e-007 1.768
3.335363e-007 1.772
3.339363e-007 1.773
3.343363e-007 1.776
3.347363e-007 1.777
3.351363e-007 1.777
3.355363e-007 1.775
3.359363e-007 1.775
3.363363e-007 1.775
3.367363e-007 1.78
3.371363e-007 1.777
3.375363e-007 1.787
3.379363e-007 1.786
3.383363e-007 1.788
3.387363e-007 1.784
3.391363e-007 1.785
3.395363e-007 1.781
3.399363e-007 1.784
3.403363e-007 1.774
3.407363e-007 1.765
3.411363e-007 1.766
3.415363e-007 1.762
3.419363e-007 1.759
3.423363e-007 1.755
3.427363e-007 1.756
3.431363e-007 1.752
3.435363e-007 1.751
3.439363e-007 1.756
3.443363e-007 1.754
3.447363e-007 1.762
3.451363e-007 1.762
3.455363e-007 1.766
3.459363e-007 1.77
3.463363e-007 1.776
3.467363e-007 1.78
3.471363e-007 1.783
3.475363e-007 1.782
3.479363e-007 1.785
3.483363e-007 1.787
3.487363e-007 1.783
3.491363e-007 1.776
3.495363e-007 1.79
3.499363e-007 1.784
3.503363e-007 1.784
3.507363e-007 1.788
3.511363e-007 1.789
3.515363e-007 1.792
3.519363e-007 1.784
3.523363e-007 1.788
3.527363e-007 1.791
3.531363e-007 1.783
3.535363e-007 1.784
3.539363e-007 1.782
3.543363e-007 1.781
3.547363e-007 1.782
3.551363e-007 1.772
3.555363e-007 1.776
3.559363e-007 1.781
3.563363e-007 1.776
3.567363e-007 1.779
3.571363e-007 1.784
3.575363e-007 1.794
3.579363e-007 1.794
3.583363e-007 1.788
3.587363e-007 1.786
3.591363e-007 1.785
3.595363e-007 1.776
3.599363e-007 1.779
3.603363e-007 1.78
3.607363e-007 1.781
3.611363e-007 1.783
3.615363e-007 1.783
3.619363e-007 1.776
3.623363e-007 1.789
3.627363e-007 1.788
3.631363e-007 1.792
3.635363e-007 1.79
3.639363e-007 1.796
3.643363e-007 1.793
3.647363e-007 1.795
3.651363e-007 1.797
3.655363e-007 1.794
3.659363e-007 1.793
3.663363e-007 1.789
3.667363e-007 1.794
3.671363e-007 1.792
3.675363e-007 1.784
3.679363e-007 1.78
3.683363e-007 1.775
3.687363e-007 1.77
3.691363e-007 1.768
3.695363e-007 1.768
3.699363e-007 1.766
3.703363e-007 1.767
3.707363e-007 1.767
3.711363e-007 1.773
3.715363e-007 1.775
3.719363e-007 1.772
3.723363e-007 1.772
3.727363e-007 1.779
3.731363e-007 1.775
3.735363e-007 1.775
3.739363e-007 1.776
3.743363e-007 1.772
3.747363e-007 1.78
3.751363e-007 1.782
3.755363e-007 1.782
3.759363e-007 1.786
3.763363e-007 1.796
3.767363e-007 1.793
3.771363e-007 1.796
3.775363e-007 1.796
3.779363e-007 1.794
3.783363e-007 1.796
3.787363e-007 1.792
3.791363e-007 1.794
3.795363e-007 1.796
3.799363e-007 1.794
3.803363e-007 1.787
3.807363e-007 1.791
3.811363e-007 1.794
3.815363e-007 1.797
3.819363e-007 1.793
3.823363e-007 1.798
3.827363e-007 1.792
3.831363e-007 1.797
3.835363e-007 1.786
3.839363e-007 1.786
3.843363e-007 1.782
3.847363e-007 1.782
3.851363e-007 1.778
3.855363e-007 1.781
3.859363e-007 1.775
3.863363e-007 1.781
3.867363e-007 1.782
3.871363e-007 1.781
3.875363e-007 1.784
3.879363e-007 1.79
3.883363e-007 1.787
3.887363e-007 1.791
3.891363e-007 1.788
3.895363e-007 1.794
3.899363e-007 1.794
3.903363e-007 1.792
3.907363e-007 1.791
3.911363e-007 1.792
3.915363e-007 1.788
3.919363e-007 1.791
3.923363e-007 1.786
3.927363e-007 1.79
3.931363e-007 1.785
3.935363e-007 1.779
3.939363e-007 1.774
3.943363e-007 1.776
3.947363e-007 1.776
3.951363e-007 1.776
3.955363e-007 1.775
3.959363e-007 1.782
3.963363e-007 1.778
3.967363e-007 1.782
3.971363e-007 1.774
3.975363e-007 1.773
3.979363e-007 1.753
3.983363e-007 1.703
3.987363e-007 1.621
3.991363e-007 1.535
3.995363e-007 1.437
3.999363e-007 1.347
4.003363e-007 1.267
4.007363e-007 1.213
4.011363e-007 1.16
4.015363e-007 1.124
4.019363e-007 1.096
4.023363e-007 1.089
4.027363e-007 1.076
4.031363e-007 1.075
4.035363e-007 1.072
4.039363e-007 1.077
4.043363e-007 1.085
4.047363e-007 1.103
4.051363e-007 1.115
4.055363e-007 1.127
4.059363e-007 1.126
4.063363e-007 1.116
4.067363e-007 1.097
4.071363e-007 1.088
4.075363e-007 1.074
4.079363e-007 1.062
4.083363e-007 1.057
4.087363e-007 1.05
4.091363e-007 1.033
4.095363e-007 1.019
4.099363e-007 1.004
4.103363e-007 1
4.107363e-007 0.996
4.111363e-007 1.007
4.115363e-007 1.024
4.119363e-007 1.046
4.123363e-007 1.065
4.127363e-007 1.09
4.131363e-007 1.106
4.135363e-007 1.116
4.139363e-007 1.111
4.143363e-007 1.109
4.147363e-007 1.098
4.151363e-007 1.095
4.155363e-007 1.084
4.159363e-007 1.08
4.163363e-007 1.075
4.167363e-007 1.068
4.171363e-007 1.056
4.175363e-007 1.058
4.179363e-007 1.051
4.183363e-007 1.05
4.187363e-007 1.048
4.191363e-007 1.042
4.195363e-007 1.049
4.199363e-007 1.058
4.203363e-007 1.058
4.207363e-007 1.057
4.211363e-007 1.056
4.215363e-007 1.06
4.219363e-007 1.065
4.223363e-007 1.067
4.227363e-007 1.067
4.231363e-007 1.068
4.235363e-007 1.062
4.239363e-007 1.061
4.243363e-007 1.061
4.247363e-007 1.055
4.251363e-007 1.055
4.255363e-007 1.063
4.259363e-007 1.066
4.263363e-007 1.075
4.267363e-007 1.082
4.271363e-007 1.087
4.275363e-007 1.093
4.279363e-007 1.097
4.283363e-007 1.091
4.287363e-007 1.097
4.291363e-007 1.094
4.295363e-007 1.096
4.299363e-007 1.093
4.303363e-007 1.095
4.307363e-007 1.092
4.311363e-007 1.093
4.315363e-007 1.084
4.319363e-007 1.086
4.323363e-007 1.08
4.327363e-007 1.084
4.331363e-007 1.077
4.335363e-007 1.078
4.339363e-007 1.072
4.343363e-007 1.073
4.347363e-007 1.07
4.351363e-007 1.066
4.355363e-007 1.066
4.359363e-007 1.069
4.363363e-007 1.067
4.367363e-007 1.067
4.371363e-007 1.076
4.375363e-007 1.074
4.379363e-007 1.074
4.383363e-007 1.076
4.387363e-007 1.075
4.391363e-007 1.087
4.395363e-007 1.082
4.399363e-007 1.086
4.403363e-007 1.086
4.407363e-007 1.095
4.411363e-007 1.09
4.415363e-007 1.099
4.419363e-007 1.095
4.423363e-007 1.092
4.427363e-007 1.087
4.431363e-007 1.08
4.435363e-007 1.077
4.439363e-007 1.071
4.443363e-007 1.073
4.447363e-007 1.076
4.451363e-007 1.075
4.455363e-007 1.08
4.459363e-007 1.078
4.463363e-007 1.082
4.467363e-007 1.083
4.471363e-007 1.085
4.475363e-007 1.081
4.479363e-007 1.076
4.483363e-007 1.068
4.487363e-007 1.07
4.491363e-007 1.061
4.495363e-007 1.066
4.499363e-007 1.061
4.503363e-007 1.072
4.507363e-007 1.065
4.511363e-007 1.076
4.515363e-007 1.075
4.519363e-007 1.082
4.523363e-007 1.078
4.527363e-007 1.081
4.531363e-007 1.083
4.535363e-007 1.085
4.539363e-007 1.085
4.543363e-007 1.093
4.547363e-007 1.088
4.551363e-007 1.092
4.555363e-007 1.089
4.559363e-007 1.098
4.563363e-007 1.103
4.567363e-007 1.102
4.571363e-007 1.097
4.575363e-007 1.101
4.579363e-007 1.099
4.583363e-007 1.095
4.587363e-007 1.095
4.591363e-007 1.093
4.595363e-007 1.088
4.599363e-007 1.089
4.603363e-007 1.081
4.607363e-007 1.079
4.611363e-007 1.077
4.615363e-007 1.084
4.619363e-007 1.077
4.623363e-007 1.074
4.627363e-007 1.076
4.631363e-007 1.079
4.635363e-007 1.074
4.639363e-007 1.075
4.643363e-007 1.077
4.647363e-007 1.082
4.651363e-007 1.076
4.655363e-007 1.084
4.659363e-007 1.079
4.663363e-007 1.081
4.667363e-007 1.084
4.671363e-007 1.077
4.675363e-007 1.081
4.679363e-007 1.077
4.683363e-007 1.071
4.687363e-007 1.074
4.691363e-007 1.075
4.695363e-007 1.08
4.699363e-007 1.076
4.703363e-007 1.085
4.707363e-007 1.091
4.711363e-007 1.093
4.715363e-007 1.091
4.719363e-007 1.089
4.723363e-007 1.088
4.727363e-007 1.092
4.731363e-007 1.083
4.735363e-007 1.081
4.739363e-007 1.077
4.743363e-007 1.075
4.747363e-007 1.075
4.751363e-007 1.077
4.755363e-007 1.076
4.759363e-007 1.081
4.763363e-007 1.082
4.767363e-007 1.084
4.771363e-007 1.082
4.775363e-007 1.077
4.779363e-007 1.08
4.783363e-007 1.082
4.787363e-007 1.078
4.791363e-007 1.087
4.795363e-007 1.08
4.799363e-007 1.085
4.803363e-007 1.083
4.807363e-007 1.087
4.811363e-007 1.084
4.815363e-007 1.091
4.819363e-007 1.09
4.823363e-007 1.095
4.827363e-007 1.09
4.831363e-007 1.09
4.835363e-007 1.086
4.839363e-007 1.094
4.843363e-007 1.094
4.847363e-007 1.089
4.851363e-007 1.09
4.855363e-007 1.086
4.859363e-007 1.081
4.863363e-007 1.09
4.867363e-007 1.085
4.871363e-007 1.085
4.875363e-007 1.091
4.879363e-007 1.093
4.883363e-007 1.087
4.887363e-007 1.094
4.891363e-007 1.088
4.895363e-007 1.09
4.899363e-007 1.087
4.903363e-007 1.082
4.907363e-007 1.08
4.911363e-007 1.077
4.915363e-007 1.077
4.919363e-007 1.078
4.923363e-007 1.072
4.927363e-007 1.077
4.931363e-007 1.066
4.935363e-007 1.069
4.939363e-007 1.065
4.943363e-007 1.068
4.947363e-007 1.068
4.951363e-007 1.071
4.955363e-007 1.079
4.959363e-007 1.091
4.963363e-007 1.091
4.967363e-007 1.099
4.971363e-007 1.101
4.975363e-007 1.106
4.979363e-007 1.117
4.983363e-007 1.15
4.987363e-007 1.186
4.991363e-007 1.215
4.995363e-007 1.257
4.999363e-007 1.316
5.003363e-007 1.373
5.007363e-007 1.439
5.011363e-007 1.484
5.015363e-007 1.529
5.019363e-007 1.578
5.023363e-007 1.625
5.027363e-007 1.661
5.031363e-007 1.69
5.035363e-007 1.697
5.039363e-007 1.703
5.043363e-007 1.694
5.047363e-007 1.677
5.051363e-007 1.648
5.055363e-007 1.612
5.059363e-007 1.58
5.063363e-007 1.548
5.067363e-007 1.522
5.071363e-007 1.52
5.075363e-007 1.519
5.079363e-007 1.537
5.083363e-007 1.559
5.087363e-007 1.584
5.091363e-007 1.615
5.095363e-007 1.639
5.099363e-007 1.66
5.103363e-007 1.687
5.107363e-007 1.692
5.111363e-007 1.705
5.115363e-007 1.697
5.119363e-007 1.694
5.123363e-007 1.682
5.127363e-007 1.676
5.131363e-007 1.659
5.135363e-007 1.654
5.139363e-007 1.647
5.143363e-007 1.643
5.147363e-007 1.635
5.151363e-007 1.64
5.155363e-007 1.642
5.159363e-007 1.655
5.163363e-007 1.661
5.167363e-007 1.672
5.171363e-007 1.68
5.175363e-007 1.693
5.179363e-007 1.696
5.183363e-007 1.707
5.187363e-007 1.714
5.191363e-007 1.72
5.195363e-007 1.725
5.199363e-007 1.729
5.203363e-007 1.739
5.207363e-007 1.734
5.211363e-007 1.734
5.215363e-007 1.733
5.219363e-007 1.73
5.223363e-007 1.734
5.227363e-007 1.73
5.231363e-007 1.732
5.235363e-007 1.736
5.239363e-007 1.739
5.243363e-007 1.736
5.247363e-007 1.742
5.251363e-007 1.74
5.255363e-007 1.742
5.259363e-007 1.74
5.263363e-007 1.741
5.267363e-007 1.737
5.271363e-007 1.738
5.275363e-007 1.735
5.279363e-007 1.741
5.283363e-007 1.741
5.287363e-007 1.742
5.291363e-007 1.747
5.295363e-007 1.752
5.299363e-007 1.752
5.303363e-007 1.764
5.307363e-007 1.756
5.311363e-007 1.765
5.315363e-007 1.766
5.319363e-007 1.764
5.323363e-007 1.762
5.327363e-007 1.764
5.331363e-007 1.77
5.335363e-007 1.77
5.339363e-007 1.777
5.343363e-007 1.776
5.347363e-007 1.778
5.351363e-007 1.781
5.355363e-007 1.774
5.359363e-007 1.779
5.363363e-007 1.775
5.367363e-007 1.777
5.371363e-007 1.777
5.375363e-007 1.777
5.379363e-007 1.78
5.383363e-007 1.783
5.387363e-007 1.784
5.391363e-007 1.791
5.395363e-007 1.784
5.399363e-007 1.782
5.403363e-007 1.772
5.407363e-007 1.768
5.411363e-007 1.761
5.415363e-007 1.762
5.419363e-007 1.758
5.423363e-007 1.755
5.427363e-007 1.75
5.431363e-007 1.754
5.435363e-007 1.751
5.439363e-007 1.751
5.443363e-007 1.756
5.447363e-007 1.763
5.451363e-007 1.763
5.455363e-007 1.771
5.459363e-007 1.774
5.463363e-007 1.776
5.467363e-007 1.777
5.471363e-007 1.783
5.475363e-007 1.778
5.479363e-007 1.785
5.483363e-007 1.785
5.487363e-007 1.783
5.491363e-007 1.784
5.495363e-007 1.787
5.499363e-007 1.776
5.503363e-007 1.781
5.507363e-007 1.786
5.511363e-007 1.787
5.515363e-007 1.782
5.519363e-007 1.791
5.523363e-007 1.785
5.527363e-007 1.786
5.531363e-007 1.781
5.535363e-007 1.787
5.539363e-007 1.786
5.543363e-007 1.783
5.547363e-007 1.779
5.551363e-007 1.78
5.555363e-007 1.774
5.559363e-007 1.783
5.563363e-007 1.785
5.567363e-007 1.785
5.571363e-007 1.79
5.575363e-007 1.79
5.579363e-007 1.791
5.583363e-007 1.788
5.587363e-007 1.792
5.591363e-007 1.79
5.595363e-007 1.786
5.599363e-007 1.786
5.603363e-007 1.776
5.607363e-007 1.775
5.611363e-007 1.776
5.615363e-007 1.776
5.619363e-007 1.778
5.623363e-007 1.788
5.627363e-007 1.788
5.631363e-007 1.79
5.635363e-007 1.796
5.639363e-007 1.798
5.643363e-007 1.796
5.647363e-007 1.795
5.651363e-007 1.79
5.655363e-007 1.793
5.659363e-007 1.789
5.663363e-007 1.796
5.667363e-007 1.789
5.671363e-007 1.793
5.675363e-007 1.78
5.679363e-007 1.779
5.683363e-007 1.784
5.687363e-007 1.77
5.691363e-007 1.765
5.695363e-007 1.763
5.699363e-007 1.762
5.703363e-007 1.768
5.707363e-007 1.768
5.711363e-007 1.771
5.715363e-007 1.774
5.719363e-007 1.775
5.723363e-007 1.771
5.727363e-007 1.778
5.731363e-007 1.767
5.735363e-007 1.777
5.739363e-007 1.767
5.743363e-007 1.778
5.747363e-007 1.776
5.751363e-007 1.778
5.755363e-007 1.786
5.759363e-007 1.789
5.763363e-007 1.787
5.767363e-007 1.795
5.771363e-007 1.793
5.775363e-007 1.796
5.779363e-007 1.797
5.783363e-007 1.796
5.787363e-007 1.789
5.791363e-007 1.795
5.795363e-007 1.794
5.799363e-007 1.789
5.803363e-007 1.787
5.807363e-007 1.787
5.811363e-007 1.793
5.815363e-007 1.787
5.819363e-007 1.79
5.823363e-007 1.796
5.827363e-007 1.79
5.831363e-007 1.793
5.835363e-007 1.786
5.839363e-007 1.783
5.843363e-007 1.777
5.847363e-007 1.778
5.851363e-007 1.774
5.855363e-007 1.77
5.859363e-007 1.775
5.863363e-007 1.776
5.867363e-007 1.777
5.871363e-007 1.785
5.875363e-007 1.782
5.879363e-007 1.785
5.883363e-007 1.785
5.887363e-007 1.791
5.891363e-007 1.79
5.895363e-007 1.795
5.899363e-007 1.792
5.903363e-007 1.786
5.907363e-007 1.794
5.911363e-007 1.792
5.915363e-007 1.792
5.919363e-007 1.787
5.923363e-007 1.786
5.927363e-007 1.787
5.931363e-007 1.783
5.935363e-007 1.779
5.939363e-007 1.773
5.943363e-007 1.773
5.947363e-007 1.771
5.951363e-007 1.775
5.955363e-007 1.778
5.959363e-007 1.781
5.963363e-007 1.788
5.967363e-007 1.779
5.971363e-007 1.774
5.975363e-007 1.771
5.979363e-007 1.744
5.983363e-007 1.698
5.987363e-007 1.615
5.991363e-007 1.526
5.995363e-007 1.431
5.999363e-007 1.34
6.003363e-007 1.261
6.007363e-007 1.206
6.011363e-007 1.162
6.015363e-007 1.12
6.019363e-007 1.096
6.023363e-007 1.086
6.027363e-007 1.078
6.031363e-007 1.079
6.035363e-007 1.071
6.039363e-007 1.073
6.043363e-007 1.083
6.047363e-007 1.101
6.051363e-007 1.119
6.055363e-007 1.132
6.059363e-007 1.122
6.063363e-007 1.112
6.067363e-007 1.1
6.071363e-007 1.087
6.075363e-007 1.07
6.079363e-007 1.065
6.083363e-007 1.06
6.087363e-007 1.05
6.091363e-007 1.04
6.095363e-007 1.024
6.099363e-007 1.009
6.103363e-007 1.003
6.107363e-007 0.996
6.111363e-007 1.004
6.115363e-007 1.016
6.119363e-007 1.042
6.123363e-007 1.062
6.127363e-007 1.092
6.131363e-007 1.106
6.135363e-007 1.117
6.139363e-007 1.107
6.143363e-007 1.104
6.147363e-007 1.097
6.151363e-007 1.09
6.155363e-007 1.086
6.159363e-007 1.075
6.163363e-007 1.071
6.167363e-007 1.068
6.171363e-007 1.057
6.175363e-007 1.058
6.179363e-007 1.055
6.183363e-007 1.048
6.187363e-007 1.046
6.191363e-007 1.053
6.195363e-007 1.053
6.199363e-007 1.057
6.203363e-007 1.057
6.207363e-007 1.058
6.211363e-007 1.053
6.215363e-007 1.061
6.219363e-007 1.059
6.223363e-007 1.066
6.227363e-007 1.066
6.231363e-007 1.065
6.235363e-007 1.067
6.239363e-007 1.064
6.243363e-007 1.055
6.247363e-007 1.057
6.251363e-007 1.057
6.255363e-007 1.064
6.259363e-007 1.065
6.263363e-007 1.072
6.267363e-007 1.079
6.271363e-007 1.087
6.275363e-007 1.086
6.279363e-007 1.093
6.283363e-007 1.099
6.287363e-007 1.098
6.291363e-007 1.095
6.295363e-007 1.099
6.299363e-007 1.093
6.303363e-007 1.094
6.307363e-007 1.09
6.311363e-007 1.093
6.315363e-007 1.089
6.319363e-007 1.09
6.323363e-007 1.083
6.327363e-007 1.09
6.331363e-007 1.085
6.335363e-007 1.078
6.339363e-007 1.077
6.343363e-007 1.079
6.347363e-007 1.071
6.351363e-007 1.074
6.355363e-007 1.07
6.359363e-007 1.066
6.363363e-007 1.065
6.367363e-007 1.068
6.371363e-007 1.067
6.375363e-007 1.071
6.379363e-007 1.07
6.383363e-007 1.079
6.387363e-007 1.077
6.391363e-007 1.08
6.395363e-007 1.08
6.399363e-007 1.084
6.403363e-007 1.089
6.407363e-007 1.093
6.411363e-007 1.09
6.415363e-007 1.094
6.419363e-007 1.095
6.423363e-007 1.089
6.427363e-007 1.084
6.431363e-007 1.085
6.435363e-007 1.077
6.439363e-007 1.073
6.443363e-007 1.074
6.447363e-007 1.07
6.451363e-007 1.079
6.455363e-007 1.085
6.459363e-007 1.078
6.463363e-007 1.079
6.467363e-007 1.082
6.471363e-007 1.081
6.475363e-007 1.077
6.479363e-007 1.07
6.483363e-007 1.069
6.487363e-007 1.066
6.491363e-007 1.065
6.495363e-007 1.064
6.499363e-007 1.066
6.503363e-007 1.072
6.507363e-007 1.07
6.511363e-007 1.075
6.515363e-007 1.077
6.519363e-007 1.086
6.523363e-007 1.087
6.527363e-007 1.087
6.531363e-007 1.08
6.535363e-007 1.086
6.539363e-007 1.084
6.543363e-007 1.09
6.547363e-007 1.086
6.551363e-007 1.095
6.555363e-007 1.09
6.559363e-007 1.092
6.563363e-007 1.095
6.567363e-007 1.1
6.571363e-007 1.094
6.575363e-007 1.101
6.579363e-007 1.092
6.583363e-007 1.096
6.587363e-007 1.09
6.591363e-007 1.087
6.595363e-007 1.081
6.599363e-007 1.083
6.603363e-007 1.075
6.607363e-007 1.08
6.611363e-007 1.081
6.615363e-007 1.077
6.619363e-007 1.082
6.623363e-007 1.078
6.627363e-007 1.079
6.631363e-007 1.079
6.635363e-007 1.081
6.639363e-007 1.08
6.643363e-007 1.081
6.647363e-007 1.086
6.651363e-007 1.079
6.655363e-007 1.083
6.659363e-007 1.077
6.663363e-007 1.076
6.667363e-007 1.083
6.671363e-007 1.075
6.675363e-007 1.071
6.679363e-007 1.076
6.683363e-007 1.075
6.687363e-007 1.073
6.691363e-007 1.073
6.695363e-007 1.076
6.699363e-007 1.073
6.703363e-007 1.083
6.707363e-007 1.087
6.711363e-007 1.096
6.715363e-007 1.09
6.719363e-007 1.089
6.723363e-007 1.09
6.727363e-007 1.094
6.731363e-007 1.082
6.735363e-007 1.085
6.739363e-007 1.079
6.743363e-007 1.079
6.747363e-007 1.078
6.751363e-007 1.083
6.755363e-007 1.078
6.759363e-007 1.079
6.763363e-007 1.079
6.767363e-007 1.082
6.771363e-007 1.08
6.775363e-007 1.082
6.779363e-007 1.079
6.783363e-007 1.087
6.787363e-007 1.076
6.791363e-007 1.085
6.795363e-007 1.083
6.799363e-007 1.079
6.803363e-007 1.083
6.807363e-007 1.086
6.811363e-007 1.082
6.815363e-007 1.089
6.819363e-007 1.084
6.823363e-007 1.092
6.827363e-007 1.087
6.831363e-007 1.09
6.835363e-007 1.097
6.839363e-007 1.098
6.843363e-007 1.089
6.847363e-007 1.094
6.851363e-007 1.089
6.855363e-007 1.087
6.859363e-007 1.089
6.863363e-007 1.084
6.867363e-007 1.086
6.871363e-007 1.091
6.875363e-007 1.088
6.879363e-007 1.09
6.883363e-007 1.091
6.887363e-007 1.09
6.891363e-007 1.091
6.895363e-007 1.088
6.899363e-007 1.083
6.903363e-007 1.09
6.907363e-007 1.079
6.911363e-007 1.081
6.915363e-007 1.075
6.919363e-007 1.073
6.923363e-007 1.074
6.927363e-007 1.067
6.931363e-007 1.069
6.935363e-007 1.065
6.939363e-007 1.063
6.943363e-007 1.067
6.947363e-007 1.069
6.951363e-007 1.073
6.955363e-007 1.075
6.959363e-007 1.087
6.963363e-007 1.092
6.967363e-007 1.093
6.971363e-007 1.102
6.975363e-007 1.106
6.979363e-007 1.119
6.983363e-007 1.159
6.987363e-007 1.189
6.991363e-007 1.217
6.995363e-007 1.265
6.999363e-007 1.313
7.003363e-007 1.374
7.007363e-007 1.435
7.011363e-007 1.484
7.015363e-007 1.529
7.019363e-007 1.575
7.023363e-007 1.623
7.027363e-007 1.649
7.031363e-007 1.686
7.035363e-007 1.698
7.039363e-007 1.7
7.043363e-007 1.69
7.047363e-007 1.673
7.051363e-007 1.642
7.055363e-007 1.617
7.059363e-007 1.574
7.063363e-007 1.544
7.067363e-007 1.522
7.071363e-007 1.513
7.075363e-007 1.519
7.079363e-007 1.539
7.083363e-007 1.555
7.087363e-007 1.586
7.091363e-007 1.614
7.095363e-007 1.646
7.099363e-007 1.662
7.103363e-007 1.69
7.107363e-007 1.696
7.111363e-007 1.71
7.115363e-007 1.699
7.119363e-007 1.694
7.123363e-007 1.682
7.127363e-007 1.672
7.131363e-007 1.659
7.135363e-007 1.656
7.139363e-007 1.644
7.143363e-007 1.639
7.147363e-007 1.634
7.151363e-007 1.639
7.155363e-007 1.644
7.159363e-007 1.652
7.163363e-007 1.663
7.167363e-007 1.675
7.171363e-007 1.684
7.175363e-007 1.694
7.179363e-007 1.695
7.183363e-007 1.707
7.187363e-007 1.713
7.191363e-007 1.725
7.195363e-007 1.723
7.199363e-007 1.733
7.203363e-007 1.737
7.207363e-007 1.739
7.211363e-007 1.734
7.215363e-007 1.731
7.219363e-007 1.733
7.223363e-007 1.729
7.227363e-007 1.728
7.231363e-007 1.727
7.235363e-007 1.734
7.239363e-007 1.739
7.243363e-007 1.736
7.247363e-007 1.738
7.251363e-007 1.739
7.255363e-007 1.742
7.259363e-007 1.743
7.263363e-007 1.745
7.267363e-007 1.74
7.271363e-007 1.743
7.275363e-007 1.74
7.279363e-007 1.739
7.283363e-007 1.742
7.287363e-007 1.752
7.291363e-007 1.75
7.295363e-007 1.755
7.299363e-007 1.754
7.303363e-007 1.765
7.307363e-007 1.762
7.311363e-007 1.761
7.315363e-007 1.761
7.319363e-007 1.76
7.323363e-007 1.76
7.327363e-007 1.77
7.331363e-007 1.771
7.335363e-007 1.77
7.339363e-007 1.771
7.343363e-007 1.776
7.347363e-007 1.773
7.351363e-007 1.78
7.355363e-007 1.778
7.359363e-007 1.779
7.363363e-007 1.786
7.367363e-007 1.781
7.371363e-007 1.773
7.375363e-007 1.78
7.379363e-007 1.778
7.383363e-007 1.785
7.387363e-007 1.792
7.391363e-007 1.782
7.395363e-007 1.78
7.399363e-007 1.78
7.403363e-007 1.773
7.407363e-007 1.771
7.411363e-007 1.766
7.415363e-007 1.765
7.419363e-007 1.757
7.423363e-007 1.756
7.427363e-007 1.75
7.431363e-007 1.754
7.435363e-007 1.75
7.439363e-007 1.756
7.443363e-007 1.755
7.447363e-007 1.757
7.451363e-007 1.762
7.455363e-007 1.767
7.459363e-007 1.768
7.463363e-007 1.778
7.467363e-007 1.775
7.471363e-007 1.783
7.475363e-007 1.784
7.479363e-007 1.783
7.483363e-007 1.78
7.487363e-007 1.78
7.491363e-007 1.78
7.495363e-007 1.782
7.499363e-007 1.78
7.503363e-007 1.778
7.507363e-007 1.781
7.511363e-007 1.786
7.515363e-007 1.787
7.519363e-007 1.786
7.523363e-007 1.789
7.527363e-007 1.789
7.531363e-007 1.783
7.535363e-007 1.783
7.539363e-007 1.786
7.543363e-007 1.788
7.547363e-007 1.779
7.551363e-007 1.779
7.555363e-007 1.783
7.559363e-007 1.78
7.563363e-007 1.783
7.567363e-007 1.786
7.571363e-007 1.786
7.575363e-007 1.791
7.579363e-007 1.787
7.583363e-007 1.783
7.587363e-007 1.785
7.591363e-007 1.79
7.595363e-007 1.783
7.599363e-007 1.779
7.603363e-007 1.777
7.607363e-007 1.781
7.611363e-007 1.775
7.615363e-007 1.782
7.619363e-007 1.781
7.623363e-007 1.787
7.627363e-007 1.788
7.631363e-007 1.794
7.635363e-007 1.793
7.639363e-007 1.796
7.643363e-007 1.796
7.647363e-007 1.797
7.651363e-007 1.794
7.655363e-007 1.799
7.659363e-007 1.79
7.663363e-007 1.79
7.667363e-007 1.789
7.671363e-007 1.789
7.675363e-007 1.784
7.679363e-007 1.779
7.683363e-007 1.776
7.687363e-007 1.771
7.691363e-007 1.764
7.695363e-007 1.764
7.699363e-007 1.764
7.703363e-007 1.766
7.707363e-007 1.763
7.711363e-007 1.773
7.715363e-007 1.773
7.719363e-007 1.77
7.723363e-007 1.772
7.727363e-007 1.774
7.731363e-007 1.773
7.735363e-007 1.778
7.739363e-007 1.773
7.743363e-007 1.778
7.747363e-007 1.78
7.751363e-007 1.783
7.755363e-007 1.783
7.759363e-007 1.786
7.763363e-007 1.794
7.767363e-007 1.797
7.771363e-007 1.796
7.775363e-007 1.798
7.779363e-007 1.795
7.783363e-007 1.795
7.787363e-007 1.789
7.791363e-007 1.793
7.795363e-007 1.793
7.799363e-007 1.787
7.803363e-007 1.795
7.807363e-007 1.79
7.811363e-007 1.794
7.815363e-007 1.798
7.819363e-007 1.794
7.823363e-007 1.796
7.827363e-007 1.791
7.831363e-007 1.795
7.835363e-007 1.79
7.839363e-007 1.782
7.843363e-007 1.785
7.847363e-007 1.785
7.851363e-007 1.784
7.855363e-007 1.779
7.859363e-007 1.777
7.863363e-007 1.779
7.867363e-007 1.778
7.871363e-007 1.78
7.875363e-007 1.788
7.879363e-007 1.788
7.883363e-007 1.783
7.887363e-007 1.787
7.891363e-007 1.791
7.895363e-007 1.789
7.899363e-007 1.784
7.903363e-007 1.785
7.907363e-007 1.785
7.911363e-007 1.788
7.915363e-007 1.792
7.919363e-007 1.788
7.923363e-007 1.786
7.927363e-007 1.786
7.931363e-007 1.78
7.935363e-007 1.777
7.939363e-007 1.776
7.943363e-007 1.778
7.947363e-007 1.772
7.951363e-007 1.776
7.955363e-007 1.78
7.959363e-007 1.782
7.963363e-007 1.783
7.967363e-007 1.78
7.971363e-007 1.777
7.975363e-007 1.774
7.979363e-007 1.753
7.983363e-007 1.703
7.987363e-007 1.624
7.991363e-007 1.538
7.995363e-007 1.437
7.999363e-007 1.351
8.003363e-007 1.267
8.007363e-007 1.207
8.011363e-007 1.163
8.015363e-007 1.124
8.019363e-007 1.101
8.023363e-007 1.084
8.027363e-007 1.079
8.031363e-007 1.076
8.035363e-007 1.075
8.039363e-007 1.076
8.043363e-007 1.088
8.047363e-007 1.099
8.051363e-007 1.116
8.055363e-007 1.131
8.059363e-007 1.125
8.063363e-007 1.121
8.067363e-007 1.099
8.071363e-007 1.089
8.075363e-007 1.074
8.079363e-007 1.064
8.083363e-007 1.062
8.087363e-007 1.052
8.091363e-007 1.042
8.095363e-007 1.027
8.099363e-007 1.008
8.103363e-007 1.002
8.107363e-007 0.999
8.111363e-007 1.004
8.115363e-007 1.013
8.119363e-007 1.044
8.123363e-007 1.067
8.127363e-007 1.089
8.131363e-007 1.105
8.135363e-007 1.111
8.139363e-007 1.112
8.143363e-007 1.105
8.147363e-007 1.097
8.151363e-007 1.096
8.155363e-007 1.084
8.159363e-007 1.086
8.163363e-007 1.079
8.167363e-007 1.07
8.171363e-007 1.067
8.175363e-007 1.057
8.179363e-007 1.055
8.183363e-007 1.053
8.187363e-007 1.053
8.191363e-007 1.05
8.195363e-007 1.05
8.199363e-007 1.052
8.203363e-007 1.054
8.207363e-007 1.056
8.211363e-007 1.063
8.215363e-007 1.064
8.219363e-007 1.059
8.223363e-007 1.064
8.227363e-007 1.067
8.231363e-007 1.064
8.235363e-007 1.061
8.239363e-007 1.057
8.243363e-007 1.053
8.247363e-007 1.058
8.251363e-007 1.054
8.255363e-007 1.066
8.259363e-007 1.064
8.263363e-007 1.073
8.267363e-007 1.08
8.271363e-007 1.09
8.275363e-007 1.093
8.279363e-007 1.094
8.283363e-007 1.097
8.287363e-007 1.1
8.291363e-007 1.1
8.295363e-007 1.101
8.299363e-007 1.091
8.303363e-007 1.093
8.307363e-007 1.096
8.311363e-007 1.088
8.315363e-007 1.089
8.319363e-007 1.082
8.323363e-007 1.077
8.327363e-007 1.084
8.331363e-007 1.075
8.335363e-007 1.079
8.339363e-007 1.076
8.343363e-007 1.072
8.347363e-007 1.065
8.351363e-007 1.064
8.355363e-007 1.066
8.359363e-007 1.065
8.363363e-007 1.071
8.367363e-007 1.065
8.371363e-007 1.07
8.375363e-007 1.071
8.379363e-007 1.077
8.383363e-007 1.076
8.387363e-007 1.08
8.391363e-007 1.084
8.395363e-007 1.084
8.399363e-007 1.096
8.403363e-007 1.096
8.407363e-007 1.094
8.411363e-007 1.093
8.415363e-007 1.094
8.419363e-007 1.094
8.423363e-007 1.093
8.427363e-007 1.085
8.431363e-007 1.08
8.435363e-007 1.071
8.439363e-007 1.071
8.443363e-007 1.069
8.447363e-007 1.069
8.451363e-007 1.076
8.455363e-007 1.082
8.459363e-007 1.078
8.463363e-007 1.088
8.467363e-007 1.08
8.471363e-007 1.085
8.475363e-007 1.077
8.479363e-007 1.074
8.483363e-007 1.072
8.487363e-007 1.066
8.491363e-007 1.063
8.495363e-007 1.068
8.499363e-007 1.062
8.503363e-007 1.075
8.507363e-007 1.072
8.511363e-007 1.073
8.515363e-007 1.073
8.519363e-007 1.082
8.523363e-007 1.08
8.527363e-007 1.081
8.531363e-007 1.084
8.535363e-007 1.084
8.539363e-007 1.083
8.543363e-007 1.087
8.547363e-007 1.086
8.551363e-007 1.093
8.555363e-007 1.089
8.559363e-007 1.096
8.563363e-007 1.1
8.567363e-007 1.1
8.571363e-007 1.102
8.575363e-007 1.102
8.579363e-007 1.097
8.583363e-007 1.096
8.587363e-007 1.097
8.591363e-007 1.094
8.595363e-007 1.092
8.599363e-007 1.095
8.603363e-007 1.085
8.607363e-007 1.086
8.611363e-007 1.078
8.615363e-007 1.08
8.619363e-007 1.077
8.623363e-007 1.073
8.627363e-007 1.077
8.631363e-007 1.082
8.635363e-007 1.076
8.639363e-007 1.079
8.643363e-007 1.077
8.647363e-007 1.076
8.651363e-007 1.079
8.655363e-007 1.077
8.659363e-007 1.081
8.663363e-007 1.085
8.667363e-007 1.08
8.671363e-007 1.075
8.675363e-007 1.076
8.679363e-007 1.08
8.683363e-007 1.073
8.687363e-007 1.074
8.691363e-007 1.076
8.695363e-007 1.081
8.699363e-007 1.083
8.703363e-007 1.086
8.707363e-007 1.087
8.711363e-007 1.093
8.715363e-007 1.088
8.719363e-007 1.093
8.723363e-007 1.091
8.727363e-007 1.088
8.731363e-007 1.078
8.735363e-007 1.081
8.739363e-007 1.076
8.743363e-007 1.08
8.747363e-007 1.071
8.751363e-007 1.076
8.755363e-007 1.077
8.759363e-007 1.075
8.763363e-007 1.08
8.767363e-007 1.084
8.771363e-007 1.077
8.775363e-007 1.086
8.779363e-007 1.081
8.783363e-007 1.085
