-1.222083e-007 0.735
-1.218083e-007 0.732
-1.214083e-007 0.74
-1.210083e-007 0.745
-1.206083e-007 0.748
-1.202083e-007 0.749
-1.198083e-007 0.749
-1.194083e-007 0.749
-1.190083e-007 0.743
-1.186083e-007 0.743
-1.182083e-007 0.744
-1.178083e-007 0.73
-1.174083e-007 0.73
-1.170083e-007 0.718
-1.166083e-007 0.723
-1.162083e-007 0.716
-1.158083e-007 0.712
-1.154083e-007 0.703
-1.150083e-007 0.709
-1.146083e-007 0.704
-1.142083e-007 0.71
-1.138083e-007 0.709
-1.134083e-007 0.715
-1.130083e-007 0.72
-1.126083e-007 0.724
-1.122083e-007 0.725
-1.118083e-007 0.736
-1.114083e-007 0.737
-1.110083e-007 0.741
-1.106083e-007 0.736
-1.102083e-007 0.746
-1.098083e-007 0.743
-1.094083e-007 0.742
-1.090083e-007 0.741
-1.086083e-007 0.741
-1.082083e-007 0.739
-1.078083e-007 0.738
-1.074083e-007 0.733
-1.070083e-007 0.723
-1.066083e-007 0.723
-1.062083e-007 0.721
-1.058083e-007 0.716
-1.054083e-007 0.711
-1.050083e-007 0.706
-1.046083e-007 0.707
-1.042083e-007 0.707
-1.038083e-007 0.713
-1.034083e-007 0.714
-1.030083e-007 0.716
-1.026083e-007 0.716
-1.022083e-007 0.721
-1.018083e-007 0.729
-1.014083e-007 0.732
-1.010083e-007 0.736
-1.006083e-007 0.756
-1.002083e-007 0.891
-9.980832e-008 1.121
-9.940832e-008 1.25
-9.900832e-008 1.342
-9.860832e-008 1.412
-9.820832e-008 1.461
-9.780832e-008 1.516
-9.740832e-008 1.565
-9.700832e-008 1.578
-9.660832e-008 1.571
-9.620832e-008 1.562
-9.580832e-008 1.544
-9.540832e-008 1.528
-9.500832e-008 1.522
-9.460832e-008 1.505
-9.420832e-008 1.499
-9.380832e-008 1.495
-9.340832e-008 1.488
-9.300832e-008 1.485
-9.260832e-008 1.482
-9.220832e-008 1.471
-9.180832e-008 1.463
-9.140832e-008 1.453
-9.100832e-008 1.46
-9.060832e-008 1.474
-9.020832e-008 1.496
-8.980832e-008 1.522
-8.940832e-008 1.54
-8.900832e-008 1.552
-8.860832e-008 1.559
-8.820832e-008 1.556
-8.780832e-008 1.549
-8.740832e-008 1.523
-8.700832e-008 1.503
-8.660832e-008 1.487
-8.620832e-008 1.472
-8.580832e-008 1.464
-8.540832e-008 1.459
-8.500832e-008 1.468
-8.460832e-008 1.487
-8.420832e-008 1.503
-8.380832e-008 1.515
-8.340832e-008 1.531
-8.300832e-008 1.545
-8.260832e-008 1.555
-8.220832e-008 1.567
-8.180832e-008 1.581
-8.140832e-008 1.585
-8.100832e-008 1.585
-8.060832e-008 1.578
-8.020832e-008 1.569
-7.980832e-008 1.568
-7.940832e-008 1.557
-7.900832e-008 1.542
-7.860832e-008 1.531
-7.820832e-008 1.525
-7.780832e-008 1.514
-7.740832e-008 1.516
-7.700832e-008 1.511
-7.660832e-008 1.521
-7.620832e-008 1.523
-7.580832e-008 1.537
-7.540832e-008 1.538
-7.500832e-008 1.545
-7.460832e-008 1.543
-7.420832e-008 1.539
-7.380832e-008 1.536
-7.340832e-008 1.533
-7.300832e-008 1.536
-7.260832e-008 1.538
-7.220832e-008 1.536
-7.180832e-008 1.551
-7.140832e-008 1.556
-7.100832e-008 1.566
-7.060832e-008 1.575
-7.020832e-008 1.582
-6.980832e-008 1.587
-6.940832e-008 1.587
-6.900832e-008 1.575
-6.860832e-008 1.575
-6.820832e-008 1.56
-6.780832e-008 1.553
-6.740832e-008 1.541
-6.700832e-008 1.541
-6.660832e-008 1.534
-6.620832e-008 1.531
-6.580832e-008 1.529
-6.540832e-008 1.533
-6.500832e-008 1.535
-6.460832e-008 1.535
-6.420832e-008 1.539
-6.380832e-008 1.542
-6.340832e-008 1.541
-6.300832e-008 1.541
-6.260832e-008 1.539
-6.220832e-008 1.546
-6.180832e-008 1.55
-6.140832e-008 1.558
-6.100832e-008 1.562
-6.060832e-008 1.571
-6.020832e-008 1.574
-5.980832e-008 1.58
-5.940832e-008 1.581
-5.900832e-008 1.581
-5.860832e-008 1.58
-5.820832e-008 1.575
-5.780832e-008 1.566
-5.740832e-008 1.563
-5.700832e-008 1.551
-5.660832e-008 1.554
-5.620832e-008 1.547
-5.580832e-008 1.548
-5.540832e-008 1.543
-5.500832e-008 1.541
-5.460832e-008 1.545
-5.420832e-008 1.55
-5.380832e-008 1.543
-5.340832e-008 1.551
-5.300832e-008 1.549
-5.260832e-008 1.546
-5.220832e-008 1.55
-5.180832e-008 1.55
-5.140832e-008 1.549
-5.100832e-008 1.56
-5.060832e-008 1.558
-5.020832e-008 1.558
-4.980832e-008 1.561
-4.940832e-008 1.567
-4.900832e-008 1.565
-4.860832e-008 1.57
-4.820832e-008 1.565
-4.780832e-008 1.568
-4.740832e-008 1.567
-4.700832e-008 1.569
-4.660832e-008 1.562
-4.620832e-008 1.565
-4.580832e-008 1.563
-4.540832e-008 1.557
-4.500832e-008 1.559
-4.460832e-008 1.559
-4.420832e-008 1.554
-4.380832e-008 1.561
-4.340832e-008 1.552
-4.300832e-008 1.558
-4.260832e-008 1.554
-4.220832e-008 1.555
-4.180832e-008 1.552
-4.140832e-008 1.552
-4.100832e-008 1.553
-4.060832e-008 1.551
-4.020832e-008 1.55
-3.980832e-008 1.558
-3.940832e-008 1.559
-3.900832e-008 1.559
-3.860832e-008 1.56
-3.820832e-008 1.564
-3.780832e-008 1.565
-3.740832e-008 1.568
-3.700832e-008 1.566
-3.660832e-008 1.568
-3.620832e-008 1.564
-3.580832e-008 1.564
-3.540832e-008 1.561
-3.500832e-008 1.566
-3.460832e-008 1.558
-3.420832e-008 1.56
-3.380832e-008 1.557
-3.340832e-008 1.565
-3.300832e-008 1.559
-3.260832e-008 1.557
-3.220832e-008 1.559
-3.180832e-008 1.554
-3.140832e-008 1.556
-3.100832e-008 1.559
-3.060832e-008 1.556
-3.020832e-008 1.56
-2.980832e-008 1.553
-2.940832e-008 1.56
-2.900832e-008 1.553
-2.860832e-008 1.559
-2.820832e-008 1.556
-2.780832e-008 1.56
-2.740832e-008 1.559
-2.700832e-008 1.563
-2.660832e-008 1.565
-2.620832e-008 1.562
-2.580832e-008 1.557
-2.540832e-008 1.563
-2.500832e-008 1.557
-2.460832e-008 1.559
-2.420832e-008 1.559
-2.380832e-008 1.565
-2.340832e-008 1.563
-2.300832e-008 1.564
-2.260832e-008 1.562
-2.220832e-008 1.569
-2.180832e-008 1.561
-2.140832e-008 1.56
-2.100832e-008 1.566
-2.060832e-008 1.562
-2.020832e-008 1.56
-1.980832e-008 1.559
-1.940832e-008 1.554
-1.900832e-008 1.563
-1.860832e-008 1.554
-1.820832e-008 1.557
-1.780832e-008 1.556
-1.740832e-008 1.562
-1.700832e-008 1.558
-1.660832e-008 1.556
-1.620832e-008 1.559
-1.580832e-008 1.566
-1.540832e-008 1.559
-1.500832e-008 1.559
-1.460832e-008 1.561
-1.420832e-008 1.568
-1.380832e-008 1.562
-1.340832e-008 1.562
-1.300832e-008 1.563
-1.260832e-008 1.567
-1.220832e-008 1.565
-1.180832e-008 1.565
-1.140832e-008 1.559
-1.100832e-008 1.567
-1.060832e-008 1.566
-1.020832e-008 1.564
-9.808319e-009 1.568
-9.408319e-009 1.563
-9.008319e-009 1.56
-8.608319e-009 1.565
-8.208319e-009 1.557
-7.808319e-009 1.557
-7.408319e-009 1.556
-7.008319e-009 1.556
-6.608319e-009 1.557
-6.208319e-009 1.559
-5.808319e-009 1.561
-5.408319e-009 1.556
-5.008319e-009 1.55
-4.608319e-009 1.562
-4.208319e-009 1.563
-3.808319e-009 1.565
-3.408319e-009 1.56
-3.008319e-009 1.568
-2.608319e-009 1.563
-2.208319e-009 1.564
-1.808319e-009 1.568
-1.408319e-009 1.568
-1.008319e-009 1.573
-6.08319e-010 1.555
-2.08319e-010 1.44
1.91681e-010 1.215
5.91681e-010 1.073
9.91681e-010 0.978
1.391681e-009 0.895
1.791681e-009 0.838
2.191681e-009 0.777
2.591681e-009 0.732
2.991681e-009 0.711
3.391681e-009 0.717
3.791681e-009 0.731
4.191681e-009 0.741
4.591681e-009 0.756
4.991681e-009 0.777
5.391681e-009 0.789
5.791681e-009 0.796
6.191681e-009 0.799
6.591681e-009 0.805
6.991681e-009 0.819
7.391681e-009 0.827
7.791681e-009 0.835
8.191681e-009 0.852
8.591681e-009 0.857
8.991681e-009 0.854
9.391681e-009 0.846
9.791681e-009 0.832
1.019168e-008 0.804
1.059168e-008 0.788
1.099168e-008 0.769
1.139168e-008 0.759
1.179168e-008 0.761
1.219168e-008 0.769
1.259168e-008 0.786
1.299168e-008 0.807
1.339168e-008 0.818
1.379168e-008 0.84
1.419168e-008 0.844
1.459168e-008 0.852
1.499168e-008 0.834
1.539168e-008 0.816
1.579168e-008 0.796
1.619168e-008 0.787
1.659168e-008 0.772
1.699168e-008 0.753
1.739168e-008 0.744
1.779168e-008 0.732
1.819168e-008 0.725
1.859168e-008 0.716
1.899168e-008 0.717
1.939168e-008 0.732
1.979168e-008 0.739
2.019168e-008 0.747
2.059168e-008 0.76
2.099168e-008 0.774
2.139168e-008 0.782
2.179168e-008 0.795
2.219168e-008 0.796
2.259168e-008 0.805
2.299168e-008 0.799
2.339168e-008 0.79
2.379168e-008 0.775
2.419168e-008 0.772
2.459168e-008 0.757
2.499168e-008 0.754
2.539168e-008 0.751
2.579168e-008 0.757
2.619168e-008 0.755
2.659168e-008 0.753
2.699168e-008 0.753
2.739168e-008 0.759
2.779168e-008 0.754
2.819168e-008 0.75
2.859168e-008 0.744
2.899168e-008 0.729
2.939168e-008 0.728
2.979168e-008 0.718
3.019168e-008 0.717
3.059168e-008 0.72
3.099168e-008 0.725
3.139168e-008 0.73
3.179168e-008 0.742
3.219168e-008 0.754
3.259168e-008 0.762
3.299168e-008 0.77
3.339168e-008 0.774
3.379168e-008 0.775
3.419168e-008 0.776
3.459168e-008 0.771
3.499168e-008 0.767
3.539168e-008 0.766
3.579168e-008 0.761
3.619168e-008 0.754
3.659168e-008 0.752
3.699168e-008 0.747
3.739168e-008 0.749
3.779168e-008 0.743
3.819168e-008 0.739
3.859168e-008 0.732
3.899168e-008 0.728
3.939168e-008 0.723
3.979168e-008 0.707
4.019168e-008 0.715
4.059168e-008 0.708
4.099168e-008 0.707
4.139168e-008 0.71
4.179168e-008 0.719
4.219168e-008 0.725
4.259168e-008 0.728
4.299168e-008 0.734
4.339168e-008 0.747
4.379168e-008 0.758
4.419168e-008 0.752
4.459168e-008 0.756
4.499168e-008 0.751
4.539168e-008 0.75
4.579168e-008 0.748
4.619168e-008 0.737
4.659168e-008 0.742
4.699168e-008 0.741
4.739168e-008 0.736
4.779168e-008 0.734
4.819168e-008 0.741
4.859168e-008 0.73
4.899168e-008 0.732
4.939168e-008 0.727
4.979168e-008 0.732
5.019168e-008 0.723
5.059168e-008 0.719
5.099168e-008 0.716
5.139168e-008 0.719
5.179168e-008 0.716
5.219168e-008 0.716
5.259168e-008 0.72
5.299168e-008 0.725
5.339168e-008 0.731
5.379168e-008 0.73
5.419168e-008 0.727
5.459168e-008 0.738
5.499168e-008 0.731
5.539168e-008 0.734
5.579168e-008 0.738
5.619168e-008 0.744
5.659168e-008 0.74
5.699168e-008 0.742
5.739168e-008 0.738
5.779168e-008 0.738
5.819168e-008 0.736
5.859168e-008 0.739
5.899168e-008 0.735
5.939168e-008 0.74
5.979168e-008 0.739
6.019168e-008 0.731
6.059168e-008 0.728
6.099168e-008 0.729
6.139168e-008 0.725
6.179168e-008 0.724
6.219168e-008 0.72
6.259168e-008 0.721
6.299168e-008 0.722
6.339168e-008 0.719
6.379168e-008 0.719
6.419168e-008 0.724
6.459168e-008 0.725
6.499168e-008 0.727
6.539168e-008 0.726
6.579168e-008 0.733
6.619168e-008 0.731
6.659168e-008 0.735
6.699168e-008 0.736
6.739168e-008 0.737
6.779168e-008 0.733
6.819168e-008 0.732
6.859168e-008 0.731
6.899168e-008 0.735
6.939168e-008 0.735
6.979168e-008 0.731
7.019168e-008 0.729
7.059168e-008 0.732
7.099168e-008 0.731
7.139168e-008 0.733
7.179168e-008 0.724
7.219168e-008 0.725
7.259168e-008 0.726
7.299168e-008 0.722
7.339168e-008 0.726
7.379168e-008 0.728
7.419168e-008 0.718
7.459168e-008 0.719
7.499168e-008 0.72
7.539168e-008 0.726
7.579168e-008 0.721
7.619168e-008 0.723
7.659168e-008 0.723
7.699168e-008 0.731
7.739168e-008 0.726
7.779168e-008 0.728
7.819168e-008 0.725
7.859168e-008 0.729
7.899168e-008 0.731
7.939168e-008 0.731
7.979168e-008 0.728
8.019168e-008 0.727
8.059168e-008 0.73
8.099168e-008 0.734
8.139168e-008 0.733
8.179168e-008 0.733
8.219168e-008 0.727
8.259168e-008 0.735
8.299168e-008 0.727
8.339168e-008 0.727
8.379168e-008 0.727
8.419168e-008 0.729
8.459168e-008 0.728
8.499168e-008 0.729
8.539168e-008 0.729
8.579168e-008 0.725
8.619168e-008 0.719
8.659168e-008 0.726
8.699168e-008 0.724
8.739168e-008 0.726
8.779168e-008 0.726
8.819168e-008 0.728
8.859168e-008 0.729
8.899168e-008 0.725
8.939168e-008 0.721
8.979168e-008 0.729
9.019168e-008 0.726
9.059168e-008 0.728
9.099168e-008 0.725
9.139168e-008 0.725
9.179168e-008 0.724
9.219168e-008 0.73
9.259168e-008 0.723
9.299168e-008 0.726
9.339168e-008 0.729
9.379168e-008 0.731
9.419168e-008 0.729
9.459168e-008 0.734
9.499168e-008 0.73
9.539168e-008 0.731
9.579168e-008 0.732
9.619168e-008 0.729
9.659168e-008 0.726
9.699168e-008 0.733
9.739168e-008 0.725
9.779168e-008 0.728
9.819168e-008 0.73
9.859168e-008 0.727
9.899168e-008 0.726
9.939168e-008 0.737
9.979168e-008 0.863
1.001917e-007 1.094
1.005917e-007 1.224
1.009917e-007 1.317
1.013917e-007 1.395
1.017917e-007 1.448
1.021917e-007 1.498
1.025917e-007 1.55
1.029917e-007 1.577
1.033917e-007 1.573
1.037917e-007 1.563
1.041917e-007 1.55
1.045917e-007 1.538
1.049917e-007 1.53
1.053917e-007 1.523
1.057917e-007 1.52
1.061917e-007 1.517
1.065917e-007 1.508
1.069917e-007 1.5
1.073917e-007 1.493
1.077917e-007 1.484
1.081917e-007 1.462
1.085917e-007 1.454
1.089917e-007 1.457
1.093917e-007 1.468
1.097917e-007 1.488
1.101917e-007 1.509
1.105917e-007 1.529
1.109917e-007 1.539
1.113917e-007 1.545
1.117917e-007 1.544
1.121917e-007 1.535
1.125917e-007 1.515
1.129917e-007 1.496
1.133917e-007 1.477
1.137917e-007 1.464
1.141917e-007 1.457
1.145917e-007 1.459
1.149917e-007 1.471
1.153917e-007 1.493
1.157917e-007 1.507
1.161917e-007 1.523
1.165917e-007 1.54
1.169917e-007 1.553
1.173917e-007 1.565
1.177917e-007 1.581
1.181917e-007 1.587
1.185917e-007 1.593
1.189917e-007 1.59
1.193917e-007 1.579
1.197917e-007 1.57
1.201917e-007 1.557
1.205917e-007 1.539
1.209917e-007 1.53
1.213917e-007 1.518
1.217917e-007 1.507
1.221917e-007 1.504
1.225917e-007 1.505
1.229917e-007 1.502
1.233917e-007 1.512
1.237917e-007 1.517
1.241917e-007 1.531
1.245917e-007 1.538
1.249917e-007 1.544
1.253917e-007 1.544
1.257917e-007 1.544
1.261917e-007 1.543
1.265917e-007 1.546
1.269917e-007 1.542
1.273917e-007 1.546
1.277917e-007 1.55
1.281917e-007 1.555
1.285917e-007 1.561
1.289917e-007 1.569
1.293917e-007 1.58
1.297917e-007 1.587
1.301917e-007 1.584
1.305917e-007 1.584
1.309917e-007 1.574
1.313917e-007 1.576
1.317917e-007 1.557
1.321917e-007 1.546
1.325917e-007 1.537
1.329917e-007 1.53
1.333917e-007 1.523
1.337917e-007 1.524
1.341917e-007 1.521
1.345917e-007 1.527
1.349917e-007 1.522
1.353917e-007 1.534
1.357917e-007 1.533
1.361917e-007 1.542
1.365917e-007 1.542
1.369917e-007 1.545
1.373917e-007 1.551
1.377917e-007 1.556
1.381917e-007 1.56
1.385917e-007 1.56
1.389917e-007 1.567
1.393917e-007 1.574
1.397917e-007 1.58
1.401917e-007 1.586
1.405917e-007 1.581
1.409917e-007 1.582
1.413917e-007 1.579
1.417917e-007 1.565
1.421917e-007 1.566
1.425917e-007 1.562
1.429917e-007 1.545
1.433917e-007 1.545
1.437917e-007 1.534
1.441917e-007 1.54
1.445917e-007 1.534
1.449917e-007 1.536
1.453917e-007 1.539
1.457917e-007 1.546
1.461917e-007 1.543
1.465917e-007 1.548
1.469917e-007 1.55
1.473917e-007 1.556
1.477917e-007 1.554
1.481917e-007 1.555
1.485917e-007 1.556
1.489917e-007 1.562
1.493917e-007 1.562
1.497917e-007 1.564
1.501917e-007 1.564
1.505917e-007 1.573
1.509917e-007 1.568
1.513917e-007 1.573
1.517917e-007 1.575
1.521917e-007 1.575
1.525917e-007 1.573
1.529917e-007 1.57
1.533917e-007 1.563
1.537917e-007 1.564
1.541917e-007 1.565
1.545917e-007 1.557
1.549917e-007 1.546
1.553917e-007 1.553
1.557917e-007 1.552
1.561917e-007 1.546
1.565917e-007 1.547
1.569917e-007 1.554
1.573917e-007 1.552
1.577917e-007 1.551
1.581917e-007 1.55
1.585917e-007 1.559
1.589917e-007 1.555
1.593917e-007 1.557
1.597917e-007 1.56
1.601917e-007 1.566
1.605917e-007 1.56
1.609917e-007 1.561
1.613917e-007 1.567
1.617917e-007 1.573
1.621917e-007 1.569
1.625917e-007 1.571
1.629917e-007 1.569
1.633917e-007 1.575
1.637917e-007 1.569
1.641917e-007 1.566
1.645917e-007 1.561
1.649917e-007 1.567
1.653917e-007 1.562
1.657917e-007 1.559
1.661917e-007 1.551
1.665917e-007 1.554
1.669917e-007 1.552
1.673917e-007 1.55
1.677917e-007 1.546
1.681917e-007 1.557
1.685917e-007 1.554
1.689917e-007 1.555
1.693917e-007 1.549
1.697917e-007 1.551
1.701917e-007 1.558
1.705917e-007 1.561
1.709917e-007 1.555
1.713917e-007 1.566
1.717917e-007 1.565
1.721917e-007 1.565
1.725917e-007 1.57
1.729917e-007 1.577
1.733917e-007 1.571
1.737917e-007 1.57
1.741917e-007 1.568
1.745917e-007 1.567
1.749917e-007 1.565
1.753917e-007 1.56
1.757917e-007 1.555
1.761917e-007 1.557
1.765917e-007 1.557
1.769917e-007 1.555
1.773917e-007 1.554
1.777917e-007 1.552
1.781917e-007 1.551
1.785917e-007 1.552
1.789917e-007 1.552
1.793917e-007 1.559
1.797917e-007 1.562
1.801917e-007 1.558
1.805917e-007 1.56
1.809917e-007 1.563
1.813917e-007 1.57
1.817917e-007 1.568
1.821917e-007 1.567
1.825917e-007 1.571
1.829917e-007 1.566
1.833917e-007 1.567
1.837917e-007 1.565
1.841917e-007 1.573
1.845917e-007 1.572
1.849917e-007 1.569
1.853917e-007 1.569
1.857917e-007 1.571
1.861917e-007 1.563
1.865917e-007 1.566
1.869917e-007 1.563
1.873917e-007 1.562
1.877917e-007 1.557
1.881917e-007 1.555
1.885917e-007 1.551
1.889917e-007 1.556
1.893917e-007 1.554
1.897917e-007 1.556
1.901917e-007 1.555
1.905917e-007 1.556
1.909917e-007 1.561
1.913917e-007 1.563
1.917917e-007 1.561
1.921917e-007 1.568
1.925917e-007 1.565
1.929917e-007 1.567
1.933917e-007 1.57
1.937917e-007 1.574
1.941917e-007 1.57
1.945917e-007 1.568
1.949917e-007 1.566
1.953917e-007 1.56
1.957917e-007 1.569
1.961917e-007 1.56
1.965917e-007 1.564
1.969917e-007 1.565
1.973917e-007 1.558
1.977917e-007 1.558
1.981917e-007 1.558
1.985917e-007 1.559
1.989917e-007 1.552
1.993917e-007 1.544
1.997917e-007 1.423
2.001917e-007 1.2
2.005917e-007 1.064
2.009917e-007 0.965
2.013917e-007 0.881
2.017917e-007 0.83
2.021917e-007 0.772
2.025917e-007 0.733
2.029917e-007 0.708
2.033917e-007 0.717
2.037917e-007 0.732
2.041917e-007 0.753
2.045917e-007 0.77
2.049917e-007 0.782
2.053917e-007 0.786
2.057917e-007 0.796
2.061917e-007 0.801
2.065917e-007 0.808
2.069917e-007 0.819
2.073917e-007 0.823
2.077917e-007 0.832
2.081917e-007 0.846
2.085917e-007 0.851
2.089917e-007 0.846
2.093917e-007 0.837
2.097917e-007 0.815
2.101917e-007 0.797
2.105917e-007 0.782
2.109917e-007 0.761
2.113917e-007 0.754
2.117917e-007 0.755
2.121917e-007 0.766
2.125917e-007 0.787
2.129917e-007 0.807
2.133917e-007 0.828
2.137917e-007 0.84
2.141917e-007 0.85
2.145917e-007 0.851
2.149917e-007 0.845
2.153917e-007 0.823
2.157917e-007 0.803
2.161917e-007 0.786
2.165917e-007 0.77
2.169917e-007 0.752
2.173917e-007 0.734
2.177917e-007 0.726
2.181917e-007 0.711
2.185917e-007 0.712
2.189917e-007 0.711
2.193917e-007 0.72
2.197917e-007 0.737
2.201917e-007 0.743
2.205917e-007 0.757
2.209917e-007 0.773
2.213917e-007 0.783
2.217917e-007 0.79
2.221917e-007 0.799
2.225917e-007 0.805
2.229917e-007 0.8
2.233917e-007 0.791
2.237917e-007 0.78
2.241917e-007 0.771
2.245917e-007 0.762
2.249917e-007 0.754
2.253917e-007 0.752
2.257917e-007 0.754
2.261917e-007 0.755
2.265917e-007 0.752
2.269917e-007 0.753
2.273917e-007 0.762
2.277917e-007 0.752
2.281917e-007 0.748
2.285917e-007 0.743
2.289917e-007 0.727
2.293917e-007 0.723
2.297917e-007 0.719
2.301917e-007 0.706
2.305917e-007 0.709
2.309917e-007 0.714
2.313917e-007 0.73
2.317917e-007 0.732
2.321917e-007 0.746
2.325917e-007 0.753
2.329917e-007 0.764
2.333917e-007 0.762
2.337917e-007 0.774
2.341917e-007 0.771
2.345917e-007 0.764
2.349917e-007 0.762
2.353917e-007 0.763
2.357917e-007 0.753
2.361917e-007 0.756
2.365917e-007 0.756
2.369917e-007 0.761
2.373917e-007 0.754
2.377917e-007 0.745
2.381917e-007 0.744
2.385917e-007 0.736
2.389917e-007 0.724
2.393917e-007 0.725
2.397917e-007 0.711
2.401917e-007 0.714
2.405917e-007 0.711
2.409917e-007 0.705
2.413917e-007 0.71
2.417917e-007 0.713
2.421917e-007 0.721
2.425917e-007 0.73
2.429917e-007 0.733
2.433917e-007 0.747
2.437917e-007 0.744
2.441917e-007 0.753
2.445917e-007 0.745
2.449917e-007 0.747
2.453917e-007 0.75
2.457917e-007 0.743
2.461917e-007 0.746
2.465917e-007 0.743
2.469917e-007 0.746
2.473917e-007 0.745
2.477917e-007 0.741
2.481917e-007 0.743
2.485917e-007 0.743
2.489917e-007 0.739
2.493917e-007 0.732
2.497917e-007 0.736
2.501917e-007 0.722
2.505917e-007 0.721
2.509917e-007 0.723
2.513917e-007 0.719
2.517917e-007 0.718
2.521917e-007 0.719
2.525917e-007 0.712
2.529917e-007 0.719
2.533917e-007 0.724
2.537917e-007 0.727
2.541917e-007 0.733
2.545917e-007 0.734
2.549917e-007 0.735
2.553917e-007 0.735
2.557917e-007 0.737
2.561917e-007 0.737
2.565917e-007 0.742
2.569917e-007 0.741
2.573917e-007 0.743
2.577917e-007 0.744
2.581917e-007 0.742
2.585917e-007 0.74
2.589917e-007 0.741
2.593917e-007 0.741
2.597917e-007 0.736
2.601917e-007 0.735
2.605917e-007 0.731
2.609917e-007 0.732
2.613917e-007 0.729
2.617917e-007 0.727
2.621917e-007 0.722
2.625917e-007 0.718
2.629917e-007 0.714
2.633917e-007 0.718
2.637917e-007 0.714
2.641917e-007 0.722
2.645917e-007 0.717
2.649917e-007 0.724
2.653917e-007 0.721
2.657917e-007 0.727
2.661917e-007 0.731
2.665917e-007 0.728
2.669917e-007 0.731
2.673917e-007 0.733
2.677917e-007 0.738
2.681917e-007 0.738
2.685917e-007 0.741
2.689917e-007 0.746
2.693917e-007 0.737
2.697917e-007 0.736
2.701917e-007 0.736
2.705917e-007 0.733
2.709917e-007 0.736
2.713917e-007 0.733
2.717917e-007 0.725
2.721917e-007 0.723
2.725917e-007 0.722
2.729917e-007 0.72
2.733917e-007 0.718
2.737917e-007 0.717
2.741917e-007 0.717
2.745917e-007 0.719
2.749917e-007 0.714
2.753917e-007 0.72
2.757917e-007 0.718
2.761917e-007 0.721
2.765917e-007 0.724
2.769917e-007 0.73
2.773917e-007 0.73
2.777917e-007 0.731
2.781917e-007 0.729
2.785917e-007 0.729
2.789917e-007 0.731
2.793917e-007 0.736
2.797917e-007 0.727
2.801917e-007 0.737
2.805917e-007 0.735
2.809917e-007 0.735
2.813917e-007 0.728
2.817917e-007 0.732
2.821917e-007 0.729
2.825917e-007 0.732
2.829917e-007 0.73
2.833917e-007 0.724
2.837917e-007 0.723
2.841917e-007 0.726
2.845917e-007 0.721
2.849917e-007 0.726
2.853917e-007 0.725
2.857917e-007 0.731
2.861917e-007 0.715
2.865917e-007 0.725
2.869917e-007 0.724
2.873917e-007 0.725
2.877917e-007 0.724
2.881917e-007 0.729
2.885917e-007 0.726
2.889917e-007 0.729
2.893917e-007 0.726
2.897917e-007 0.729
2.901917e-007 0.729
2.905917e-007 0.727
2.909917e-007 0.731
2.913917e-007 0.732
2.917917e-007 0.724
2.921917e-007 0.729
2.925917e-007 0.727
2.929917e-007 0.724
2.933917e-007 0.727
2.937917e-007 0.731
2.941917e-007 0.728
2.945917e-007 0.722
2.949917e-007 0.725
2.953917e-007 0.725
2.957917e-007 0.725
2.961917e-007 0.724
2.965917e-007 0.724
2.969917e-007 0.726
2.973917e-007 0.722
2.977917e-007 0.728
2.981917e-007 0.729
2.985917e-007 0.729
2.989917e-007 0.728
2.993917e-007 0.745
2.997917e-007 0.89
3.001917e-007 1.118
3.005917e-007 1.239
3.009917e-007 1.33
3.013917e-007 1.406
3.017917e-007 1.453
3.021917e-007 1.508
3.025917e-007 1.563
3.029917e-007 1.579
3.033917e-007 1.574
3.037917e-007 1.564
3.041917e-007 1.547
3.045917e-007 1.535
3.049917e-007 1.524
3.053917e-007 1.513
3.057917e-007 1.516
3.061917e-007 1.51
3.065917e-007 1.501
3.069917e-007 1.494
3.073917e-007 1.488
3.077917e-007 1.479
3.081917e-007 1.456
3.085917e-007 1.451
3.089917e-007 1.459
3.093917e-007 1.47
3.097917e-007 1.494
3.101917e-007 1.518
3.105917e-007 1.534
3.109917e-007 1.548
3.113917e-007 1.557
3.117917e-007 1.549
3.121917e-007 1.532
3.125917e-007 1.507
3.129917e-007 1.497
3.133917e-007 1.472
3.137917e-007 1.466
3.141917e-007 1.465
3.145917e-007 1.464
3.149917e-007 1.473
3.153917e-007 1.488
3.157917e-007 1.509
3.161917e-007 1.524
3.165917e-007 1.535
3.169917e-007 1.552
3.173917e-007 1.569
3.177917e-007 1.579
3.181917e-007 1.586
3.185917e-007 1.59
3.189917e-007 1.585
3.193917e-007 1.578
3.197917e-007 1.559
3.201917e-007 1.553
3.205917e-007 1.542
3.209917e-007 1.53
3.213917e-007 1.518
3.217917e-007 1.517
3.221917e-007 1.501
3.225917e-007 1.502
3.229917e-007 1.509
3.233917e-007 1.519
3.237917e-007 1.524
3.241917e-007 1.532
3.245917e-007 1.535
3.249917e-007 1.547
3.253917e-007 1.542
3.257917e-007 1.544
3.261917e-007 1.541
3.265917e-007 1.545
3.269917e-007 1.541
3.273917e-007 1.54
3.277917e-007 1.547
3.281917e-007 1.552
3.285917e-007 1.556
3.289917e-007 1.565
3.293917e-007 1.573
3.297917e-007 1.581
3.301917e-007 1.586
3.305917e-007 1.581
3.309917e-007 1.571
3.313917e-007 1.571
3.317917e-007 1.555
3.321917e-007 1.549
3.325917e-007 1.542
3.329917e-007 1.538
3.333917e-007 1.531
3.337917e-007 1.528
3.341917e-007 1.528
3.345917e-007 1.534
3.349917e-007 1.538
3.353917e-007 1.537
3.357917e-007 1.535
3.361917e-007 1.544
3.365917e-007 1.538
3.369917e-007 1.538
3.373917e-007 1.541
3.377917e-007 1.547
3.381917e-007 1.553
3.385917e-007 1.556
3.389917e-007 1.556
3.393917e-007 1.574
3.397917e-007 1.579
3.401917e-007 1.578
3.405917e-007 1.579
3.409917e-007 1.583
3.413917e-007 1.576
3.417917e-007 1.572
3.421917e-007 1.566
3.425917e-007 1.561
3.429917e-007 1.549
3.433917e-007 1.543
3.437917e-007 1.539
3.441917e-007 1.542
3.445917e-007 1.543
3.449917e-007 1.538
3.453917e-007 1.539
3.457917e-007 1.545
3.461917e-007 1.546
3.465917e-007 1.549
3.469917e-007 1.545
3.473917e-007 1.552
3.477917e-007 1.551
3.481917e-007 1.551
3.485917e-007 1.551
3.489917e-007 1.554
3.493917e-007 1.556
3.497917e-007 1.56
3.501917e-007 1.557
3.505917e-007 1.565
3.509917e-007 1.571
3.513917e-007 1.574
3.517917e-007 1.571
3.521917e-007 1.577
3.525917e-007 1.57
3.529917e-007 1.57
3.533917e-007 1.564
3.537917e-007 1.565
3.541917e-007 1.556
3.545917e-007 1.557
3.549917e-007 1.557
3.553917e-007 1.554
3.557917e-007 1.552
3.561917e-007 1.558
3.565917e-007 1.551
3.569917e-007 1.557
3.573917e-007 1.559
3.577917e-007 1.554
3.581917e-007 1.552
3.585917e-007 1.551
3.589917e-007 1.549
3.593917e-007 1.555
3.597917e-007 1.561
3.601917e-007 1.559
3.605917e-007 1.564
3.609917e-007 1.562
3.613917e-007 1.563
3.617917e-007 1.566
3.621917e-007 1.57
3.625917e-007 1.567
3.629917e-007 1.564
3.633917e-007 1.571
3.637917e-007 1.568
3.641917e-007 1.563
3.645917e-007 1.562
3.649917e-007 1.564
3.653917e-007 1.559
3.657917e-007 1.564
3.661917e-007 1.555
3.665917e-007 1.56
3.669917e-007 1.555
3.673917e-007 1.556
3.677917e-007 1.557
3.681917e-007 1.555
3.685917e-007 1.553
3.689917e-007 1.555
3.693917e-007 1.556
3.697917e-007 1.561
3.701917e-007 1.552
3.705917e-007 1.557
3.709917e-007 1.556
3.713917e-007 1.561
3.717917e-007 1.56
3.721917e-007 1.565
3.725917e-007 1.563
3.729917e-007 1.564
3.733917e-007 1.568
3.737917e-007 1.569
3.741917e-007 1.57
3.745917e-007 1.568
3.749917e-007 1.566
3.753917e-007 1.567
3.757917e-007 1.561
3.761917e-007 1.566
3.765917e-007 1.563
3.769917e-007 1.559
3.773917e-007 1.56
3.777917e-007 1.56
3.781917e-007 1.561
3.785917e-007 1.56
3.789917e-007 1.551
3.793917e-007 1.561
3.797917e-007 1.563
3.801917e-007 1.559
3.805917e-007 1.563
3.809917e-007 1.561
3.813917e-007 1.562
3.817917e-007 1.563
3.821917e-007 1.562
3.825917e-007 1.565
3.829917e-007 1.563
3.833917e-007 1.558
3.837917e-007 1.564
3.841917e-007 1.563
3.845917e-007 1.559
3.849917e-007 1.56
3.853917e-007 1.563
3.857917e-007 1.562
3.861917e-007 1.57
3.865917e-007 1.566
3.869917e-007 1.564
3.873917e-007 1.563
3.877917e-007 1.562
3.881917e-007 1.561
3.885917e-007 1.559
3.889917e-007 1.561
3.893917e-007 1.559
3.897917e-007 1.558
3.901917e-007 1.557
3.905917e-007 1.562
3.909917e-007 1.56
3.913917e-007 1.556
3.917917e-007 1.559
3.921917e-007 1.559
3.925917e-007 1.56
3.929917e-007 1.56
3.933917e-007 1.559
3.937917e-007 1.563
3.941917e-007 1.564
3.945917e-007 1.563
3.949917e-007 1.562
3.953917e-007 1.567
3.957917e-007 1.569
3.961917e-007 1.563
3.965917e-007 1.562
3.969917e-007 1.57
3.973917e-007 1.567
3.977917e-007 1.565
3.981917e-007 1.563
3.985917e-007 1.565
3.989917e-007 1.559
3.993917e-007 1.543
3.997917e-007 1.422
4.001917e-007 1.197
4.005917e-007 1.064
4.009917e-007 0.967
4.013917e-007 0.886
4.017917e-007 0.829
4.021917e-007 0.771
4.025917e-007 0.73
4.029917e-007 0.715
4.033917e-007 0.717
4.037917e-007 0.726
4.041917e-007 0.745
4.045917e-007 0.762
4.049917e-007 0.776
4.053917e-007 0.785
4.057917e-007 0.799
4.061917e-007 0.797
4.065917e-007 0.811
4.069917e-007 0.816
4.073917e-007 0.824
4.077917e-007 0.834
4.081917e-007 0.849
4.085917e-007 0.855
4.089917e-007 0.848
4.093917e-007 0.84
4.097917e-007 0.817
4.101917e-007 0.802
4.105917e-007 0.788
4.109917e-007 0.765
4.113917e-007 0.761
4.117917e-007 0.761
4.121917e-007 0.776
4.125917e-007 0.789
4.129917e-007 0.812
4.133917e-007 0.831
4.137917e-007 0.85
4.141917e-007 0.851
4.145917e-007 0.849
4.149917e-007 0.835
4.153917e-007 0.818
4.157917e-007 0.8
4.161917e-007 0.785
4.165917e-007 0.766
4.169917e-007 0.752
4.173917e-007 0.731
4.177917e-007 0.721
4.181917e-007 0.717
4.185917e-007 0.711
4.189917e-007 0.716
4.193917e-007 0.723
4.197917e-007 0.73
4.201917e-007 0.753
4.205917e-007 0.756
4.209917e-007 0.769
4.213917e-007 0.784
4.217917e-007 0.798
4.221917e-007 0.799
4.225917e-007 0.807
4.229917e-007 0.804
4.233917e-007 0.799
4.237917e-007 0.786
4.241917e-007 0.773
4.245917e-007 0.766
4.249917e-007 0.755
4.253917e-007 0.75
4.257917e-007 0.753
4.261917e-007 0.743
4.265917e-007 0.744
4.269917e-007 0.752
4.273917e-007 0.749
4.277917e-007 0.751
4.281917e-007 0.743
4.285917e-007 0.736
4.289917e-007 0.732
4.293917e-007 0.725
4.297917e-007 0.723
4.301917e-007 0.714
4.305917e-007 0.724
4.309917e-007 0.729
4.313917e-007 0.739
4.317917e-007 0.743
4.321917e-007 0.757
4.325917e-007 0.757
4.329917e-007 0.766
4.333917e-007 0.768
4.337917e-007 0.776
4.341917e-007 0.772
4.345917e-007 0.764
4.349917e-007 0.757
4.353917e-007 0.766
4.357917e-007 0.755
4.361917e-007 0.756
4.365917e-007 0.755
4.369917e-007 0.75
4.373917e-007 0.754
4.377917e-007 0.747
4.381917e-007 0.742
4.385917e-007 0.734
4.389917e-007 0.724
4.393917e-007 0.723
4.397917e-007 0.708
4.401917e-007 0.711
4.405917e-007 0.7
4.409917e-007 0.702
4.413917e-007 0.708
4.417917e-007 0.716
4.421917e-007 0.727
4.425917e-007 0.734
4.429917e-007 0.745
4.433917e-007 0.75
4.437917e-007 0.752
4.441917e-007 0.755
4.445917e-007 0.758
4.449917e-007 0.751
4.453917e-007 0.75
4.457917e-007 0.746
4.461917e-007 0.743
4.465917e-007 0.74
4.469917e-007 0.736
4.473917e-007 0.736
4.477917e-007 0.731
4.481917e-007 0.733
4.485917e-007 0.734
4.489917e-007 0.73
4.493917e-007 0.73
4.497917e-007 0.73
4.501917e-007 0.725
4.505917e-007 0.719
4.509917e-007 0.72
4.513917e-007 0.723
4.517917e-007 0.719
4.521917e-007 0.719
4.525917e-007 0.719
4.529917e-007 0.726
4.533917e-007 0.728
4.537917e-007 0.728
4.541917e-007 0.728
4.545917e-007 0.738
4.549917e-007 0.74
4.553917e-007 0.743
4.557917e-007 0.742
4.561917e-007 0.735
4.565917e-007 0.743
4.569917e-007 0.738
4.573917e-007 0.739
4.577917e-007 0.741
4.581917e-007 0.738
4.585917e-007 0.74
4.589917e-007 0.737
4.593917e-007 0.738
4.597917e-007 0.737
4.601917e-007 0.733
4.605917e-007 0.728
4.609917e-007 0.731
4.613917e-007 0.729
4.617917e-007 0.728
4.621917e-007 0.723
4.625917e-007 0.727
4.629917e-007 0.722
4.633917e-007 0.725
4.637917e-007 0.72
4.641917e-007 0.728
4.645917e-007 0.727
4.649917e-007 0.732
4.653917e-007 0.728
4.657917e-007 0.732
4.661917e-007 0.733
4.665917e-007 0.732
4.669917e-007 0.733
4.673917e-007 0.736
4.677917e-007 0.735
4.681917e-007 0.733
4.685917e-007 0.733
4.689917e-007 0.731
4.693917e-007 0.738
4.697917e-007 0.733
4.701917e-007 0.732
4.705917e-007 0.731
4.709917e-007 0.733
4.713917e-007 0.735
4.717917e-007 0.728
4.721917e-007 0.733
4.725917e-007 0.729
4.729917e-007 0.724
4.733917e-007 0.717
4.737917e-007 0.726
4.741917e-007 0.727
4.745917e-007 0.725
4.749917e-007 0.718
4.753917e-007 0.721
4.757917e-007 0.729
4.761917e-007 0.727
4.765917e-007 0.726
4.769917e-007 0.731
4.773917e-007 0.731
4.777917e-007 0.731
4.781917e-007 0.732
4.785917e-007 0.731
4.789917e-007 0.729
4.793917e-007 0.73
4.797917e-007 0.725
4.801917e-007 0.73
4.805917e-007 0.728
4.809917e-007 0.727
4.813917e-007 0.726
4.817917e-007 0.727
4.821917e-007 0.728
4.825917e-007 0.73
4.829917e-007 0.719
4.833917e-007 0.729
4.837917e-007 0.722
4.841917e-007 0.724
4.845917e-007 0.726
4.849917e-007 0.726
4.853917e-007 0.732
4.857917e-007 0.727
4.861917e-007 0.728
4.865917e-007 0.728
4.869917e-007 0.726
4.873917e-007 0.73
4.877917e-007 0.725
4.881917e-007 0.722
4.885917e-007 0.725
4.889917e-007 0.72
4.893917e-007 0.723
4.897917e-007 0.723
4.901917e-007 0.729
4.905917e-007 0.73
4.909917e-007 0.724
4.913917e-007 0.725
4.917917e-007 0.725
4.921917e-007 0.729
4.925917e-007 0.723
4.929917e-007 0.721
4.933917e-007 0.726
4.937917e-007 0.73
4.941917e-007 0.724
4.945917e-007 0.728
4.949917e-007 0.729
4.953917e-007 0.727
4.957917e-007 0.717
4.961917e-007 0.726
4.965917e-007 0.728
4.969917e-007 0.731
4.973917e-007 0.727
4.977917e-007 0.729
4.981917e-007 0.723
4.985917e-007 0.732
4.989917e-007 0.727
4.993917e-007 0.739
4.997917e-007 0.879
5.001917e-007 1.104
5.005917e-007 1.23
5.009917e-007 1.32
5.013917e-007 1.402
5.017917e-007 1.448
5.021917e-007 1.507
5.025917e-007 1.556
5.029917e-007 1.572
5.033917e-007 1.576
5.037917e-007 1.56
5.041917e-007 1.551
5.045917e-007 1.539
5.049917e-007 1.531
5.053917e-007 1.525
5.057917e-007 1.517
5.061917e-007 1.518
5.065917e-007 1.512
5.069917e-007 1.496
5.073917e-007 1.49
5.077917e-007 1.476
5.081917e-007 1.463
5.085917e-007 1.452
5.089917e-007 1.458
5.093917e-007 1.47
5.097917e-007 1.49
5.101917e-007 1.513
5.105917e-007 1.531
5.109917e-007 1.541
5.113917e-007 1.548
5.117917e-007 1.546
5.121917e-007 1.539
5.125917e-007 1.512
5.129917e-007 1.496
5.133917e-007 1.475
5.137917e-007 1.466
5.141917e-007 1.46
5.145917e-007 1.468
5.149917e-007 1.473
5.153917e-007 1.495
5.157917e-007 1.511
5.161917e-007 1.53
5.165917e-007 1.542
5.169917e-007 1.56
5.173917e-007 1.571
5.177917e-007 1.587
5.181917e-007 1.588
5.185917e-007 1.592
5.189917e-007 1.589
5.193917e-007 1.581
5.197917e-007 1.569
5.201917e-007 1.56
5.205917e-007 1.542
5.209917e-007 1.532
5.213917e-007 1.514
5.217917e-007 1.5
5.221917e-007 1.495
5.225917e-007 1.502
5.229917e-007 1.505
5.233917e-007 1.512
5.237917e-007 1.519
5.241917e-007 1.531
5.245917e-007 1.534
5.249917e-007 1.549
5.253917e-007 1.548
5.257917e-007 1.548
5.261917e-007 1.55
5.265917e-007 1.547
5.269917e-007 1.548
5.273917e-007 1.547
5.277917e-007 1.557
5.281917e-007 1.552
5.285917e-007 1.556
5.289917e-007 1.568
5.293917e-007 1.576
5.297917e-007 1.584
5.301917e-007 1.583
5.305917e-007 1.583
5.309917e-007 1.573
5.313917e-007 1.564
5.317917e-007 1.556
5.321917e-007 1.543
5.325917e-007 1.537
5.329917e-007 1.535
5.333917e-007 1.526
5.337917e-007 1.53
5.341917e-007 1.53
5.345917e-007 1.533
5.349917e-007 1.535
5.353917e-007 1.538
5.357917e-007 1.54
5.361917e-007 1.542
5.365917e-007 1.542
5.369917e-007 1.545
5.373917e-007 1.545
5.377917e-007 1.554
5.381917e-007 1.555
5.385917e-007 1.56
5.389917e-007 1.569
5.393917e-007 1.574
5.397917e-007 1.579
5.401917e-007 1.58
5.405917e-007 1.575
5.409917e-007 1.58
5.413917e-007 1.575
5.417917e-007 1.564
5.421917e-007 1.559
5.425917e-007 1.555
5.429917e-007 1.543
5.433917e-007 1.547
5.437917e-007 1.538
5.441917e-007 1.543
5.445917e-007 1.536
5.449917e-007 1.542
5.453917e-007 1.542
5.457917e-007 1.546
5.461917e-007 1.549
5.465917e-007 1.554
5.469917e-007 1.553
5.473917e-007 1.557
5.477917e-007 1.555
5.481917e-007 1.554
5.485917e-007 1.562
5.489917e-007 1.56
5.493917e-007 1.558
5.497917e-007 1.566
5.501917e-007 1.56
5.505917e-007 1.57
5.509917e-007 1.568
5.513917e-007 1.57
5.517917e-007 1.57
5.521917e-007 1.572
5.525917e-007 1.569
5.529917e-007 1.566
5.533917e-007 1.562
5.537917e-007 1.563
5.541917e-007 1.557
5.545917e-007 1.556
5.549917e-007 1.553
5.553917e-007 1.555
5.557917e-007 1.554
5.561917e-007 1.55
5.565917e-007 1.548
5.569917e-007 1.556
5.573917e-007 1.555
5.577917e-007 1.558
5.581917e-007 1.556
5.585917e-007 1.563
5.589917e-007 1.559
5.593917e-007 1.56
5.597917e-007 1.56
5.601917e-007 1.565
5.605917e-007 1.559
5.609917e-007 1.562
5.613917e-007 1.563
5.617917e-007 1.567
5.621917e-007 1.565
5.625917e-007 1.565
5.629917e-007 1.565
5.633917e-007 1.567
5.637917e-007 1.557
5.641917e-007 1.556
5.645917e-007 1.555
5.649917e-007 1.561
5.653917e-007 1.555
5.657917e-007 1.558
5.661917e-007 1.553
5.665917e-007 1.555
5.669917e-007 1.555
5.673917e-007 1.551
5.677917e-007 1.549
5.681917e-007 1.554
5.685917e-007 1.553
5.689917e-007 1.558
5.693917e-007 1.55
5.697917e-007 1.557
5.701917e-007 1.558
5.705917e-007 1.557
5.709917e-007 1.559
5.713917e-007 1.564
5.717917e-007 1.564
5.721917e-007 1.566
5.725917e-007 1.565
5.729917e-007 1.571
5.733917e-007 1.567
5.737917e-007 1.569
5.741917e-007 1.56
5.745917e-007 1.565
5.749917e-007 1.562
5.753917e-007 1.558
5.757917e-007 1.558
5.761917e-007 1.559
5.765917e-007 1.552
5.769917e-007 1.561
5.773917e-007 1.551
5.777917e-007 1.56
5.781917e-007 1.554
5.785917e-007 1.556
5.789917e-007 1.557
5.793917e-007 1.559
5.797917e-007 1.562
5.801917e-007 1.561
5.805917e-007 1.565
5.809917e-007 1.563
5.813917e-007 1.566
5.817917e-007 1.566
5.821917e-007 1.561
5.825917e-007 1.568
5.829917e-007 1.566
5.833917e-007 1.566
5.837917e-007 1.559
5.841917e-007 1.563
5.845917e-007 1.563
5.849917e-007 1.561
5.853917e-007 1.559
5.857917e-007 1.564
5.861917e-007 1.558
5.865917e-007 1.563
5.869917e-007 1.558
5.873917e-007 1.559
5.877917e-007 1.563
5.881917e-007 1.558
5.885917e-007 1.561
5.889917e-007 1.565
5.893917e-007 1.556
5.897917e-007 1.561
5.901917e-007 1.558
5.905917e-007 1.566
5.909917e-007 1.561
5.913917e-007 1.563
5.917917e-007 1.563
5.921917e-007 1.563
5.925917e-007 1.56
5.929917e-007 1.565
5.933917e-007 1.555
5.937917e-007 1.564
5.941917e-007 1.559
5.945917e-007 1.562
5.949917e-007 1.561
5.953917e-007 1.565
5.957917e-007 1.562
5.961917e-007 1.562
5.965917e-007 1.558
5.969917e-007 1.56
5.973917e-007 1.562
5.977917e-007 1.557
5.981917e-007 1.561
5.985917e-007 1.563
5.989917e-007 1.557
5.993917e-007 1.547
5.997917e-007 1.398
6.001917e-007 1.183
6.005917e-007 1.061
6.009917e-007 0.963
6.013917e-007 0.886
6.017917e-007 0.829
6.021917e-007 0.776
6.025917e-007 0.732
6.029917e-007 0.718
6.033917e-007 0.723
6.037917e-007 0.736
6.041917e-007 0.75
6.045917e-007 0.761
6.049917e-007 0.779
6.053917e-007 0.784
6.057917e-007 0.795
6.061917e-007 0.796
6.065917e-007 0.807
6.069917e-007 0.814
6.073917e-007 0.817
6.077917e-007 0.833
6.081917e-007 0.846
6.085917e-007 0.851
6.089917e-007 0.849
6.093917e-007 0.835
6.097917e-007 0.818
6.101917e-007 0.795
6.105917e-007 0.782
6.109917e-007 0.765
6.113917e-007 0.757
6.117917e-007 0.756
6.121917e-007 0.778
6.125917e-007 0.792
6.129917e-007 0.813
6.133917e-007 0.832
6.137917e-007 0.839
6.141917e-007 0.849
6.145917e-007 0.85
6.149917e-007 0.831
6.153917e-007 0.82
6.157917e-007 0.798
6.161917e-007 0.783
6.165917e-007 0.764
6.169917e-007 0.746
6.173917e-007 0.726
6.177917e-007 0.717
6.181917e-007 0.708
6.185917e-007 0.706
6.189917e-007 0.711
6.193917e-007 0.72
6.197917e-007 0.732
6.201917e-007 0.745
6.205917e-007 0.758
6.209917e-007 0.772
6.213917e-007 0.787
6.217917e-007 0.797
6.221917e-007 0.808
6.225917e-007 0.809
6.229917e-007 0.805
6.233917e-007 0.795
6.237917e-007 0.788
6.241917e-007 0.776
6.245917e-007 0.767
6.249917e-007 0.755
6.253917e-007 0.747
6.257917e-007 0.748
6.261917e-007 0.749
6.265917e-007 0.754
6.269917e-007 0.745
6.273917e-007 0.749
6.277917e-007 0.748
6.281917e-007 0.744
6.285917e-007 0.733
6.289917e-007 0.721
6.293917e-007 0.725
6.297917e-007 0.715
6.301917e-007 0.713
6.305917e-007 0.718
6.309917e-007 0.726
6.313917e-007 0.736
6.317917e-007 0.742
6.321917e-007 0.754
6.325917e-007 0.76
6.329917e-007 0.768
6.333917e-007 0.774
6.337917e-007 0.772
6.341917e-007 0.771
6.345917e-007 0.767
6.349917e-007 0.767
6.353917e-007 0.763
6.357917e-007 0.759
6.361917e-007 0.756
6.365917e-007 0.757
6.369917e-007 0.755
6.373917e-007 0.751
6.377917e-007 0.747
6.381917e-007 0.737
6.385917e-007 0.735
6.389917e-007 0.729
6.393917e-007 0.72
6.397917e-007 0.711
6.401917e-007 0.707
6.405917e-007 0.707
6.409917e-007 0.706
6.413917e-007 0.706
6.417917e-007 0.715
6.421917e-007 0.728
6.425917e-007 0.739
6.429917e-007 0.738
6.433917e-007 0.75
6.437917e-007 0.752
6.441917e-007 0.759
6.445917e-007 0.754
6.449917e-007 0.755
6.453917e-007 0.755
6.457917e-007 0.751
6.461917e-007 0.746
6.465917e-007 0.744
6.469917e-007 0.741
6.473917e-007 0.739
6.477917e-007 0.738
6.481917e-007 0.737
6.485917e-007 0.735
6.489917e-007 0.735
6.493917e-007 0.723
6.497917e-007 0.729
6.501917e-007 0.721
6.505917e-007 0.722
6.509917e-007 0.712
6.513917e-007 0.711
6.517917e-007 0.711
6.521917e-007 0.721
6.525917e-007 0.722
6.529917e-007 0.722
6.533917e-007 0.728
6.537917e-007 0.73
6.541917e-007 0.727
6.545917e-007 0.739
6.549917e-007 0.735
6.553917e-007 0.74
6.557917e-007 0.739
6.561917e-007 0.739
6.565917e-007 0.739
6.569917e-007 0.741
6.573917e-007 0.736
6.577917e-007 0.737
6.581917e-007 0.732
6.585917e-007 0.734
6.589917e-007 0.736
6.593917e-007 0.737
6.597917e-007 0.735
6.601917e-007 0.726
6.605917e-007 0.725
6.609917e-007 0.732
6.613917e-007 0.721
6.617917e-007 0.722
6.621917e-007 0.715
6.625917e-007 0.719
6.629917e-007 0.719
6.633917e-007 0.724
6.637917e-007 0.723
6.641917e-007 0.725
6.645917e-007 0.728
6.649917e-007 0.727
6.653917e-007 0.724
6.657917e-007 0.732
6.661917e-007 0.731
6.665917e-007 0.734
6.669917e-007 0.729
6.673917e-007 0.732
6.677917e-007 0.734
6.681917e-007 0.735
6.685917e-007 0.734
6.689917e-007 0.733
6.693917e-007 0.73
6.697917e-007 0.734
6.701917e-007 0.731
6.705917e-007 0.73
6.709917e-007 0.726
6.713917e-007 0.729
6.717917e-007 0.725
6.721917e-007 0.725
6.725917e-007 0.727
6.729917e-007 0.723
6.733917e-007 0.718
6.737917e-007 0.718
6.741917e-007 0.717
6.745917e-007 0.718
6.749917e-007 0.715
6.753917e-007 0.721
6.757917e-007 0.723
6.761917e-007 0.727
6.765917e-007 0.727
6.769917e-007 0.728
6.773917e-007 0.73
6.777917e-007 0.734
6.781917e-007 0.734
6.785917e-007 0.734
6.789917e-007 0.736
6.793917e-007 0.735
6.797917e-007 0.726
6.801917e-007 0.728
6.805917e-007 0.729
6.809917e-007 0.725
6.813917e-007 0.724
6.817917e-007 0.726
6.821917e-007 0.727
6.825917e-007 0.719
6.829917e-007 0.718
6.833917e-007 0.717
6.837917e-007 0.722
6.841917e-007 0.722
6.845917e-007 0.721
6.849917e-007 0.722
6.853917e-007 0.72
6.857917e-007 0.731
6.861917e-007 0.729
6.865917e-007 0.734
6.869917e-007 0.732
6.873917e-007 0.733
6.877917e-007 0.729
6.881917e-007 0.731
6.885917e-007 0.728
6.889917e-007 0.729
6.893917e-007 0.724
6.897917e-007 0.728
6.901917e-007 0.723
6.905917e-007 0.726
6.909917e-007 0.721
6.913917e-007 0.728
6.917917e-007 0.721
6.921917e-007 0.725
6.925917e-007 0.725
6.929917e-007 0.73
6.933917e-007 0.723
6.937917e-007 0.726
6.941917e-007 0.722
6.945917e-007 0.724
6.949917e-007 0.724
6.953917e-007 0.727
6.957917e-007 0.725
6.961917e-007 0.726
6.965917e-007 0.725
6.969917e-007 0.721
6.973917e-007 0.72
6.977917e-007 0.727
6.981917e-007 0.727
6.985917e-007 0.728
6.989917e-007 0.729
6.993917e-007 0.742
6.997917e-007 0.883
7.001917e-007 1.112
7.005917e-007 1.236
7.009917e-007 1.327
7.013917e-007 1.405
7.017917e-007 1.454
7.021917e-007 1.509
7.025917e-007 1.558
7.029917e-007 1.578
7.033917e-007 1.577
7.037917e-007 1.565
7.041917e-007 1.552
7.045917e-007 1.53
7.049917e-007 1.527
7.053917e-007 1.518
7.057917e-007 1.514
7.061917e-007 1.508
7.065917e-007 1.504
7.069917e-007 1.494
7.073917e-007 1.491
7.077917e-007 1.478
7.081917e-007 1.456
7.085917e-007 1.446
7.089917e-007 1.458
7.093917e-007 1.467
7.097917e-007 1.493
7.101917e-007 1.518
7.105917e-007 1.535
7.109917e-007 1.547
7.113917e-007 1.557
7.117917e-007 1.55
7.121917e-007 1.54
7.125917e-007 1.518
7.129917e-007 1.498
7.133917e-007 1.478
7.137917e-007 1.468
7.141917e-007 1.462
7.145917e-007 1.466
7.149917e-007 1.475
7.153917e-007 1.492
7.157917e-007 1.504
7.161917e-007 1.526
7.165917e-007 1.537
7.169917e-007 1.547
7.173917e-007 1.563
7.177917e-007 1.573
7.181917e-007 1.587
7.185917e-007 1.589
7.189917e-007 1.586
7.193917e-007 1.578
7.197917e-007 1.569
7.201917e-007 1.561
7.205917e-007 1.55
7.209917e-007 1.532
7.213917e-007 1.525
7.217917e-007 1.515
7.221917e-007 1.506
7.225917e-007 1.504
7.229917e-007 1.503
7.233917e-007 1.522
7.237917e-007 1.52
7.241917e-007 1.533
7.245917e-007 1.539
7.249917e-007 1.544
7.253917e-007 1.542
7.257917e-007 1.546
7.261917e-007 1.54
7.265917e-007 1.546
7.269917e-007 1.544
7.273917e-007 1.544
7.277917e-007 1.54
7.281917e-007 1.553
7.285917e-007 1.553
7.289917e-007 1.562
7.293917e-007 1.572
7.297917e-007 1.58
7.301917e-007 1.58
7.305917e-007 1.581
7.309917e-007 1.571
7.313917e-007 1.567
7.317917e-007 1.557
7.321917e-007 1.543
7.325917e-007 1.539
7.329917e-007 1.539
7.333917e-007 1.527
7.337917e-007 1.534
7.341917e-007 1.532
7.345917e-007 1.543
7.349917e-007 1.544
7.353917e-007 1.538
7.357917e-007 1.539
7.361917e-007 1.543
7.365917e-007 1.542
7.369917e-007 1.537
7.373917e-007 1.539
7.377917e-007 1.546
7.381917e-007 1.548
7.385917e-007 1.556
7.389917e-007 1.562
7.393917e-007 1.566
7.397917e-007 1.571
7.401917e-007 1.578
7.405917e-007 1.581
7.409917e-007 1.584
7.413917e-007 1.577
7.417917e-007 1.575
7.421917e-007 1.568
7.425917e-007 1.564
7.429917e-007 1.558
7.433917e-007 1.55
7.437917e-007 1.548
7.441917e-007 1.544
7.445917e-007 1.544
7.449917e-007 1.538
7.453917e-007 1.543
7.457917e-007 1.545
7.461917e-007 1.544
7.465917e-007 1.548
7.469917e-007 1.547
7.473917e-007 1.545
7.477917e-007 1.547
7.481917e-007 1.55
7.485917e-007 1.551
7.489917e-007 1.557
7.493917e-007 1.552
7.497917e-007 1.563
7.501917e-007 1.559
7.505917e-007 1.568
7.509917e-007 1.56
7.513917e-007 1.572
7.517917e-007 1.569
7.521917e-007 1.569
7.525917e-007 1.569
7.529917e-007 1.561
7.533917e-007 1.556
7.537917e-007 1.566
7.541917e-007 1.558
7.545917e-007 1.561
7.549917e-007 1.56
7.553917e-007 1.555
7.557917e-007 1.553
7.561917e-007 1.56
7.565917e-007 1.557
7.569917e-007 1.562
7.573917e-007 1.552
7.577917e-007 1.554
7.581917e-007 1.557
7.585917e-007 1.566
7.589917e-007 1.549
7.593917e-007 1.555
7.597917e-007 1.55
7.601917e-007 1.554
7.605917e-007 1.555
7.609917e-007 1.557
7.613917e-007 1.552
7.617917e-007 1.567
7.621917e-007 1.566
7.625917e-007 1.566
7.629917e-007 1.568
7.633917e-007 1.572
7.637917e-007 1.571
7.641917e-007 1.566
7.645917e-007 1.565
7.649917e-007 1.563
7.653917e-007 1.566
7.657917e-007 1.56
7.661917e-007 1.561
7.665917e-007 1.563
7.669917e-007 1.556
7.673917e-007 1.562
7.677917e-007 1.556
7.681917e-007 1.56
7.685917e-007 1.564
7.689917e-007 1.554
7.693917e-007 1.555
7.697917e-007 1.556
7.701917e-007 1.555
7.705917e-007 1.554
7.709917e-007 1.551
7.713917e-007 1.559
7.717917e-007 1.553
7.721917e-007 1.557
7.725917e-007 1.562
7.729917e-007 1.564
7.733917e-007 1.562
7.737917e-007 1.564
7.741917e-007 1.56
7.745917e-007 1.573
7.749917e-007 1.566
7.753917e-007 1.568
7.757917e-007 1.566
7.761917e-007 1.564
7.765917e-007 1.564
7.769917e-007 1.564
7.773917e-007 1.563
7.777917e-007 1.564
7.781917e-007 1.558
7.785917e-007 1.56
7.789917e-007 1.559
7.793917e-007 1.556
7.797917e-007 1.554
7.801917e-007 1.553
7.805917e-007 1.556
7.809917e-007 1.562
7.813917e-007 1.559
7.817917e-007 1.557
7.821917e-007 1.555
7.825917e-007 1.56
7.829917e-007 1.564
7.833917e-007 1.565
7.837917e-007 1.562
7.841917e-007 1.565
7.845917e-007 1.566
7.849917e-007 1.568
7.853917e-007 1.566
7.857917e-007 1.564
7.861917e-007 1.567
7.865917e-007 1.564
7.869917e-007 1.564
7.873917e-007 1.565
7.877917e-007 1.561
7.881917e-007 1.56
7.885917e-007 1.567
7.889917e-007 1.567
7.893917e-007 1.562
7.897917e-007 1.566
7.901917e-007 1.557
7.905917e-007 1.561
7.909917e-007 1.559
7.913917e-007 1.558
7.917917e-007 1.554
7.921917e-007 1.558
7.925917e-007 1.56
7.929917e-007 1.552
7.933917e-007 1.55
7.937917e-007 1.553
7.941917e-007 1.557
7.945917e-007 1.554
7.949917e-007 1.556
7.953917e-007 1.56
7.957917e-007 1.565
7.961917e-007 1.562
7.965917e-007 1.565
7.969917e-007 1.57
7.973917e-007 1.572
7.977917e-007 1.572
7.981917e-007 1.573
7.985917e-007 1.568
7.989917e-007 1.566
7.993917e-007 1.558
7.997917e-007 1.433
8.001917e-007 1.216
8.005917e-007 1.078
8.009917e-007 0.975
8.013917e-007 0.888
8.017917e-007 0.835
8.021917e-007 0.778
8.025917e-007 0.728
8.029917e-007 0.705
8.033917e-007 0.712
8.037917e-007 0.725
8.041917e-007 0.746
8.045917e-007 0.76
8.049917e-007 0.776
8.053917e-007 0.793
8.057917e-007 0.794
8.061917e-007 0.797
8.065917e-007 0.807
8.069917e-007 0.818
8.073917e-007 0.82
8.077917e-007 0.835
8.081917e-007 0.852
8.085917e-007 0.854
8.089917e-007 0.859
8.093917e-007 0.845
8.097917e-007 0.827
8.101917e-007 0.808
8.105917e-007 0.788
8.109917e-007 0.769
8.113917e-007 0.764
8.117917e-007 0.761
8.121917e-007 0.77
8.125917e-007 0.788
8.129917e-007 0.809
8.133917e-007 0.825
8.137917e-007 0.845
8.141917e-007 0.849
8.145917e-007 0.844
8.149917e-007 0.834
8.153917e-007 0.818
8.157917e-007 0.797
8.161917e-007 0.788
8.165917e-007 0.767
8.169917e-007 0.752
8.173917e-007 0.736
8.177917e-007 0.729
8.181917e-007 0.721
8.185917e-007 0.715
8.189917e-007 0.714
8.193917e-007 0.727
8.197917e-007 0.737
8.201917e-007 0.751
8.205917e-007 0.764
8.209917e-007 0.778
8.213917e-007 0.788
8.217917e-007 0.8
8.221917e-007 0.804
8.225917e-007 0.808
8.229917e-007 0.802
8.233917e-007 0.794
8.237917e-007 0.783
8.241917e-007 0.776
8.245917e-007 0.759
8.249917e-007 0.749
8.253917e-007 0.747
8.257917e-007 0.746
8.261917e-007 0.742
8.265917e-007 0.749
8.269917e-007 0.747
8.273917e-007 0.752
8.277917e-007 0.748
8.281917e-007 0.745
8.285917e-007 0.738
8.289917e-007 0.728
8.293917e-007 0.722
8.297917e-007 0.723
8.301917e-007 0.72
8.305917e-007 0.721
8.309917e-007 0.726
8.313917e-007 0.738
8.317917e-007 0.747
8.321917e-007 0.758
8.325917e-007 0.762
8.329917e-007 0.768
8.333917e-007 0.77
8.337917e-007 0.768
8.341917e-007 0.768
8.345917e-007 0.763
8.349917e-007 0.761
8.353917e-007 0.755
8.357917e-007 0.755
8.361917e-007 0.757
8.365917e-007 0.748
8.369917e-007 0.745
8.373917e-007 0.743
8.377917e-007 0.746
8.381917e-007 0.739
8.385917e-007 0.736
8.389917e-007 0.732
8.393917e-007 0.728
8.397917e-007 0.719
8.401917e-007 0.72
8.405917e-007 0.713
8.409917e-007 0.712
8.413917e-007 0.714
8.417917e-007 0.726
8.421917e-007 0.727
8.425917e-007 0.735
8.429917e-007 0.736
8.433917e-007 0.745
8.437917e-007 0.751
8.441917e-007 0.762
8.445917e-007 0.755
8.449917e-007 0.752
8.453917e-007 0.751
8.457917e-007 0.747
8.461917e-007 0.741
8.465917e-007 0.741
8.469917e-007 0.742
8.473917e-007 0.733
8.477917e-007 0.732
8.481917e-007 0.734
8.485917e-007 0.731
8.489917e-007 0.733
8.493917e-007 0.729
8.497917e-007 0.726
8.501917e-007 0.724
8.505917e-007 0.727
8.509917e-007 0.722
8.513917e-007 0.725
8.517917e-007 0.723
8.521917e-007 0.724
8.525917e-007 0.724
8.529917e-007 0.73
8.533917e-007 0.73
8.537917e-007 0.735
8.541917e-007 0.735
8.545917e-007 0.736
8.549917e-007 0.737
8.553917e-007 0.74
8.557917e-007 0.736
8.561917e-007 0.742
8.565917e-007 0.735
8.569917e-007 0.735
8.573917e-007 0.728
8.577917e-007 0.735
8.581917e-007 0.733
8.585917e-007 0.735
8.589917e-007 0.734
8.593917e-007 0.733
8.597917e-007 0.738
8.601917e-007 0.738
8.605917e-007 0.73
8.609917e-007 0.731
8.613917e-007 0.728
8.617917e-007 0.727
8.621917e-007 0.722
8.625917e-007 0.721
8.629917e-007 0.723
8.633917e-007 0.726
8.637917e-007 0.722
8.641917e-007 0.732
8.645917e-007 0.724
8.649917e-007 0.727
8.653917e-007 0.731
8.657917e-007 0.729
8.661917e-007 0.733
8.665917e-007 0.729
8.669917e-007 0.731
8.673917e-007 0.726
8.677917e-007 0.731
8.681917e-007 0.732
8.685917e-007 0.727
8.689917e-007 0.737
8.693917e-007 0.727
8.697917e-007 0.736
8.701917e-007 0.732
8.705917e-007 0.733
8.709917e-007 0.732
8.713917e-007 0.731
8.717917e-007 0.731
8.721917e-007 0.725
8.725917e-007 0.728
8.729917e-007 0.732
8.733917e-007 0.721
8.737917e-007 0.726
8.741917e-007 0.727
8.745917e-007 0.722
8.749917e-007 0.718
8.753917e-007 0.724
8.757917e-007 0.721
8.761917e-007 0.73
8.765917e-007 0.723
8.769917e-007 0.732
8.773917e-007 0.727
8.777917e-007 0.735
8.781917e-007 0.728
