-1.221344e-007 0.731
-1.217344e-007 0.732
-1.213344e-007 0.732
-1.209344e-007 0.734
-1.205344e-007 0.733
-1.201344e-007 0.732
-1.197344e-007 0.728
-1.193344e-007 0.731
-1.189344e-007 0.724
-1.185344e-007 0.725
-1.181344e-007 0.73
-1.177344e-007 0.73
-1.173344e-007 0.724
-1.169344e-007 0.724
-1.165344e-007 0.721
-1.161344e-007 0.731
-1.157344e-007 0.722
-1.153344e-007 0.729
-1.149344e-007 0.729
-1.145344e-007 0.727
-1.141344e-007 0.725
-1.137344e-007 0.728
-1.133344e-007 0.724
-1.129344e-007 0.733
-1.125344e-007 0.733
-1.121344e-007 0.726
-1.117344e-007 0.732
-1.113344e-007 0.728
-1.109344e-007 0.723
-1.105344e-007 0.728
-1.101344e-007 0.725
-1.097344e-007 0.728
-1.093344e-007 0.727
-1.089344e-007 0.731
-1.085344e-007 0.722
-1.081344e-007 0.728
-1.077344e-007 0.729
-1.073344e-007 0.724
-1.069344e-007 0.728
-1.065344e-007 0.732
-1.061344e-007 0.735
-1.057344e-007 0.731
-1.053344e-007 0.734
-1.049344e-007 0.73
-1.045344e-007 0.725
-1.041344e-007 0.73
-1.037344e-007 0.725
-1.033344e-007 0.734
-1.029344e-007 0.734
-1.025344e-007 0.733
-1.021344e-007 0.731
-1.017344e-007 0.733
-1.013344e-007 0.73
-1.009344e-007 0.728
-1.005344e-007 0.74
-1.001344e-007 0.873
-9.97344e-008 1.092
-9.93344e-008 1.23
-9.89344e-008 1.316
-9.85344e-008 1.404
-9.81344e-008 1.452
-9.77344e-008 1.506
-9.73344e-008 1.554
-9.69344e-008 1.569
-9.65344e-008 1.566
-9.61344e-008 1.564
-9.57344e-008 1.544
-9.53344e-008 1.535
-9.49344e-008 1.529
-9.45344e-008 1.523
-9.41344e-008 1.515
-9.37344e-008 1.511
-9.33344e-008 1.503
-9.29344e-008 1.5
-9.25344e-008 1.492
-9.21344e-008 1.483
-9.17344e-008 1.466
-9.13344e-008 1.457
-9.09344e-008 1.456
-9.05344e-008 1.464
-9.01344e-008 1.489
-8.97344e-008 1.519
-8.93344e-008 1.527
-8.89344e-008 1.541
-8.85344e-008 1.55
-8.81344e-008 1.55
-8.77344e-008 1.533
-8.73344e-008 1.516
-8.69344e-008 1.49
-8.65344e-008 1.478
-8.61344e-008 1.459
-8.57344e-008 1.455
-8.53344e-008 1.455
-8.49344e-008 1.473
-8.45344e-008 1.485
-8.41344e-008 1.512
-8.37344e-008 1.532
-8.33344e-008 1.552
-8.29344e-008 1.56
-8.25344e-008 1.571
-8.21344e-008 1.587
-8.17344e-008 1.595
-8.13344e-008 1.594
-8.09344e-008 1.596
-8.05344e-008 1.583
-8.01344e-008 1.574
-7.97344e-008 1.553
-7.93344e-008 1.545
-7.89344e-008 1.529
-7.85344e-008 1.521
-7.81344e-008 1.506
-7.77344e-008 1.507
-7.73344e-008 1.501
-7.69344e-008 1.501
-7.65344e-008 1.508
-7.61344e-008 1.515
-7.57344e-008 1.524
-7.53344e-008 1.538
-7.49344e-008 1.539
-7.45344e-008 1.549
-7.41344e-008 1.549
-7.37344e-008 1.55
-7.33344e-008 1.553
-7.29344e-008 1.55
-7.25344e-008 1.558
-7.21344e-008 1.56
-7.17344e-008 1.558
-7.13344e-008 1.566
-7.09344e-008 1.569
-7.05344e-008 1.584
-7.01344e-008 1.579
-6.97344e-008 1.581
-6.93344e-008 1.575
-6.89344e-008 1.569
-6.85344e-008 1.56
-6.81344e-008 1.55
-6.77344e-008 1.541
-6.73344e-008 1.539
-6.69344e-008 1.531
-6.65344e-008 1.534
-6.61344e-008 1.53
-6.57344e-008 1.537
-6.53344e-008 1.532
-6.49344e-008 1.538
-6.45344e-008 1.544
-6.41344e-008 1.543
-6.37344e-008 1.548
-6.33344e-008 1.544
-6.29344e-008 1.546
-6.25344e-008 1.553
-6.21344e-008 1.552
-6.17344e-008 1.558
-6.13344e-008 1.561
-6.09344e-008 1.569
-6.05344e-008 1.566
-6.01344e-008 1.569
-5.97344e-008 1.578
-5.93344e-008 1.578
-5.89344e-008 1.58
-5.85344e-008 1.573
-5.81344e-008 1.573
-5.77344e-008 1.569
-5.73344e-008 1.554
-5.69344e-008 1.552
-5.65344e-008 1.549
-5.61344e-008 1.547
-5.57344e-008 1.545
-5.53344e-008 1.54
-5.49344e-008 1.545
-5.45344e-008 1.547
-5.41344e-008 1.549
-5.37344e-008 1.552
-5.33344e-008 1.55
-5.29344e-008 1.556
-5.25344e-008 1.554
-5.21344e-008 1.554
-5.17344e-008 1.551
-5.13344e-008 1.56
-5.09344e-008 1.559
-5.05344e-008 1.564
-5.01344e-008 1.563
-4.97344e-008 1.572
-4.93344e-008 1.568
-4.89344e-008 1.576
-4.85344e-008 1.574
-4.81344e-008 1.575
-4.77344e-008 1.575
-4.73344e-008 1.574
-4.69344e-008 1.57
-4.65344e-008 1.562
-4.61344e-008 1.559
-4.57344e-008 1.558
-4.53344e-008 1.55
-4.49344e-008 1.557
-4.45344e-008 1.553
-4.41344e-008 1.551
-4.37344e-008 1.555
-4.33344e-008 1.552
-4.29344e-008 1.551
-4.25344e-008 1.555
-4.21344e-008 1.552
-4.17344e-008 1.563
-4.13344e-008 1.55
-4.09344e-008 1.559
-4.05344e-008 1.564
-4.01344e-008 1.564
-3.97344e-008 1.565
-3.93344e-008 1.563
-3.89344e-008 1.567
-3.85344e-008 1.574
-3.81344e-008 1.567
-3.77344e-008 1.573
-3.73344e-008 1.571
-3.69344e-008 1.571
-3.65344e-008 1.567
-3.61344e-008 1.558
-3.57344e-008 1.557
-3.53344e-008 1.56
-3.49344e-008 1.557
-3.45344e-008 1.555
-3.41344e-008 1.554
-3.37344e-008 1.559
-3.33344e-008 1.551
-3.29344e-008 1.554
-3.25344e-008 1.552
-3.21344e-008 1.556
-3.17344e-008 1.554
-3.13344e-008 1.557
-3.09344e-008 1.555
-3.05344e-008 1.556
-3.01344e-008 1.56
-2.97344e-008 1.561
-2.93344e-008 1.559
-2.89344e-008 1.565
-2.85344e-008 1.563
-2.81344e-008 1.562
-2.77344e-008 1.568
-2.73344e-008 1.566
-2.69344e-008 1.56
-2.65344e-008 1.564
-2.61344e-008 1.568
-2.57344e-008 1.567
-2.53344e-008 1.567
-2.49344e-008 1.561
-2.45344e-008 1.561
-2.41344e-008 1.564
-2.37344e-008 1.56
-2.33344e-008 1.561
-2.29344e-008 1.554
-2.25344e-008 1.565
-2.21344e-008 1.553
-2.17344e-008 1.558
-2.13344e-008 1.554
-2.09344e-008 1.557
-2.05344e-008 1.558
-2.01344e-008 1.557
-1.97344e-008 1.559
-1.93344e-008 1.564
-1.89344e-008 1.558
-1.85344e-008 1.56
-1.81344e-008 1.562
-1.77344e-008 1.562
-1.73344e-008 1.567
-1.69344e-008 1.567
-1.65344e-008 1.567
-1.61344e-008 1.564
-1.57344e-008 1.563
-1.53344e-008 1.563
-1.49344e-008 1.563
-1.45344e-008 1.565
-1.41344e-008 1.566
-1.37344e-008 1.56
-1.33344e-008 1.562
-1.29344e-008 1.563
-1.25344e-008 1.555
-1.21344e-008 1.559
-1.17344e-008 1.555
-1.13344e-008 1.554
-1.09344e-008 1.552
-1.05344e-008 1.555
-1.01344e-008 1.559
-9.734396e-009 1.564
-9.334396e-009 1.56
-8.934396e-009 1.56
-8.534396e-009 1.564
-8.134396e-009 1.566
-7.734396e-009 1.563
-7.334396e-009 1.56
-6.934396e-009 1.561
-6.534396e-009 1.566
-6.134396e-009 1.558
-5.734396e-009 1.561
-5.334396e-009 1.565
-4.934396e-009 1.564
-4.534396e-009 1.565
-4.134396e-009 1.563
-3.734396e-009 1.56
-3.334396e-009 1.56
-2.934396e-009 1.561
-2.534396e-009 1.561
-2.134396e-009 1.56
-1.734396e-009 1.565
-1.334396e-009 1.554
-9.343964e-010 1.555
-5.343964e-010 1.543
-1.343964e-010 1.408
2.656036e-010 1.185
6.656036e-010 1.056
1.065604e-009 0.963
1.465604e-009 0.888
1.865604e-009 0.832
2.265604e-009 0.775
2.665604e-009 0.732
3.065604e-009 0.719
3.465604e-009 0.725
3.865604e-009 0.74
4.265604e-009 0.752
4.665604e-009 0.765
5.065604e-009 0.775
5.465604e-009 0.787
5.865604e-009 0.795
6.265604e-009 0.802
6.665604e-009 0.807
7.065604e-009 0.815
7.465604e-009 0.82
7.865604e-009 0.833
8.265604e-009 0.846
8.665604e-009 0.851
9.065604e-009 0.855
9.465604e-009 0.843
9.865604e-009 0.826
1.02656e-008 0.803
1.06656e-008 0.785
1.10656e-008 0.769
1.14656e-008 0.761
1.18656e-008 0.762
1.22656e-008 0.777
1.26656e-008 0.801
1.30656e-008 0.816
1.34656e-008 0.838
1.38656e-008 0.846
1.42656e-008 0.857
1.46656e-008 0.848
1.50656e-008 0.839
1.54656e-008 0.821
1.58656e-008 0.802
1.62656e-008 0.783
1.66656e-008 0.765
1.70656e-008 0.748
1.74656e-008 0.736
1.78656e-008 0.723
1.82656e-008 0.714
1.86656e-008 0.707
1.90656e-008 0.712
1.94656e-008 0.726
1.98656e-008 0.744
2.02656e-008 0.751
2.06656e-008 0.77
2.10656e-008 0.777
2.14656e-008 0.789
2.18656e-008 0.806
2.22656e-008 0.808
2.26656e-008 0.807
2.30656e-008 0.808
2.34656e-008 0.796
2.38656e-008 0.784
2.42656e-008 0.777
2.46656e-008 0.772
2.50656e-008 0.763
2.54656e-008 0.757
2.58656e-008 0.753
2.62656e-008 0.753
2.66656e-008 0.754
2.70656e-008 0.755
2.74656e-008 0.753
2.78656e-008 0.745
2.82656e-008 0.739
2.86656e-008 0.732
2.90656e-008 0.732
2.94656e-008 0.723
2.98656e-008 0.72
3.02656e-008 0.72
3.06656e-008 0.726
3.10656e-008 0.735
3.14656e-008 0.742
3.18656e-008 0.76
3.22656e-008 0.765
3.26656e-008 0.771
3.30656e-008 0.775
3.34656e-008 0.78
3.38656e-008 0.779
3.42656e-008 0.776
3.46656e-008 0.77
3.50656e-008 0.766
3.54656e-008 0.76
3.58656e-008 0.758
3.62656e-008 0.757
3.66656e-008 0.756
3.70656e-008 0.76
3.74656e-008 0.753
3.78656e-008 0.749
3.82656e-008 0.743
3.86656e-008 0.735
3.90656e-008 0.731
3.94656e-008 0.717
3.98656e-008 0.716
4.02656e-008 0.717
4.06656e-008 0.717
4.10656e-008 0.717
4.14656e-008 0.719
4.18656e-008 0.728
4.22656e-008 0.738
4.26656e-008 0.743
4.30656e-008 0.741
4.34656e-008 0.75
4.38656e-008 0.756
4.42656e-008 0.754
4.46656e-008 0.753
4.50656e-008 0.752
4.54656e-008 0.753
4.58656e-008 0.753
4.62656e-008 0.754
4.66656e-008 0.747
4.70656e-008 0.747
4.74656e-008 0.747
4.78656e-008 0.743
4.82656e-008 0.739
4.86656e-008 0.74
4.90656e-008 0.733
4.94656e-008 0.737
4.98656e-008 0.729
5.02656e-008 0.728
5.06656e-008 0.722
5.10656e-008 0.721
5.14656e-008 0.72
5.18656e-008 0.719
5.22656e-008 0.723
5.26656e-008 0.729
5.30656e-008 0.728
5.34656e-008 0.727
5.38656e-008 0.734
5.42656e-008 0.737
5.46656e-008 0.737
5.50656e-008 0.742
5.54656e-008 0.745
5.58656e-008 0.744
5.62656e-008 0.742
5.66656e-008 0.741
5.70656e-008 0.749
5.74656e-008 0.746
5.78656e-008 0.748
5.82656e-008 0.744
5.86656e-008 0.747
5.90656e-008 0.74
5.94656e-008 0.74
5.98656e-008 0.739
6.02656e-008 0.737
6.06656e-008 0.733
6.10656e-008 0.73
6.14656e-008 0.725
6.18656e-008 0.724
6.22656e-008 0.722
6.26656e-008 0.726
6.30656e-008 0.724
6.34656e-008 0.722
6.38656e-008 0.721
6.42656e-008 0.719
6.46656e-008 0.733
6.50656e-008 0.73
6.54656e-008 0.736
6.58656e-008 0.734
6.62656e-008 0.74
6.66656e-008 0.737
6.70656e-008 0.739
6.74656e-008 0.737
6.78656e-008 0.736
6.82656e-008 0.735
6.86656e-008 0.738
6.90656e-008 0.739
6.94656e-008 0.734
6.98656e-008 0.733
7.02656e-008 0.736
7.06656e-008 0.732
7.10656e-008 0.726
7.14656e-008 0.733
7.18656e-008 0.731
7.22656e-008 0.723
7.26656e-008 0.728
7.30656e-008 0.715
7.34656e-008 0.724
7.38656e-008 0.724
7.42656e-008 0.727
7.46656e-008 0.724
7.50656e-008 0.729
7.54656e-008 0.73
7.58656e-008 0.731
7.62656e-008 0.734
7.66656e-008 0.742
7.70656e-008 0.735
7.74656e-008 0.738
7.78656e-008 0.732
7.82656e-008 0.737
7.86656e-008 0.738
7.90656e-008 0.735
7.94656e-008 0.728
7.98656e-008 0.732
8.02656e-008 0.733
8.06656e-008 0.724
8.10656e-008 0.725
8.14656e-008 0.729
8.18656e-008 0.733
8.22656e-008 0.731
8.26656e-008 0.732
8.30656e-008 0.726
8.34656e-008 0.727
8.38656e-008 0.728
8.42656e-008 0.727
8.46656e-008 0.728
8.50656e-008 0.727
8.54656e-008 0.731
8.58656e-008 0.726
8.62656e-008 0.733
8.66656e-008 0.728
8.70656e-008 0.733
8.74656e-008 0.733
8.78656e-008 0.74
8.82656e-008 0.739
8.86656e-008 0.733
8.90656e-008 0.728
8.94656e-008 0.735
8.98656e-008 0.729
9.02656e-008 0.73
9.06656e-008 0.722
9.10656e-008 0.724
9.14656e-008 0.722
9.18656e-008 0.715
9.22656e-008 0.717
9.26656e-008 0.727
9.30656e-008 0.719
9.34656e-008 0.727
9.38656e-008 0.716
9.42656e-008 0.718
9.46656e-008 0.73
9.50656e-008 0.727
9.54656e-008 0.722
9.58656e-008 0.727
9.62656e-008 0.728
9.66656e-008 0.73
9.70656e-008 0.735
9.74656e-008 0.731
9.78656e-008 0.737
9.82656e-008 0.736
9.86656e-008 0.733
9.90656e-008 0.731
9.94656e-008 0.739
9.98656e-008 0.868
1.002656e-007 1.091
1.006656e-007 1.226
1.010656e-007 1.315
1.014656e-007 1.4
1.018656e-007 1.445
1.022656e-007 1.511
1.026656e-007 1.55
1.030656e-007 1.567
1.034656e-007 1.568
1.038656e-007 1.553
1.042656e-007 1.54
1.046656e-007 1.53
1.050656e-007 1.523
1.054656e-007 1.516
1.058656e-007 1.509
1.062656e-007 1.513
1.066656e-007 1.505
1.070656e-007 1.504
1.074656e-007 1.495
1.078656e-007 1.482
1.082656e-007 1.469
1.086656e-007 1.458
1.090656e-007 1.452
1.094656e-007 1.467
1.098656e-007 1.485
1.102656e-007 1.515
1.106656e-007 1.529
1.110656e-007 1.546
1.114656e-007 1.55
1.118656e-007 1.548
1.122656e-007 1.526
1.126656e-007 1.508
1.130656e-007 1.493
1.134656e-007 1.478
1.138656e-007 1.461
1.142656e-007 1.452
1.146656e-007 1.455
1.150656e-007 1.468
1.154656e-007 1.484
1.158656e-007 1.507
1.162656e-007 1.528
1.166656e-007 1.548
1.170656e-007 1.557
1.174656e-007 1.568
1.178656e-007 1.58
1.182656e-007 1.591
1.186656e-007 1.595
1.190656e-007 1.593
1.194656e-007 1.584
1.198656e-007 1.573
1.202656e-007 1.551
1.206656e-007 1.538
1.210656e-007 1.53
1.214656e-007 1.521
1.218656e-007 1.508
1.222656e-007 1.502
1.226656e-007 1.496
1.230656e-007 1.505
1.234656e-007 1.503
1.238656e-007 1.515
1.242656e-007 1.522
1.246656e-007 1.526
1.250656e-007 1.54
1.254656e-007 1.545
1.258656e-007 1.543
1.262656e-007 1.55
1.266656e-007 1.546
1.270656e-007 1.552
1.274656e-007 1.551
1.278656e-007 1.556
1.282656e-007 1.556
1.286656e-007 1.561
1.290656e-007 1.57
1.294656e-007 1.579
1.298656e-007 1.577
1.302656e-007 1.581
1.306656e-007 1.58
1.310656e-007 1.575
1.314656e-007 1.561
1.318656e-007 1.549
1.322656e-007 1.542
1.326656e-007 1.537
1.330656e-007 1.529
1.334656e-007 1.526
1.338656e-007 1.527
1.342656e-007 1.53
1.346656e-007 1.529
1.350656e-007 1.532
1.354656e-007 1.539
1.358656e-007 1.54
1.362656e-007 1.542
1.366656e-007 1.543
1.370656e-007 1.547
1.374656e-007 1.55
1.378656e-007 1.55
1.382656e-007 1.555
1.386656e-007 1.558
1.390656e-007 1.562
1.394656e-007 1.563
1.398656e-007 1.571
1.402656e-007 1.58
1.406656e-007 1.581
1.410656e-007 1.577
1.414656e-007 1.57
1.418656e-007 1.567
1.422656e-007 1.566
1.426656e-007 1.554
1.430656e-007 1.553
1.434656e-007 1.547
1.438656e-007 1.546
1.442656e-007 1.549
1.446656e-007 1.543
1.450656e-007 1.547
1.454656e-007 1.551
1.458656e-007 1.549
1.462656e-007 1.552
1.466656e-007 1.547
1.470656e-007 1.558
1.474656e-007 1.55
1.478656e-007 1.546
1.482656e-007 1.554
1.486656e-007 1.555
1.490656e-007 1.549
1.494656e-007 1.556
1.498656e-007 1.56
1.502656e-007 1.564
1.506656e-007 1.565
1.510656e-007 1.569
1.514656e-007 1.572
1.518656e-007 1.577
1.522656e-007 1.576
1.526656e-007 1.57
1.530656e-007 1.569
1.534656e-007 1.565
1.538656e-007 1.555
1.542656e-007 1.559
1.546656e-007 1.558
1.550656e-007 1.557
1.554656e-007 1.554
1.558656e-007 1.552
1.562656e-007 1.553
1.566656e-007 1.551
1.570656e-007 1.55
1.574656e-007 1.554
1.578656e-007 1.553
1.582656e-007 1.558
1.586656e-007 1.557
1.590656e-007 1.556
1.594656e-007 1.562
1.598656e-007 1.558
1.602656e-007 1.56
1.606656e-007 1.565
1.610656e-007 1.569
1.614656e-007 1.572
1.618656e-007 1.571
1.622656e-007 1.577
1.626656e-007 1.579
1.630656e-007 1.576
1.634656e-007 1.57
1.638656e-007 1.57
1.642656e-007 1.56
1.646656e-007 1.566
1.650656e-007 1.558
1.654656e-007 1.555
1.658656e-007 1.561
1.662656e-007 1.561
1.666656e-007 1.555
1.670656e-007 1.556
1.674656e-007 1.557
1.678656e-007 1.557
1.682656e-007 1.557
1.686656e-007 1.547
1.690656e-007 1.55
1.694656e-007 1.557
1.698656e-007 1.552
1.702656e-007 1.552
1.706656e-007 1.558
1.710656e-007 1.562
1.714656e-007 1.56
1.718656e-007 1.558
1.722656e-007 1.562
1.726656e-007 1.569
1.730656e-007 1.566
1.734656e-007 1.569
1.738656e-007 1.567
1.742656e-007 1.574
1.746656e-007 1.567
1.750656e-007 1.565
1.754656e-007 1.568
1.758656e-007 1.566
1.762656e-007 1.566
1.766656e-007 1.559
1.770656e-007 1.561
1.774656e-007 1.562
1.778656e-007 1.557
1.782656e-007 1.557
1.786656e-007 1.553
1.790656e-007 1.558
1.794656e-007 1.555
1.798656e-007 1.553
1.802656e-007 1.556
1.806656e-007 1.559
1.810656e-007 1.559
1.814656e-007 1.559
1.818656e-007 1.563
1.822656e-007 1.564
1.826656e-007 1.567
1.830656e-007 1.568
1.834656e-007 1.568
1.838656e-007 1.574
1.842656e-007 1.567
1.846656e-007 1.571
1.850656e-007 1.566
1.854656e-007 1.564
1.858656e-007 1.57
1.862656e-007 1.566
1.866656e-007 1.562
1.870656e-007 1.566
1.874656e-007 1.56
1.878656e-007 1.558
1.882656e-007 1.562
1.886656e-007 1.559
1.890656e-007 1.554
1.894656e-007 1.556
1.898656e-007 1.551
1.902656e-007 1.56
1.906656e-007 1.558
1.910656e-007 1.556
1.914656e-007 1.563
1.918656e-007 1.564
1.922656e-007 1.558
1.926656e-007 1.564
1.930656e-007 1.562
1.934656e-007 1.564
1.938656e-007 1.566
1.942656e-007 1.562
1.946656e-007 1.564
1.950656e-007 1.566
1.954656e-007 1.567
1.958656e-007 1.565
1.962656e-007 1.562
1.966656e-007 1.566
1.970656e-007 1.559
1.974656e-007 1.564
1.978656e-007 1.561
1.982656e-007 1.564
1.986656e-007 1.561
1.990656e-007 1.56
1.994656e-007 1.545
1.998656e-007 1.413
2.002656e-007 1.189
2.006656e-007 1.064
2.010656e-007 0.969
2.014656e-007 0.885
2.018656e-007 0.836
2.022656e-007 0.774
2.026656e-007 0.729
2.030656e-007 0.725
2.034656e-007 0.726
2.038656e-007 0.746
2.042656e-007 0.76
2.046656e-007 0.771
2.050656e-007 0.783
2.054656e-007 0.792
2.058656e-007 0.802
2.062656e-007 0.8
2.066656e-007 0.806
2.070656e-007 0.819
2.074656e-007 0.822
2.078656e-007 0.842
2.082656e-007 0.847
2.086656e-007 0.854
2.090656e-007 0.855
2.094656e-007 0.847
2.098656e-007 0.826
2.102656e-007 0.797
2.106656e-007 0.782
2.110656e-007 0.763
2.114656e-007 0.759
2.118656e-007 0.766
2.122656e-007 0.771
2.126656e-007 0.798
2.130656e-007 0.815
2.134656e-007 0.828
2.138656e-007 0.843
2.142656e-007 0.852
2.146656e-007 0.851
2.150656e-007 0.84
2.154656e-007 0.815
2.158656e-007 0.8
2.162656e-007 0.784
2.166656e-007 0.763
2.170656e-007 0.749
2.174656e-007 0.733
2.178656e-007 0.725
2.182656e-007 0.721
2.186656e-007 0.717
2.190656e-007 0.72
2.194656e-007 0.73
2.198656e-007 0.737
2.202656e-007 0.755
2.206656e-007 0.772
2.210656e-007 0.783
2.214656e-007 0.794
2.218656e-007 0.8
2.222656e-007 0.807
2.226656e-007 0.808
2.230656e-007 0.802
2.234656e-007 0.796
2.238656e-007 0.789
2.242656e-007 0.774
2.246656e-007 0.769
2.250656e-007 0.756
2.254656e-007 0.755
2.258656e-007 0.75
2.262656e-007 0.749
2.266656e-007 0.755
2.270656e-007 0.762
2.274656e-007 0.751
2.278656e-007 0.751
2.282656e-007 0.747
2.286656e-007 0.739
2.290656e-007 0.74
2.294656e-007 0.734
2.298656e-007 0.723
2.302656e-007 0.722
2.306656e-007 0.728
2.310656e-007 0.73
2.314656e-007 0.74
2.318656e-007 0.752
2.322656e-007 0.762
2.326656e-007 0.77
2.330656e-007 0.766
2.334656e-007 0.772
2.338656e-007 0.771
2.342656e-007 0.771
2.346656e-007 0.761
2.350656e-007 0.765
2.354656e-007 0.761
2.358656e-007 0.755
2.362656e-007 0.756
2.366656e-007 0.751
2.370656e-007 0.748
2.374656e-007 0.752
2.378656e-007 0.749
2.382656e-007 0.744
2.386656e-007 0.739
2.390656e-007 0.733
2.394656e-007 0.726
2.398656e-007 0.723
2.402656e-007 0.725
2.406656e-007 0.72
2.410656e-007 0.723
2.414656e-007 0.726
2.418656e-007 0.733
2.422656e-007 0.737
2.426656e-007 0.739
2.430656e-007 0.744
2.434656e-007 0.749
2.438656e-007 0.754
2.442656e-007 0.759
2.446656e-007 0.746
2.450656e-007 0.751
2.454656e-007 0.747
2.458656e-007 0.744
2.462656e-007 0.747
2.466656e-007 0.74
2.470656e-007 0.743
2.474656e-007 0.742
2.478656e-007 0.748
2.482656e-007 0.741
2.486656e-007 0.741
2.490656e-007 0.733
2.494656e-007 0.736
2.498656e-007 0.735
2.502656e-007 0.732
2.506656e-007 0.726
2.510656e-007 0.726
2.514656e-007 0.728
2.518656e-007 0.73
2.522656e-007 0.723
2.526656e-007 0.725
2.530656e-007 0.726
2.534656e-007 0.73
2.538656e-007 0.729
2.542656e-007 0.739
2.546656e-007 0.741
2.550656e-007 0.739
2.554656e-007 0.738
2.558656e-007 0.738
2.562656e-007 0.742
2.566656e-007 0.742
2.570656e-007 0.742
2.574656e-007 0.738
2.578656e-007 0.734
2.582656e-007 0.739
2.586656e-007 0.736
2.590656e-007 0.738
2.594656e-007 0.74
2.598656e-007 0.737
2.602656e-007 0.736
2.606656e-007 0.735
2.610656e-007 0.73
2.614656e-007 0.731
2.618656e-007 0.724
2.622656e-007 0.725
2.626656e-007 0.726
2.630656e-007 0.723
2.634656e-007 0.72
2.638656e-007 0.721
2.642656e-007 0.727
2.646656e-007 0.728
2.650656e-007 0.725
2.654656e-007 0.727
2.658656e-007 0.729
2.662656e-007 0.731
2.666656e-007 0.729
2.670656e-007 0.734
2.674656e-007 0.734
2.678656e-007 0.731
2.682656e-007 0.733
2.686656e-007 0.733
2.690656e-007 0.731
2.694656e-007 0.74
2.698656e-007 0.735
2.702656e-007 0.732
2.706656e-007 0.735
2.710656e-007 0.734
2.714656e-007 0.734
2.718656e-007 0.737
2.722656e-007 0.734
2.726656e-007 0.729
2.730656e-007 0.721
2.734656e-007 0.731
2.738656e-007 0.725
2.742656e-007 0.729
2.746656e-007 0.729
2.750656e-007 0.723
2.754656e-007 0.727
2.758656e-007 0.733
2.762656e-007 0.727
2.766656e-007 0.738
2.770656e-007 0.728
2.774656e-007 0.732
2.778656e-007 0.731
2.782656e-007 0.731
2.786656e-007 0.73
2.790656e-007 0.729
2.794656e-007 0.729
2.798656e-007 0.733
2.802656e-007 0.729
2.806656e-007 0.729
2.810656e-007 0.733
2.814656e-007 0.728
2.818656e-007 0.729
2.822656e-007 0.732
2.826656e-007 0.725
2.830656e-007 0.723
2.834656e-007 0.731
2.838656e-007 0.73
2.842656e-007 0.733
2.846656e-007 0.735
2.850656e-007 0.726
2.854656e-007 0.724
2.858656e-007 0.726
2.862656e-007 0.728
2.866656e-007 0.73
2.870656e-007 0.731
2.874656e-007 0.732
2.878656e-007 0.73
2.882656e-007 0.731
2.886656e-007 0.725
2.890656e-007 0.719
2.894656e-007 0.723
2.898656e-007 0.726
2.902656e-007 0.725
2.906656e-007 0.727
2.910656e-007 0.725
2.914656e-007 0.73
2.918656e-007 0.727
2.922656e-007 0.726
2.926656e-007 0.729
2.930656e-007 0.726
2.934656e-007 0.727
2.938656e-007 0.73
2.942656e-007 0.726
2.946656e-007 0.726
2.950656e-007 0.731
2.954656e-007 0.726
2.958656e-007 0.729
2.962656e-007 0.731
2.966656e-007 0.726
2.970656e-007 0.722
2.974656e-007 0.731
2.978656e-007 0.73
2.982656e-007 0.728
2.986656e-007 0.724
2.990656e-007 0.728
2.994656e-007 0.739
2.998656e-007 0.862
3.002656e-007 1.096
3.006656e-007 1.227
3.010656e-007 1.32
3.014656e-007 1.401
3.018656e-007 1.449
3.022656e-007 1.507
3.026656e-007 1.551
3.030656e-007 1.57
3.034656e-007 1.566
3.038656e-007 1.564
3.042656e-007 1.549
3.046656e-007 1.536
3.050656e-007 1.527
3.054656e-007 1.523
3.058656e-007 1.518
3.062656e-007 1.515
3.066656e-007 1.508
3.070656e-007 1.505
3.074656e-007 1.493
3.078656e-007 1.483
3.082656e-007 1.464
3.086656e-007 1.455
3.090656e-007 1.448
3.094656e-007 1.463
3.098656e-007 1.479
3.102656e-007 1.507
3.106656e-007 1.527
3.110656e-007 1.539
3.114656e-007 1.551
3.118656e-007 1.544
3.122656e-007 1.531
3.126656e-007 1.513
3.130656e-007 1.495
3.134656e-007 1.477
3.138656e-007 1.456
3.142656e-007 1.454
3.146656e-007 1.458
3.150656e-007 1.47
3.154656e-007 1.486
3.158656e-007 1.509
3.162656e-007 1.531
3.166656e-007 1.545
3.170656e-007 1.555
3.174656e-007 1.573
3.178656e-007 1.578
3.182656e-007 1.589
3.186656e-007 1.593
3.190656e-007 1.583
3.194656e-007 1.578
3.198656e-007 1.567
3.202656e-007 1.55
3.206656e-007 1.531
3.210656e-007 1.523
3.214656e-007 1.512
3.218656e-007 1.503
3.222656e-007 1.497
3.226656e-007 1.497
3.230656e-007 1.503
3.234656e-007 1.509
3.238656e-007 1.518
3.242656e-007 1.528
3.246656e-007 1.538
3.250656e-007 1.543
3.254656e-007 1.545
3.258656e-007 1.552
3.262656e-007 1.555
3.266656e-007 1.549
3.270656e-007 1.552
3.274656e-007 1.55
3.278656e-007 1.558
3.282656e-007 1.56
3.286656e-007 1.564
3.290656e-007 1.57
3.294656e-007 1.578
3.298656e-007 1.577
3.302656e-007 1.577
3.306656e-007 1.57
3.310656e-007 1.567
3.314656e-007 1.559
3.318656e-007 1.544
3.322656e-007 1.538
3.326656e-007 1.534
3.330656e-007 1.527
3.334656e-007 1.524
3.338656e-007 1.531
3.342656e-007 1.533
3.346656e-007 1.534
3.350656e-007 1.535
3.354656e-007 1.536
3.358656e-007 1.544
3.362656e-007 1.549
3.366656e-007 1.549
3.370656e-007 1.549
3.374656e-007 1.555
3.378656e-007 1.552
3.382656e-007 1.553
3.386656e-007 1.556
3.390656e-007 1.563
3.394656e-007 1.564
3.398656e-007 1.566
3.402656e-007 1.575
3.406656e-007 1.571
3.410656e-007 1.572
3.414656e-007 1.575
3.418656e-007 1.565
3.422656e-007 1.559
3.426656e-007 1.545
3.430656e-007 1.545
3.434656e-007 1.542
3.438656e-007 1.546
3.442656e-007 1.544
3.446656e-007 1.539
3.450656e-007 1.549
3.454656e-007 1.55
3.458656e-007 1.547
3.462656e-007 1.549
3.466656e-007 1.555
3.470656e-007 1.559
3.474656e-007 1.552
3.478656e-007 1.549
3.482656e-007 1.555
3.486656e-007 1.558
3.490656e-007 1.557
3.494656e-007 1.559
3.498656e-007 1.563
3.502656e-007 1.565
3.506656e-007 1.565
3.510656e-007 1.561
3.514656e-007 1.572
3.518656e-007 1.574
3.522656e-007 1.565
3.526656e-007 1.57
3.530656e-007 1.564
3.534656e-007 1.559
3.538656e-007 1.56
3.542656e-007 1.555
3.546656e-007 1.55
3.550656e-007 1.557
3.554656e-007 1.555
3.558656e-007 1.555
3.562656e-007 1.55
3.566656e-007 1.555
3.570656e-007 1.553
3.574656e-007 1.555
3.578656e-007 1.554
3.582656e-007 1.559
3.586656e-007 1.555
3.590656e-007 1.56
3.594656e-007 1.554
3.598656e-007 1.562
3.602656e-007 1.565
3.606656e-007 1.564
3.610656e-007 1.564
3.614656e-007 1.568
3.618656e-007 1.569
3.622656e-007 1.572
3.626656e-007 1.566
3.630656e-007 1.565
3.634656e-007 1.567
3.638656e-007 1.559
3.642656e-007 1.561
3.646656e-007 1.563
3.650656e-007 1.558
3.654656e-007 1.558
3.658656e-007 1.554
3.662656e-007 1.559
3.666656e-007 1.553
3.670656e-007 1.554
3.674656e-007 1.557
3.678656e-007 1.561
3.682656e-007 1.555
3.686656e-007 1.555
3.690656e-007 1.555
3.694656e-007 1.565
3.698656e-007 1.559
3.702656e-007 1.562
3.706656e-007 1.561
3.710656e-007 1.564
3.714656e-007 1.563
3.718656e-007 1.564
3.722656e-007 1.561
3.726656e-007 1.568
3.730656e-007 1.566
3.734656e-007 1.563
3.738656e-007 1.567
3.742656e-007 1.565
3.746656e-007 1.559
3.750656e-007 1.563
3.754656e-007 1.556
3.758656e-007 1.559
3.762656e-007 1.559
3.766656e-007 1.562
3.770656e-007 1.56
3.774656e-007 1.566
3.778656e-007 1.559
3.782656e-007 1.558
3.786656e-007 1.555
3.790656e-007 1.564
3.794656e-007 1.56
3.798656e-007 1.56
3.802656e-007 1.561
3.806656e-007 1.563
3.810656e-007 1.564
3.814656e-007 1.56
3.818656e-007 1.56
3.822656e-007 1.568
3.826656e-007 1.565
3.830656e-007 1.566
3.834656e-007 1.562
3.838656e-007 1.567
3.842656e-007 1.566
3.846656e-007 1.565
3.850656e-007 1.562
3.854656e-007 1.563
3.858656e-007 1.557
3.862656e-007 1.561
3.866656e-007 1.56
3.870656e-007 1.561
3.874656e-007 1.555
3.878656e-007 1.558
3.882656e-007 1.554
3.886656e-007 1.561
3.890656e-007 1.56
3.894656e-007 1.561
3.898656e-007 1.559
3.902656e-007 1.565
3.906656e-007 1.563
3.910656e-007 1.562
3.914656e-007 1.566
3.918656e-007 1.563
3.922656e-007 1.563
3.926656e-007 1.564
3.930656e-007 1.557
3.934656e-007 1.562
3.938656e-007 1.564
3.942656e-007 1.563
3.946656e-007 1.559
3.950656e-007 1.563
3.954656e-007 1.561
3.958656e-007 1.56
3.962656e-007 1.563
3.966656e-007 1.567
3.970656e-007 1.555
3.974656e-007 1.555
3.978656e-007 1.556
3.982656e-007 1.559
3.986656e-007 1.561
3.990656e-007 1.56
3.994656e-007 1.544
3.998656e-007 1.412
4.002656e-007 1.193
4.006656e-007 1.068
4.010656e-007 0.971
4.014656e-007 0.891
4.018656e-007 0.835
4.022656e-007 0.781
4.026656e-007 0.734
4.030656e-007 0.726
4.034656e-007 0.723
4.038656e-007 0.739
4.042656e-007 0.751
4.046656e-007 0.77
4.050656e-007 0.782
4.054656e-007 0.789
4.058656e-007 0.793
4.062656e-007 0.799
4.066656e-007 0.811
4.070656e-007 0.815
4.074656e-007 0.822
4.078656e-007 0.836
4.082656e-007 0.845
4.086656e-007 0.861
4.090656e-007 0.857
4.094656e-007 0.844
4.098656e-007 0.826
4.102656e-007 0.804
4.106656e-007 0.787
4.110656e-007 0.775
4.114656e-007 0.769
4.118656e-007 0.77
4.122656e-007 0.778
4.126656e-007 0.802
4.130656e-007 0.821
4.134656e-007 0.838
4.138656e-007 0.851
4.142656e-007 0.86
4.146656e-007 0.853
4.150656e-007 0.84
4.154656e-007 0.821
4.158656e-007 0.801
4.162656e-007 0.785
4.166656e-007 0.762
4.170656e-007 0.749
4.174656e-007 0.735
4.178656e-007 0.723
4.182656e-007 0.72
4.186656e-007 0.709
4.190656e-007 0.716
4.194656e-007 0.729
4.198656e-007 0.745
4.202656e-007 0.757
4.206656e-007 0.766
4.210656e-007 0.784
4.214656e-007 0.793
4.218656e-007 0.805
4.222656e-007 0.808
4.226656e-007 0.812
4.230656e-007 0.804
4.234656e-007 0.796
4.238656e-007 0.788
4.242656e-007 0.777
4.246656e-007 0.77
4.250656e-007 0.762
4.254656e-007 0.755
4.258656e-007 0.752
4.262656e-007 0.759
4.266656e-007 0.753
4.270656e-007 0.756
4.274656e-007 0.748
4.278656e-007 0.746
4.282656e-007 0.743
4.286656e-007 0.736
4.290656e-007 0.728
4.294656e-007 0.726
4.298656e-007 0.724
4.302656e-007 0.725
4.306656e-007 0.726
4.310656e-007 0.735
4.314656e-007 0.738
4.318656e-007 0.752
4.322656e-007 0.765
4.326656e-007 0.771
4.330656e-007 0.775
4.334656e-007 0.776
4.338656e-007 0.77
4.342656e-007 0.773
4.346656e-007 0.767
4.350656e-007 0.765
4.354656e-007 0.757
4.358656e-007 0.756
4.362656e-007 0.755
4.366656e-007 0.751
4.370656e-007 0.753
4.374656e-007 0.744
4.378656e-007 0.747
4.382656e-007 0.739
4.386656e-007 0.731
4.390656e-007 0.723
4.394656e-007 0.712
4.398656e-007 0.712
4.402656e-007 0.71
4.406656e-007 0.716
4.410656e-007 0.719
4.414656e-007 0.716
4.418656e-007 0.719
4.422656e-007 0.733
4.426656e-007 0.741
4.430656e-007 0.747
4.434656e-007 0.751
4.438656e-007 0.75
4.442656e-007 0.755
4.446656e-007 0.753
4.450656e-007 0.751
4.454656e-007 0.748
4.458656e-007 0.743
4.462656e-007 0.746
4.466656e-007 0.74
4.470656e-007 0.742
4.474656e-007 0.739
4.478656e-007 0.735
4.482656e-007 0.744
4.486656e-007 0.739
4.490656e-007 0.736
4.494656e-007 0.735
4.498656e-007 0.733
4.502656e-007 0.732
4.506656e-007 0.719
4.510656e-007 0.724
4.514656e-007 0.721
4.518656e-007 0.728
4.522656e-007 0.722
4.526656e-007 0.721
4.530656e-007 0.733
4.534656e-007 0.733
4.538656e-007 0.734
4.542656e-007 0.735
4.546656e-007 0.736
4.550656e-007 0.741
4.554656e-007 0.739
4.558656e-007 0.746
4.562656e-007 0.743
4.566656e-007 0.745
4.570656e-007 0.744
4.574656e-007 0.744
4.578656e-007 0.739
4.582656e-007 0.742
4.586656e-007 0.735
4.590656e-007 0.739
4.594656e-007 0.742
4.598656e-007 0.736
4.602656e-007 0.733
4.606656e-007 0.729
4.610656e-007 0.729
4.614656e-007 0.723
4.618656e-007 0.719
4.622656e-007 0.721
4.626656e-007 0.721
4.630656e-007 0.722
4.634656e-007 0.726
4.638656e-007 0.726
4.642656e-007 0.724
4.646656e-007 0.731
4.650656e-007 0.728
4.654656e-007 0.734
4.658656e-007 0.737
4.662656e-007 0.735
4.666656e-007 0.736
4.670656e-007 0.732
4.674656e-007 0.736
4.678656e-007 0.737
4.682656e-007 0.738
4.686656e-007 0.739
4.690656e-007 0.739
4.694656e-007 0.741
4.698656e-007 0.734
4.702656e-007 0.738
4.706656e-007 0.732
4.710656e-007 0.731
4.714656e-007 0.729
4.718656e-007 0.731
4.722656e-007 0.728
4.726656e-007 0.726
4.730656e-007 0.722
4.734656e-007 0.724
4.738656e-007 0.72
4.742656e-007 0.726
4.746656e-007 0.722
4.750656e-007 0.724
4.754656e-007 0.73
4.758656e-007 0.724
4.762656e-007 0.733
4.766656e-007 0.736
4.770656e-007 0.735
4.774656e-007 0.733
4.778656e-007 0.729
4.782656e-007 0.734
4.786656e-007 0.735
4.790656e-007 0.729
4.794656e-007 0.731
4.798656e-007 0.733
4.802656e-007 0.732
4.806656e-007 0.736
4.810656e-007 0.73
4.814656e-007 0.732
4.818656e-007 0.727
4.822656e-007 0.729
4.826656e-007 0.722
4.830656e-007 0.726
4.834656e-007 0.729
4.838656e-007 0.729
4.842656e-007 0.72
4.846656e-007 0.725
4.850656e-007 0.724
4.854656e-007 0.728
4.858656e-007 0.724
4.862656e-007 0.73
4.866656e-007 0.725
4.870656e-007 0.728
4.874656e-007 0.733
4.878656e-007 0.733
4.882656e-007 0.732
4.886656e-007 0.729
4.890656e-007 0.72
4.894656e-007 0.729
4.898656e-007 0.727
4.902656e-007 0.733
4.906656e-007 0.724
4.910656e-007 0.729
4.914656e-007 0.727
4.918656e-007 0.73
4.922656e-007 0.724
4.926656e-007 0.727
4.930656e-007 0.73
4.934656e-007 0.731
4.938656e-007 0.728
4.942656e-007 0.736
4.946656e-007 0.728
4.950656e-007 0.731
4.954656e-007 0.726
4.958656e-007 0.724
4.962656e-007 0.73
4.966656e-007 0.728
4.970656e-007 0.726
4.974656e-007 0.727
4.978656e-007 0.729
4.982656e-007 0.73
4.986656e-007 0.729
4.990656e-007 0.731
4.994656e-007 0.74
4.998656e-007 0.87
5.002656e-007 1.097
5.006656e-007 1.229
5.010656e-007 1.32
5.014656e-007 1.402
5.018656e-007 1.45
5.022656e-007 1.501
5.026656e-007 1.548
5.030656e-007 1.57
5.034656e-007 1.566
5.038656e-007 1.557
5.042656e-007 1.545
5.046656e-007 1.53
5.050656e-007 1.528
5.054656e-007 1.518
5.058656e-007 1.515
5.062656e-007 1.514
5.066656e-007 1.501
5.070656e-007 1.498
5.074656e-007 1.497
5.078656e-007 1.489
5.082656e-007 1.465
5.086656e-007 1.456
5.090656e-007 1.457
5.094656e-007 1.47
5.098656e-007 1.492
5.102656e-007 1.518
5.106656e-007 1.526
5.110656e-007 1.542
5.114656e-007 1.551
5.118656e-007 1.553
5.122656e-007 1.533
5.126656e-007 1.514
5.130656e-007 1.493
5.134656e-007 1.478
5.138656e-007 1.463
5.142656e-007 1.454
5.146656e-007 1.457
5.150656e-007 1.469
5.154656e-007 1.487
5.158656e-007 1.51
5.162656e-007 1.532
5.166656e-007 1.547
5.170656e-007 1.553
5.174656e-007 1.571
5.178656e-007 1.581
5.182656e-007 1.59
5.186656e-007 1.587
5.190656e-007 1.586
5.194656e-007 1.576
5.198656e-007 1.568
5.202656e-007 1.549
5.206656e-007 1.539
5.210656e-007 1.525
5.214656e-007 1.516
5.218656e-007 1.508
5.222656e-007 1.502
5.226656e-007 1.5
5.230656e-007 1.505
5.234656e-007 1.509
5.238656e-007 1.515
5.242656e-007 1.525
5.246656e-007 1.537
5.250656e-007 1.546
5.254656e-007 1.546
5.258656e-007 1.549
5.262656e-007 1.554
5.266656e-007 1.548
5.270656e-007 1.551
5.274656e-007 1.553
5.278656e-007 1.558
5.282656e-007 1.557
5.286656e-007 1.561
5.290656e-007 1.566
5.294656e-007 1.573
5.298656e-007 1.576
5.302656e-007 1.574
5.306656e-007 1.577
5.310656e-007 1.569
5.314656e-007 1.555
5.318656e-007 1.554
5.322656e-007 1.537
5.326656e-007 1.539
5.330656e-007 1.524
5.334656e-007 1.528
5.338656e-007 1.528
5.342656e-007 1.534
5.346656e-007 1.536
5.350656e-007 1.54
5.354656e-007 1.543
5.358656e-007 1.545
5.362656e-007 1.543
5.366656e-007 1.543
5.370656e-007 1.547
5.374656e-007 1.549
5.378656e-007 1.547
5.382656e-007 1.554
5.386656e-007 1.558
5.390656e-007 1.567
5.394656e-007 1.563
5.398656e-007 1.573
5.402656e-007 1.575
5.406656e-007 1.575
5.410656e-007 1.579
5.414656e-007 1.573
5.418656e-007 1.567
5.422656e-007 1.562
5.426656e-007 1.549
5.430656e-007 1.545
5.434656e-007 1.543
5.438656e-007 1.543
5.442656e-007 1.543
5.446656e-007 1.541
5.450656e-007 1.54
5.454656e-007 1.553
5.458656e-007 1.547
5.462656e-007 1.552
5.466656e-007 1.553
5.470656e-007 1.56
5.474656e-007 1.548
5.478656e-007 1.55
5.482656e-007 1.552
5.486656e-007 1.556
5.490656e-007 1.556
5.494656e-007 1.559
5.498656e-007 1.565
5.502656e-007 1.565
5.506656e-007 1.566
5.510656e-007 1.57
5.514656e-007 1.572
5.518656e-007 1.572
5.522656e-007 1.576
5.526656e-007 1.571
5.530656e-007 1.568
5.534656e-007 1.563
5.538656e-007 1.56
5.542656e-007 1.557
5.546656e-007 1.558
5.550656e-007 1.557
5.554656e-007 1.555
5.558656e-007 1.55
5.562656e-007 1.552
5.566656e-007 1.555
5.570656e-007 1.547
5.574656e-007 1.56
5.578656e-007 1.555
5.582656e-007 1.557
5.586656e-007 1.556
5.590656e-007 1.552
5.594656e-007 1.555
5.598656e-007 1.559
5.602656e-007 1.557
5.606656e-007 1.557
5.610656e-007 1.556
5.614656e-007 1.571
5.618656e-007 1.57
5.622656e-007 1.568
5.626656e-007 1.568
5.630656e-007 1.57
5.634656e-007 1.567
5.638656e-007 1.563
5.642656e-007 1.559
5.646656e-007 1.56
5.650656e-007 1.563
5.654656e-007 1.558
5.658656e-007 1.557
5.662656e-007 1.56
5.666656e-007 1.548
5.670656e-007 1.554
5.674656e-007 1.553
5.678656e-007 1.559
5.682656e-007 1.552
5.686656e-007 1.559
5.690656e-007 1.553
5.694656e-007 1.562
5.698656e-007 1.559
5.702656e-007 1.559
5.706656e-007 1.564
5.710656e-007 1.558
5.714656e-007 1.565
5.718656e-007 1.564
5.722656e-007 1.561
5.726656e-007 1.572
5.730656e-007 1.572
5.734656e-007 1.572
5.738656e-007 1.569
5.742656e-007 1.569
5.746656e-007 1.567
5.750656e-007 1.558
5.754656e-007 1.561
5.758656e-007 1.566
5.762656e-007 1.564
5.766656e-007 1.561
5.770656e-007 1.567
5.774656e-007 1.555
5.778656e-007 1.562
5.782656e-007 1.563
5.786656e-007 1.559
5.790656e-007 1.562
5.794656e-007 1.562
5.798656e-007 1.558
5.802656e-007 1.56
5.806656e-007 1.565
5.810656e-007 1.567
5.814656e-007 1.562
5.818656e-007 1.561
5.822656e-007 1.565
5.826656e-007 1.564
5.830656e-007 1.569
5.834656e-007 1.566
5.838656e-007 1.562
5.842656e-007 1.564
5.846656e-007 1.564
5.850656e-007 1.564
5.854656e-007 1.564
5.858656e-007 1.557
5.862656e-007 1.559
5.866656e-007 1.554
5.870656e-007 1.565
5.874656e-007 1.565
5.878656e-007 1.562
5.882656e-007 1.559
5.886656e-007 1.56
5.890656e-007 1.553
5.894656e-007 1.558
5.898656e-007 1.561
5.902656e-007 1.56
5.906656e-007 1.559
5.910656e-007 1.562
5.914656e-007 1.562
5.918656e-007 1.568
5.922656e-007 1.568
5.926656e-007 1.561
5.930656e-007 1.561
5.934656e-007 1.564
5.938656e-007 1.564
5.942656e-007 1.565
5.946656e-007 1.568
5.950656e-007 1.569
5.954656e-007 1.559
5.958656e-007 1.566
5.962656e-007 1.564
5.966656e-007 1.565
5.970656e-007 1.56
5.974656e-007 1.563
5.978656e-007 1.567
5.982656e-007 1.563
5.986656e-007 1.565
5.990656e-007 1.56
5.994656e-007 1.545
5.998656e-007 1.418
6.002656e-007 1.194
6.006656e-007 1.058
6.010656e-007 0.971
6.014656e-007 0.886
6.018656e-007 0.835
6.022656e-007 0.773
6.026656e-007 0.732
6.030656e-007 0.721
6.034656e-007 0.727
6.038656e-007 0.74
6.042656e-007 0.757
6.046656e-007 0.765
6.050656e-007 0.779
6.054656e-007 0.789
6.058656e-007 0.794
6.062656e-007 0.797
6.066656e-007 0.811
6.070656e-007 0.812
6.074656e-007 0.816
6.078656e-007 0.833
6.082656e-007 0.843
6.086656e-007 0.854
6.090656e-007 0.853
6.094656e-007 0.845
6.098656e-007 0.823
6.102656e-007 0.803
6.106656e-007 0.785
6.110656e-007 0.777
6.114656e-007 0.763
6.118656e-007 0.767
6.122656e-007 0.778
6.126656e-007 0.802
6.130656e-007 0.815
6.134656e-007 0.839
6.138656e-007 0.846
6.142656e-007 0.852
6.146656e-007 0.849
6.150656e-007 0.838
6.154656e-007 0.816
6.158656e-007 0.8
6.162656e-007 0.781
6.166656e-007 0.766
6.170656e-007 0.749
6.174656e-007 0.729
6.178656e-007 0.721
6.182656e-007 0.712
6.186656e-007 0.711
6.190656e-007 0.719
6.194656e-007 0.727
6.198656e-007 0.741
6.202656e-007 0.758
6.206656e-007 0.773
6.210656e-007 0.779
6.214656e-007 0.793
6.218656e-007 0.799
6.222656e-007 0.806
6.226656e-007 0.807
6.230656e-007 0.806
6.234656e-007 0.798
6.238656e-007 0.789
6.242656e-007 0.774
6.246656e-007 0.765
6.250656e-007 0.755
6.254656e-007 0.759
6.258656e-007 0.756
6.262656e-007 0.755
6.266656e-007 0.752
6.270656e-007 0.754
6.274656e-007 0.751
6.278656e-007 0.743
6.282656e-007 0.74
6.286656e-007 0.736
6.290656e-007 0.725
6.294656e-007 0.726
6.298656e-007 0.715
6.302656e-007 0.72
6.306656e-007 0.73
6.310656e-007 0.731
6.314656e-007 0.74
6.318656e-007 0.757
6.322656e-007 0.761
6.326656e-007 0.768
6.330656e-007 0.768
6.334656e-007 0.777
6.338656e-007 0.771
6.342656e-007 0.771
6.346656e-007 0.769
6.350656e-007 0.764
6.354656e-007 0.752
6.358656e-007 0.755
6.362656e-007 0.756
6.366656e-007 0.759
6.370656e-007 0.753
6.374656e-007 0.753
6.378656e-007 0.743
6.382656e-007 0.743
6.386656e-007 0.732
6.390656e-007 0.732
6.394656e-007 0.72
6.398656e-007 0.715
6.402656e-007 0.717
6.406656e-007 0.716
6.410656e-007 0.719
6.414656e-007 0.719
6.418656e-007 0.724
6.422656e-007 0.734
6.426656e-007 0.739
6.430656e-007 0.745
6.434656e-007 0.746
6.438656e-007 0.752
6.442656e-007 0.754
6.446656e-007 0.753
6.450656e-007 0.755
6.454656e-007 0.753
6.458656e-007 0.746
6.462656e-007 0.751
6.466656e-007 0.744
6.470656e-007 0.746
6.474656e-007 0.745
6.478656e-007 0.741
6.482656e-007 0.738
6.486656e-007 0.738
6.490656e-007 0.733
6.494656e-007 0.733
6.498656e-007 0.726
6.502656e-007 0.726
6.506656e-007 0.719
6.510656e-007 0.718
6.514656e-007 0.721
6.518656e-007 0.724
6.522656e-007 0.725
6.526656e-007 0.726
6.530656e-007 0.725
6.534656e-007 0.73
6.538656e-007 0.731
6.542656e-007 0.733
6.546656e-007 0.736
6.550656e-007 0.74
6.554656e-007 0.737
6.558656e-007 0.739
6.562656e-007 0.738
6.566656e-007 0.74
6.570656e-007 0.744
6.574656e-007 0.741
6.578656e-007 0.745
6.582656e-007 0.747
6.586656e-007 0.746
6.590656e-007 0.741
6.594656e-007 0.739
6.598656e-007 0.74
6.602656e-007 0.736
6.606656e-007 0.737
6.610656e-007 0.726
6.614656e-007 0.727
6.618656e-007 0.72
6.622656e-007 0.725
6.626656e-007 0.723
6.630656e-007 0.72
6.634656e-007 0.716
6.638656e-007 0.717
6.642656e-007 0.721
6.646656e-007 0.723
6.650656e-007 0.727
6.654656e-007 0.727
6.658656e-007 0.731
6.662656e-007 0.733
6.666656e-007 0.734
6.670656e-007 0.74
6.674656e-007 0.739
6.678656e-007 0.736
6.682656e-007 0.736
6.686656e-007 0.739
6.690656e-007 0.736
6.694656e-007 0.74
6.698656e-007 0.735
6.702656e-007 0.74
6.706656e-007 0.735
6.710656e-007 0.733
6.714656e-007 0.73
6.718656e-007 0.729
6.722656e-007 0.723
6.726656e-007 0.726
6.730656e-007 0.723
6.734656e-007 0.721
6.738656e-007 0.722
6.742656e-007 0.717
6.746656e-007 0.72
6.750656e-007 0.721
6.754656e-007 0.722
6.758656e-007 0.726
6.762656e-007 0.732
6.766656e-007 0.738
6.770656e-007 0.736
6.774656e-007 0.734
6.778656e-007 0.736
6.782656e-007 0.735
6.786656e-007 0.736
6.790656e-007 0.735
6.794656e-007 0.737
6.798656e-007 0.736
6.802656e-007 0.736
6.806656e-007 0.738
6.810656e-007 0.736
6.814656e-007 0.732
6.818656e-007 0.73
6.822656e-007 0.734
6.826656e-007 0.726
6.830656e-007 0.73
6.834656e-007 0.721
6.838656e-007 0.723
6.842656e-007 0.72
6.846656e-007 0.726
6.850656e-007 0.727
6.854656e-007 0.728
6.858656e-007 0.731
6.862656e-007 0.729
6.866656e-007 0.731
6.870656e-007 0.738
6.874656e-007 0.733
6.878656e-007 0.733
6.882656e-007 0.732
6.886656e-007 0.732
6.890656e-007 0.729
6.894656e-007 0.737
6.898656e-007 0.727
6.902656e-007 0.728
6.906656e-007 0.731
6.910656e-007 0.73
6.914656e-007 0.731
6.918656e-007 0.73
6.922656e-007 0.721
6.926656e-007 0.726
6.930656e-007 0.728
6.934656e-007 0.729
6.938656e-007 0.725
6.942656e-007 0.729
6.946656e-007 0.725
6.950656e-007 0.725
6.954656e-007 0.721
6.958656e-007 0.727
6.962656e-007 0.724
6.966656e-007 0.726
6.970656e-007 0.727
6.974656e-007 0.721
6.978656e-007 0.73
6.982656e-007 0.732
6.986656e-007 0.732
6.990656e-007 0.727
6.994656e-007 0.747
6.998656e-007 0.867
7.002656e-007 1.098
7.006656e-007 1.235
7.010656e-007 1.315
7.014656e-007 1.403
7.018656e-007 1.45
7.022656e-007 1.51
7.026656e-007 1.549
7.030656e-007 1.572
7.034656e-007 1.568
7.038656e-007 1.56
7.042656e-007 1.542
7.046656e-007 1.529
7.050656e-007 1.518
7.054656e-007 1.512
7.058656e-007 1.513
7.062656e-007 1.503
7.066656e-007 1.501
7.070656e-007 1.496
7.074656e-007 1.489
7.078656e-007 1.479
7.082656e-007 1.464
7.086656e-007 1.453
7.090656e-007 1.457
7.094656e-007 1.469
7.098656e-007 1.488
7.102656e-007 1.51
7.106656e-007 1.526
7.110656e-007 1.539
7.114656e-007 1.545
7.118656e-007 1.547
7.122656e-007 1.532
7.126656e-007 1.512
7.130656e-007 1.493
7.134656e-007 1.471
7.138656e-007 1.462
7.142656e-007 1.463
7.146656e-007 1.454
7.150656e-007 1.473
7.154656e-007 1.485
7.158656e-007 1.505
7.162656e-007 1.526
7.166656e-007 1.538
7.170656e-007 1.557
7.174656e-007 1.569
7.178656e-007 1.577
7.182656e-007 1.583
7.186656e-007 1.584
7.190656e-007 1.583
7.194656e-007 1.578
7.198656e-007 1.571
7.202656e-007 1.552
7.206656e-007 1.538
7.210656e-007 1.526
7.214656e-007 1.522
7.218656e-007 1.507
7.222656e-007 1.503
7.226656e-007 1.499
7.230656e-007 1.507
7.234656e-007 1.509
7.238656e-007 1.517
7.242656e-007 1.529
7.246656e-007 1.542
7.250656e-007 1.543
7.254656e-007 1.544
7.258656e-007 1.541
7.262656e-007 1.553
7.266656e-007 1.544
7.270656e-007 1.549
7.274656e-007 1.55
7.278656e-007 1.552
7.282656e-007 1.551
7.286656e-007 1.563
7.290656e-007 1.567
7.294656e-007 1.578
7.298656e-007 1.57
7.302656e-007 1.576
7.306656e-007 1.573
7.310656e-007 1.57
7.314656e-007 1.557
7.318656e-007 1.548
7.322656e-007 1.538
7.326656e-007 1.537
7.330656e-007 1.531
7.334656e-007 1.53
7.338656e-007 1.531
7.342656e-007 1.534
7.346656e-007 1.532
7.350656e-007 1.536
7.354656e-007 1.541
7.358656e-007 1.548
7.362656e-007 1.544
7.366656e-007 1.544
7.370656e-007 1.542
7.374656e-007 1.546
7.378656e-007 1.545
7.382656e-007 1.547
7.386656e-007 1.558
7.390656e-007 1.557
7.394656e-007 1.568
7.398656e-007 1.568
7.402656e-007 1.574
7.406656e-007 1.578
7.410656e-007 1.57
7.414656e-007 1.568
7.418656e-007 1.569
7.422656e-007 1.566
7.426656e-007 1.552
7.430656e-007 1.555
7.434656e-007 1.545
7.438656e-007 1.55
7.442656e-007 1.539
7.446656e-007 1.545
7.450656e-007 1.543
7.454656e-007 1.553
7.458656e-007 1.552
7.462656e-007 1.547
7.466656e-007 1.551
7.470656e-007 1.558
7.474656e-007 1.549
7.478656e-007 1.557
7.482656e-007 1.544
7.486656e-007 1.555
7.490656e-007 1.55
7.494656e-007 1.552
7.498656e-007 1.558
7.502656e-007 1.566
7.506656e-007 1.56
7.510656e-007 1.571
7.514656e-007 1.573
7.518656e-007 1.574
7.522656e-007 1.571
7.526656e-007 1.567
7.530656e-007 1.566
7.534656e-007 1.564
7.538656e-007 1.559
7.542656e-007 1.562
7.546656e-007 1.561
7.550656e-007 1.556
7.554656e-007 1.552
7.558656e-007 1.555
7.562656e-007 1.559
7.566656e-007 1.557
7.570656e-007 1.555
7.574656e-007 1.555
7.578656e-007 1.552
7.582656e-007 1.56
7.586656e-007 1.553
7.590656e-007 1.554
7.594656e-007 1.555
7.598656e-007 1.556
7.602656e-007 1.555
7.606656e-007 1.558
7.610656e-007 1.56
7.614656e-007 1.571
7.618656e-007 1.565
7.622656e-007 1.566
7.626656e-007 1.571
7.630656e-007 1.57
7.634656e-007 1.569
7.638656e-007 1.566
7.642656e-007 1.566
7.646656e-007 1.563
7.650656e-007 1.556
7.654656e-007 1.559
7.658656e-007 1.56
7.662656e-007 1.563
7.666656e-007 1.558
7.670656e-007 1.556
7.674656e-007 1.558
7.678656e-007 1.562
7.682656e-007 1.554
7.686656e-007 1.557
7.690656e-007 1.556
7.694656e-007 1.555
7.698656e-007 1.553
7.702656e-007 1.553
7.706656e-007 1.554
7.710656e-007 1.555
7.714656e-007 1.55
7.718656e-007 1.559
7.722656e-007 1.563
7.726656e-007 1.571
7.730656e-007 1.558
7.734656e-007 1.565
7.738656e-007 1.566
7.742656e-007 1.57
7.746656e-007 1.568
7.750656e-007 1.571
7.754656e-007 1.562
7.758656e-007 1.564
7.762656e-007 1.566
7.766656e-007 1.564
7.770656e-007 1.564
7.774656e-007 1.567
7.778656e-007 1.561
7.782656e-007 1.559
7.786656e-007 1.559
7.790656e-007 1.554
7.794656e-007 1.555
7.798656e-007 1.556
7.802656e-007 1.556
7.806656e-007 1.561
7.810656e-007 1.56
7.814656e-007 1.561
7.818656e-007 1.56
7.822656e-007 1.565
7.826656e-007 1.56
7.830656e-007 1.565
7.834656e-007 1.56
7.838656e-007 1.564
7.842656e-007 1.562
7.846656e-007 1.563
7.850656e-007 1.564
7.854656e-007 1.568
7.858656e-007 1.564
7.862656e-007 1.568
7.866656e-007 1.567
7.870656e-007 1.569
7.874656e-007 1.569
7.878656e-007 1.565
7.882656e-007 1.562
7.886656e-007 1.563
7.890656e-007 1.559
7.894656e-007 1.563
7.898656e-007 1.558
7.902656e-007 1.567
7.906656e-007 1.559
7.910656e-007 1.565
7.914656e-007 1.563
7.918656e-007 1.559
7.922656e-007 1.554
7.926656e-007 1.56
7.930656e-007 1.564
7.934656e-007 1.563
7.938656e-007 1.56
7.942656e-007 1.567
7.946656e-007 1.557
7.950656e-007 1.562
7.954656e-007 1.559
7.958656e-007 1.562
7.962656e-007 1.569
7.966656e-007 1.567
7.970656e-007 1.565
7.974656e-007 1.571
7.978656e-007 1.569
7.982656e-007 1.57
7.986656e-007 1.561
7.990656e-007 1.561
7.994656e-007 1.547
7.998656e-007 1.411
8.002656e-007 1.188
8.006656e-007 1.063
8.010656e-007 0.965
8.014656e-007 0.892
8.018656e-007 0.834
8.022656e-007 0.775
8.026656e-007 0.727
8.030656e-007 0.716
8.034656e-007 0.724
8.038656e-007 0.739
8.042656e-007 0.754
8.046656e-007 0.767
8.050656e-007 0.78
8.054656e-007 0.787
8.058656e-007 0.798
8.062656e-007 0.799
8.066656e-007 0.807
8.070656e-007 0.82
8.074656e-007 0.821
8.078656e-007 0.843
8.082656e-007 0.852
8.086656e-007 0.855
8.090656e-007 0.859
8.094656e-007 0.842
8.098656e-007 0.824
8.102656e-007 0.804
8.106656e-007 0.783
8.110656e-007 0.772
8.114656e-007 0.757
8.118656e-007 0.764
8.122656e-007 0.777
8.126656e-007 0.797
8.130656e-007 0.821
8.134656e-007 0.837
8.138656e-007 0.849
8.142656e-007 0.856
8.146656e-007 0.844
8.150656e-007 0.834
8.154656e-007 0.815
8.158656e-007 0.792
8.162656e-007 0.785
8.166656e-007 0.76
8.170656e-007 0.747
8.174656e-007 0.736
8.178656e-007 0.724
8.182656e-007 0.721
8.186656e-007 0.722
8.190656e-007 0.72
8.194656e-007 0.729
8.198656e-007 0.748
8.202656e-007 0.76
8.206656e-007 0.77
8.210656e-007 0.783
8.214656e-007 0.797
8.218656e-007 0.803
8.222656e-007 0.81
8.226656e-007 0.808
8.230656e-007 0.804
8.234656e-007 0.795
8.238656e-007 0.786
8.242656e-007 0.771
8.246656e-007 0.762
8.250656e-007 0.752
8.254656e-007 0.758
8.258656e-007 0.755
8.262656e-007 0.751
8.266656e-007 0.751
8.270656e-007 0.753
8.274656e-007 0.749
8.278656e-007 0.751
8.282656e-007 0.743
8.286656e-007 0.741
8.290656e-007 0.733
8.294656e-007 0.726
8.298656e-007 0.724
8.302656e-007 0.727
8.306656e-007 0.731
8.310656e-007 0.739
8.314656e-007 0.746
8.318656e-007 0.754
8.322656e-007 0.762
8.326656e-007 0.775
8.330656e-007 0.772
8.334656e-007 0.78
8.338656e-007 0.775
8.342656e-007 0.771
8.346656e-007 0.77
8.350656e-007 0.767
8.354656e-007 0.756
8.358656e-007 0.751
8.362656e-007 0.75
8.366656e-007 0.749
8.370656e-007 0.747
8.374656e-007 0.744
8.378656e-007 0.742
8.382656e-007 0.741
8.386656e-007 0.731
8.390656e-007 0.72
8.394656e-007 0.716
8.398656e-007 0.718
8.402656e-007 0.721
8.406656e-007 0.719
8.410656e-007 0.713
8.414656e-007 0.725
8.418656e-007 0.731
8.422656e-007 0.735
8.426656e-007 0.745
8.430656e-007 0.754
8.434656e-007 0.754
8.438656e-007 0.757
8.442656e-007 0.759
8.446656e-007 0.762
8.450656e-007 0.752
8.454656e-007 0.747
8.458656e-007 0.745
8.462656e-007 0.75
8.466656e-007 0.742
8.470656e-007 0.739
8.474656e-007 0.739
8.478656e-007 0.736
8.482656e-007 0.737
8.486656e-007 0.737
8.490656e-007 0.734
8.494656e-007 0.733
8.498656e-007 0.728
8.502656e-007 0.724
8.506656e-007 0.72
8.510656e-007 0.722
8.514656e-007 0.725
8.518656e-007 0.727
8.522656e-007 0.725
8.526656e-007 0.729
8.530656e-007 0.735
8.534656e-007 0.733
8.538656e-007 0.731
8.542656e-007 0.74
8.546656e-007 0.739
8.550656e-007 0.739
8.554656e-007 0.736
8.558656e-007 0.739
8.562656e-007 0.736
8.566656e-007 0.74
8.570656e-007 0.733
8.574656e-007 0.734
8.578656e-007 0.738
8.582656e-007 0.736
8.586656e-007 0.739
8.590656e-007 0.735
8.594656e-007 0.738
8.598656e-007 0.737
8.602656e-007 0.732
8.606656e-007 0.732
8.610656e-007 0.736
8.614656e-007 0.732
8.618656e-007 0.724
8.622656e-007 0.723
8.626656e-007 0.728
8.630656e-007 0.724
8.634656e-007 0.725
8.638656e-007 0.728
8.642656e-007 0.73
8.646656e-007 0.729
8.650656e-007 0.733
8.654656e-007 0.734
8.658656e-007 0.734
8.662656e-007 0.735
8.666656e-007 0.732
8.670656e-007 0.732
8.674656e-007 0.736
8.678656e-007 0.737
8.682656e-007 0.731
8.686656e-007 0.74
8.690656e-007 0.734
8.694656e-007 0.74
8.698656e-007 0.736
8.702656e-007 0.732
8.706656e-007 0.729
8.710656e-007 0.733
8.714656e-007 0.728
8.718656e-007 0.73
8.722656e-007 0.731
8.726656e-007 0.73
8.730656e-007 0.722
8.734656e-007 0.724
8.738656e-007 0.722
8.742656e-007 0.725
8.746656e-007 0.727
8.750656e-007 0.727
8.754656e-007 0.729
8.758656e-007 0.734
8.762656e-007 0.733
8.766656e-007 0.736
8.770656e-007 0.733
8.774656e-007 0.736
8.778656e-007 0.734
8.782656e-007 0.733
