-1.223538e-007 1.081
-1.219538e-007 1.078
-1.215538e-007 1.085
-1.211538e-007 1.089
-1.207538e-007 1.088
-1.203538e-007 1.091
-1.199538e-007 1.096
-1.195538e-007 1.094
-1.191538e-007 1.095
-1.187538e-007 1.097
-1.183538e-007 1.104
-1.179538e-007 1.098
-1.175538e-007 1.099
-1.171538e-007 1.102
-1.167538e-007 1.101
-1.163538e-007 1.101
-1.159538e-007 1.098
-1.155538e-007 1.094
-1.151538e-007 1.093
-1.147538e-007 1.095
-1.143538e-007 1.088
-1.139538e-007 1.086
-1.135538e-007 1.088
-1.131538e-007 1.083
-1.127538e-007 1.086
-1.123538e-007 1.086
-1.119538e-007 1.086
-1.115538e-007 1.083
-1.111538e-007 1.086
-1.107538e-007 1.085
-1.103538e-007 1.089
-1.099538e-007 1.09
-1.095538e-007 1.092
-1.091538e-007 1.086
-1.087538e-007 1.087
-1.083538e-007 1.084
-1.079538e-007 1.089
-1.075538e-007 1.084
-1.071538e-007 1.08
-1.067538e-007 1.078
-1.063538e-007 1.078
-1.059538e-007 1.077
-1.055538e-007 1.08
-1.051538e-007 1.079
-1.047538e-007 1.08
-1.043538e-007 1.082
-1.039538e-007 1.094
-1.035538e-007 1.089
-1.031538e-007 1.101
-1.027538e-007 1.106
-1.023538e-007 1.116
-1.019538e-007 1.132
-1.015538e-007 1.157
-1.011538e-007 1.185
-1.007538e-007 1.231
-1.003538e-007 1.289
-9.995383e-008 1.364
-9.955383e-008 1.438
-9.915383e-008 1.505
-9.875383e-008 1.559
-9.835383e-008 1.598
-9.795383e-008 1.632
-9.755383e-008 1.664
-9.715383e-008 1.676
-9.675383e-008 1.689
-9.635383e-008 1.683
-9.595383e-008 1.675
-9.555383e-008 1.658
-9.515383e-008 1.649
-9.475383e-008 1.629
-9.435383e-008 1.618
-9.395383e-008 1.606
-9.355383e-008 1.592
-9.315383e-008 1.581
-9.275383e-008 1.583
-9.235383e-008 1.574
-9.195383e-008 1.577
-9.155383e-008 1.591
-9.115383e-008 1.606
-9.075383e-008 1.614
-9.035383e-008 1.63
-8.995383e-008 1.642
-8.955383e-008 1.654
-8.915383e-008 1.658
-8.875383e-008 1.669
-8.835383e-008 1.683
-8.795383e-008 1.688
-8.755383e-008 1.692
-8.715383e-008 1.694
-8.675383e-008 1.687
-8.635383e-008 1.69
-8.595383e-008 1.681
-8.555383e-008 1.682
-8.515383e-008 1.677
-8.475383e-008 1.677
-8.435383e-008 1.67
-8.395383e-008 1.675
-8.355383e-008 1.673
-8.315383e-008 1.679
-8.275383e-008 1.677
-8.235383e-008 1.678
-8.195383e-008 1.685
-8.155383e-008 1.695
-8.115383e-008 1.698
-8.075383e-008 1.709
-8.035383e-008 1.716
-7.995383e-008 1.732
-7.955383e-008 1.733
-7.915383e-008 1.745
-7.875383e-008 1.757
-7.835383e-008 1.757
-7.795383e-008 1.762
-7.755383e-008 1.759
-7.715383e-008 1.757
-7.675383e-008 1.76
-7.635383e-008 1.751
-7.595383e-008 1.747
-7.555383e-008 1.748
-7.515383e-008 1.742
-7.475383e-008 1.744
-7.435383e-008 1.743
-7.395383e-008 1.745
-7.355383e-008 1.744
-7.315383e-008 1.748
-7.275383e-008 1.747
-7.235383e-008 1.742
-7.195383e-008 1.754
-7.155383e-008 1.753
-7.115383e-008 1.755
-7.075383e-008 1.757
-7.035383e-008 1.763
-6.995383e-008 1.767
-6.955383e-008 1.767
-6.915383e-008 1.77
-6.875383e-008 1.777
-6.835383e-008 1.782
-6.795383e-008 1.786
-6.755383e-008 1.786
-6.715383e-008 1.791
-6.675383e-008 1.793
-6.635383e-008 1.788
-6.595383e-008 1.787
-6.555383e-008 1.792
-6.515383e-008 1.786
-6.475383e-008 1.785
-6.435383e-008 1.783
-6.395383e-008 1.785
-6.355383e-008 1.783
-6.315383e-008 1.784
-6.275383e-008 1.784
-6.235383e-008 1.787
-6.195383e-008 1.784
-6.155383e-008 1.781
-6.115383e-008 1.78
-6.075383e-008 1.784
-6.035383e-008 1.78
-5.995383e-008 1.778
-5.955383e-008 1.778
-5.915383e-008 1.78
-5.875383e-008 1.787
-5.835383e-008 1.783
-5.795383e-008 1.785
-5.755383e-008 1.779
-5.715383e-008 1.78
-5.675383e-008 1.776
-5.635383e-008 1.771
-5.595383e-008 1.774
-5.555383e-008 1.774
-5.515383e-008 1.775
-5.475383e-008 1.775
-5.435383e-008 1.782
-5.395383e-008 1.78
-5.355383e-008 1.786
-5.315383e-008 1.791
-5.275383e-008 1.794
-5.235383e-008 1.795
-5.195383e-008 1.8
-5.155383e-008 1.804
-5.115383e-008 1.798
-5.075383e-008 1.798
-5.035383e-008 1.8
-4.995383e-008 1.799
-4.955383e-008 1.798
-4.915383e-008 1.798
-4.875383e-008 1.799
-4.835383e-008 1.802
-4.795383e-008 1.801
-4.755383e-008 1.8
-4.715383e-008 1.794
-4.675383e-008 1.804
-4.635383e-008 1.792
-4.595383e-008 1.792
-4.555383e-008 1.791
-4.515383e-008 1.787
-4.475383e-008 1.791
-4.435383e-008 1.789
-4.395383e-008 1.791
-4.355383e-008 1.791
-4.315383e-008 1.791
-4.275383e-008 1.8
-4.235383e-008 1.806
-4.195383e-008 1.806
-4.155383e-008 1.811
-4.115383e-008 1.807
-4.075383e-008 1.808
-4.035383e-008 1.806
-3.995383e-008 1.806
-3.955383e-008 1.806
-3.915383e-008 1.8
-3.875383e-008 1.801
-3.835383e-008 1.807
-3.795383e-008 1.807
-3.755383e-008 1.809
-3.715383e-008 1.807
-3.675383e-008 1.808
-3.635383e-008 1.803
-3.595383e-008 1.811
-3.555383e-008 1.809
-3.515383e-008 1.807
-3.475383e-008 1.809
-3.435383e-008 1.806
-3.395383e-008 1.802
-3.355383e-008 1.81
-3.315383e-008 1.801
-3.275383e-008 1.799
-3.235383e-008 1.795
-3.195383e-008 1.79
-3.155383e-008 1.789
-3.115383e-008 1.783
-3.075383e-008 1.782
-3.035383e-008 1.778
-2.995383e-008 1.783
-2.955383e-008 1.787
-2.915383e-008 1.789
-2.875383e-008 1.788
-2.835383e-008 1.791
-2.795383e-008 1.79
-2.755383e-008 1.795
-2.715383e-008 1.796
-2.675383e-008 1.795
-2.635383e-008 1.802
-2.595383e-008 1.799
-2.555383e-008 1.801
-2.515383e-008 1.798
-2.475383e-008 1.797
-2.435383e-008 1.8
-2.395383e-008 1.805
-2.355383e-008 1.803
-2.315383e-008 1.806
-2.275383e-008 1.812
-2.235383e-008 1.816
-2.195383e-008 1.809
-2.155383e-008 1.81
-2.115383e-008 1.805
-2.075383e-008 1.808
-2.035383e-008 1.8
-1.995383e-008 1.805
-1.955383e-008 1.8
-1.915383e-008 1.801
-1.875383e-008 1.802
-1.835383e-008 1.8
-1.795383e-008 1.806
-1.755383e-008 1.808
-1.715383e-008 1.813
-1.675383e-008 1.814
-1.635383e-008 1.815
-1.595383e-008 1.811
-1.555383e-008 1.807
-1.515383e-008 1.809
-1.475383e-008 1.809
-1.435383e-008 1.808
-1.395383e-008 1.803
-1.355383e-008 1.808
-1.315383e-008 1.803
-1.275383e-008 1.805
-1.235383e-008 1.805
-1.195383e-008 1.809
-1.155383e-008 1.808
-1.115383e-008 1.807
-1.075383e-008 1.807
-1.035383e-008 1.808
-9.953827e-009 1.806
-9.553827e-009 1.808
-9.153827e-009 1.805
-8.753827e-009 1.81
-8.353827e-009 1.806
-7.953827e-009 1.802
-7.553827e-009 1.798
-7.153827e-009 1.792
-6.753827e-009 1.79
-6.353827e-009 1.793
-5.953827e-009 1.792
-5.553827e-009 1.788
-5.153827e-009 1.788
-4.753827e-009 1.786
-4.353827e-009 1.788
-3.953827e-009 1.792
-3.553827e-009 1.788
-3.153827e-009 1.79
-2.753827e-009 1.785
-2.353827e-009 1.785
-1.953827e-009 1.759
-1.553827e-009 1.695
-1.153827e-009 1.6
-7.538266e-010 1.492
-3.538266e-010 1.395
4.617335e-011 1.309
4.461734e-010 1.234
8.461734e-010 1.18
1.246173e-009 1.12
1.646173e-009 1.089
2.046173e-009 1.072
2.446173e-009 1.058
2.846173e-009 1.063
3.246173e-009 1.091
3.646173e-009 1.114
4.046173e-009 1.142
4.446173e-009 1.164
4.846173e-009 1.181
5.246173e-009 1.183
5.646173e-009 1.175
6.046173e-009 1.16
6.446173e-009 1.134
6.846173e-009 1.107
7.246173e-009 1.077
7.646173e-009 1.055
8.046173e-009 1.038
8.446173e-009 1.019
8.846173e-009 1.018
9.246173e-009 1.009
9.646173e-009 1.013
1.004617e-008 1.015
1.044617e-008 1.022
1.084617e-008 1.034
1.124617e-008 1.048
1.164617e-008 1.067
1.204617e-008 1.083
1.244617e-008 1.091
1.284617e-008 1.105
1.324617e-008 1.105
1.364617e-008 1.104
1.404617e-008 1.096
1.444617e-008 1.095
1.484617e-008 1.084
1.524617e-008 1.08
1.564617e-008 1.068
1.604617e-008 1.059
1.644617e-008 1.058
1.684617e-008 1.061
1.724617e-008 1.06
1.764617e-008 1.066
1.804617e-008 1.061
1.844617e-008 1.063
1.884617e-008 1.065
1.924617e-008 1.068
1.964617e-008 1.066
2.004617e-008 1.063
2.044617e-008 1.056
2.084617e-008 1.055
2.124617e-008 1.054
2.164617e-008 1.055
2.204617e-008 1.048
2.244617e-008 1.053
2.284617e-008 1.053
2.324617e-008 1.057
2.364617e-008 1.066
2.404617e-008 1.066
2.444617e-008 1.072
2.484617e-008 1.075
2.524617e-008 1.082
2.564617e-008 1.088
2.604617e-008 1.091
2.644617e-008 1.092
2.684617e-008 1.096
2.724617e-008 1.1
2.764617e-008 1.091
2.804617e-008 1.099
2.844617e-008 1.093
2.884617e-008 1.091
2.924617e-008 1.091
2.964617e-008 1.084
3.004617e-008 1.08
3.044617e-008 1.085
3.084617e-008 1.079
3.124617e-008 1.084
3.164617e-008 1.083
3.204617e-008 1.09
3.244617e-008 1.088
3.284617e-008 1.09
3.324617e-008 1.083
3.364617e-008 1.083
3.404617e-008 1.078
3.444617e-008 1.084
3.484617e-008 1.076
3.524617e-008 1.076
3.564617e-008 1.075
3.604617e-008 1.07
3.644617e-008 1.066
3.684617e-008 1.075
3.724617e-008 1.072
3.764617e-008 1.085
3.804617e-008 1.082
3.844617e-008 1.084
3.884617e-008 1.089
3.924617e-008 1.091
3.964617e-008 1.088
4.004617e-008 1.095
4.044617e-008 1.091
4.084617e-008 1.094
4.124617e-008 1.084
4.164617e-008 1.09
4.204617e-008 1.091
4.244617e-008 1.091
4.284617e-008 1.09
4.324617e-008 1.089
4.364617e-008 1.086
4.404617e-008 1.089
4.444617e-008 1.084
4.484617e-008 1.083
4.524617e-008 1.082
4.564617e-008 1.078
4.604617e-008 1.075
4.644617e-008 1.076
4.684617e-008 1.073
4.724617e-008 1.069
4.764617e-008 1.075
4.804617e-008 1.076
4.844617e-008 1.076
4.884617e-008 1.076
4.924617e-008 1.076
4.964617e-008 1.077
5.004617e-008 1.08
5.044617e-008 1.082
5.084617e-008 1.078
5.124617e-008 1.078
5.164617e-008 1.079
5.204617e-008 1.081
5.244617e-008 1.081
5.284617e-008 1.092
5.324617e-008 1.087
5.364617e-008 1.09
5.404617e-008 1.09
5.444617e-008 1.091
5.484617e-008 1.098
5.524617e-008 1.097
5.564617e-008 1.1
5.604617e-008 1.1
5.644617e-008 1.101
5.684617e-008 1.106
5.724617e-008 1.104
5.764617e-008 1.106
5.804617e-008 1.098
5.844617e-008 1.096
5.884617e-008 1.099
5.924617e-008 1.092
5.964617e-008 1.091
6.004617e-008 1.092
6.044617e-008 1.087
6.084617e-008 1.084
6.124617e-008 1.081
6.164617e-008 1.083
6.204617e-008 1.082
6.244617e-008 1.082
6.284617e-008 1.085
6.324617e-008 1.083
6.364617e-008 1.081
6.404617e-008 1.084
6.444617e-008 1.079
6.484617e-008 1.08
6.524617e-008 1.083
6.564617e-008 1.084
6.604617e-008 1.089
6.644617e-008 1.09
6.684617e-008 1.086
6.724617e-008 1.092
6.764617e-008 1.087
6.804617e-008 1.087
6.844617e-008 1.088
6.884617e-008 1.087
6.924617e-008 1.086
6.964617e-008 1.079
7.004617e-008 1.078
7.044617e-008 1.084
7.084617e-008 1.093
7.124617e-008 1.088
7.164617e-008 1.09
7.204617e-008 1.095
7.244617e-008 1.09
7.284617e-008 1.091
7.324617e-008 1.089
7.364617e-008 1.087
7.404617e-008 1.085
7.444617e-008 1.088
7.484617e-008 1.082
7.524617e-008 1.088
7.564617e-008 1.083
7.604617e-008 1.079
7.644617e-008 1.08
7.684617e-008 1.076
7.724617e-008 1.08
7.764617e-008 1.077
7.804617e-008 1.076
7.844617e-008 1.084
7.884617e-008 1.081
7.924617e-008 1.093
7.964617e-008 1.091
8.004617e-008 1.086
8.044617e-008 1.089
8.084617e-008 1.092
8.124617e-008 1.094
8.164617e-008 1.1
8.204617e-008 1.099
8.244617e-008 1.099
8.284617e-008 1.095
8.324617e-008 1.104
8.364617e-008 1.101
8.404617e-008 1.097
8.444617e-008 1.096
8.484617e-008 1.097
8.524617e-008 1.089
8.564617e-008 1.085
8.604617e-008 1.084
8.644617e-008 1.087
8.684617e-008 1.088
8.724617e-008 1.088
8.764617e-008 1.086
8.804617e-008 1.089
8.844617e-008 1.088
8.884617e-008 1.087
8.924617e-008 1.083
8.964617e-008 1.089
9.004617e-008 1.09
9.044617e-008 1.094
9.084617e-008 1.091
9.124617e-008 1.093
9.164617e-008 1.084
9.204617e-008 1.087
9.244617e-008 1.08
9.284617e-008 1.081
9.324617e-008 1.076
9.364617e-008 1.075
9.404617e-008 1.075
9.444617e-008 1.08
9.484617e-008 1.078
9.524617e-008 1.076
9.564617e-008 1.079
9.604617e-008 1.092
9.644617e-008 1.088
9.684617e-008 1.101
9.724617e-008 1.104
9.764617e-008 1.116
9.804617e-008 1.131
9.844617e-008 1.16
9.884617e-008 1.194
9.924617e-008 1.237
9.964617e-008 1.291
1.000462e-007 1.374
1.004462e-007 1.441
1.008462e-007 1.51
1.012462e-007 1.557
1.016462e-007 1.604
1.020462e-007 1.64
1.024462e-007 1.659
1.028462e-007 1.679
1.032462e-007 1.69
1.036462e-007 1.68
1.040462e-007 1.675
1.044462e-007 1.663
1.048462e-007 1.644
1.052462e-007 1.628
1.056462e-007 1.615
1.060462e-007 1.599
1.064462e-007 1.591
1.068462e-007 1.58
1.072462e-007 1.576
1.076462e-007 1.573
1.080462e-007 1.578
1.084462e-007 1.589
1.088462e-007 1.598
1.092462e-007 1.611
1.096462e-007 1.631
1.100462e-007 1.646
1.104462e-007 1.656
1.108462e-007 1.666
1.112462e-007 1.675
1.116462e-007 1.678
1.120462e-007 1.691
1.124462e-007 1.685
1.128462e-007 1.69
1.132462e-007 1.689
1.136462e-007 1.69
1.140462e-007 1.682
1.144462e-007 1.684
1.148462e-007 1.677
1.152462e-007 1.681
1.156462e-007 1.674
1.160462e-007 1.673
1.164462e-007 1.675
1.168462e-007 1.678
1.172462e-007 1.68
1.176462e-007 1.686
1.180462e-007 1.689
1.184462e-007 1.695
1.188462e-007 1.701
1.192462e-007 1.712
1.196462e-007 1.717
1.200462e-007 1.727
1.204462e-007 1.736
1.208462e-007 1.743
1.212462e-007 1.747
1.216462e-007 1.761
1.220462e-007 1.754
1.224462e-007 1.76
1.228462e-007 1.756
1.232462e-007 1.756
1.236462e-007 1.751
1.240462e-007 1.749
1.244462e-007 1.746
1.248462e-007 1.744
1.252462e-007 1.739
1.256462e-007 1.743
1.260462e-007 1.742
1.264462e-007 1.747
1.268462e-007 1.748
1.272462e-007 1.746
1.276462e-007 1.75
1.280462e-007 1.748
1.284462e-007 1.748
1.288462e-007 1.754
1.292462e-007 1.755
1.296462e-007 1.763
1.300462e-007 1.762
1.304462e-007 1.767
1.308462e-007 1.772
1.312462e-007 1.781
1.316462e-007 1.785
1.320462e-007 1.79
1.324462e-007 1.793
1.328462e-007 1.797
1.332462e-007 1.796
1.336462e-007 1.799
1.340462e-007 1.791
1.344462e-007 1.797
1.348462e-007 1.792
1.352462e-007 1.792
1.356462e-007 1.79
1.360462e-007 1.79
1.364462e-007 1.783
1.368462e-007 1.784
1.372462e-007 1.782
1.376462e-007 1.788
1.380462e-007 1.786
1.384462e-007 1.779
1.388462e-007 1.776
1.392462e-007 1.779
1.396462e-007 1.78
1.400462e-007 1.778
1.404462e-007 1.782
1.408462e-007 1.785
1.412462e-007 1.782
1.416462e-007 1.779
1.420462e-007 1.781
1.424462e-007 1.776
1.428462e-007 1.783
1.432462e-007 1.779
1.436462e-007 1.771
1.440462e-007 1.78
1.444462e-007 1.779
1.448462e-007 1.776
1.452462e-007 1.778
1.456462e-007 1.787
1.460462e-007 1.785
1.464462e-007 1.791
1.468462e-007 1.791
1.472462e-007 1.793
1.476462e-007 1.794
1.480462e-007 1.798
1.484462e-007 1.8
1.488462e-007 1.796
1.492462e-007 1.797
1.496462e-007 1.795
1.500462e-007 1.797
1.504462e-007 1.795
1.508462e-007 1.797
1.512462e-007 1.794
1.516462e-007 1.799
1.520462e-007 1.798
1.524462e-007 1.803
1.528462e-007 1.805
1.532462e-007 1.795
1.536462e-007 1.8
1.540462e-007 1.799
1.544462e-007 1.797
1.548462e-007 1.795
1.552462e-007 1.795
1.556462e-007 1.789
1.560462e-007 1.798
1.564462e-007 1.797
1.568462e-007 1.803
1.572462e-007 1.8
1.576462e-007 1.807
1.580462e-007 1.804
1.584462e-007 1.81
1.588462e-007 1.807
1.592462e-007 1.804
1.596462e-007 1.807
1.600462e-007 1.814
1.604462e-007 1.801
1.608462e-007 1.806
1.612462e-007 1.799
1.616462e-007 1.804
1.620462e-007 1.802
1.624462e-007 1.805
1.628462e-007 1.807
1.632462e-007 1.808
1.636462e-007 1.808
1.640462e-007 1.806
1.644462e-007 1.806
1.648462e-007 1.811
1.652462e-007 1.805
1.656462e-007 1.808
1.660462e-007 1.805
1.664462e-007 1.799
1.668462e-007 1.797
1.672462e-007 1.796
1.676462e-007 1.794
1.680462e-007 1.798
1.684462e-007 1.789
1.688462e-007 1.78
1.692462e-007 1.779
1.696462e-007 1.784
1.700462e-007 1.779
1.704462e-007 1.784
1.708462e-007 1.783
1.712462e-007 1.783
1.716462e-007 1.791
1.720462e-007 1.801
1.724462e-007 1.795
1.728462e-007 1.796
1.732462e-007 1.798
1.736462e-007 1.8
1.740462e-007 1.801
1.744462e-007 1.804
1.748462e-007 1.802
1.752462e-007 1.806
1.756462e-007 1.806
1.760462e-007 1.81
1.764462e-007 1.808
1.768462e-007 1.811
1.772462e-007 1.811
1.776462e-007 1.81
1.780462e-007 1.808
1.784462e-007 1.808
1.788462e-007 1.809
1.792462e-007 1.809
1.796462e-007 1.804
1.800462e-007 1.799
1.804462e-007 1.799
1.808462e-007 1.8
1.812462e-007 1.799
1.816462e-007 1.802
1.820462e-007 1.804
1.824462e-007 1.814
1.828462e-007 1.811
1.832462e-007 1.814
1.836462e-007 1.806
1.840462e-007 1.812
1.844462e-007 1.801
1.848462e-007 1.807
1.852462e-007 1.799
1.856462e-007 1.8
1.860462e-007 1.798
1.864462e-007 1.797
1.868462e-007 1.8
1.872462e-007 1.806
1.876462e-007 1.805
1.880462e-007 1.81
1.884462e-007 1.804
1.888462e-007 1.81
1.892462e-007 1.803
1.896462e-007 1.806
1.900462e-007 1.807
1.904462e-007 1.806
1.908462e-007 1.803
1.912462e-007 1.808
1.916462e-007 1.803
1.920462e-007 1.802
1.924462e-007 1.796
1.928462e-007 1.8
1.932462e-007 1.803
1.936462e-007 1.8
1.940462e-007 1.79
1.944462e-007 1.79
1.948462e-007 1.788
1.952462e-007 1.786
1.956462e-007 1.791
1.960462e-007 1.794
1.964462e-007 1.787
1.968462e-007 1.79
1.972462e-007 1.787
1.976462e-007 1.783
1.980462e-007 1.757
1.984462e-007 1.689
1.988462e-007 1.594
1.992462e-007 1.496
1.996462e-007 1.389
2.000462e-007 1.303
2.004462e-007 1.232
2.008462e-007 1.17
2.012462e-007 1.119
2.016462e-007 1.083
2.020462e-007 1.059
2.024462e-007 1.054
2.028462e-007 1.061
2.032462e-007 1.088
2.036462e-007 1.106
2.040462e-007 1.146
2.044462e-007 1.159
2.048462e-007 1.179
2.052462e-007 1.186
2.056462e-007 1.183
2.060462e-007 1.163
2.064462e-007 1.139
2.068462e-007 1.108
2.072462e-007 1.086
2.076462e-007 1.062
2.080462e-007 1.049
2.084462e-007 1.034
2.088462e-007 1.024
2.092462e-007 1.017
2.096462e-007 1.024
2.100462e-007 1.02
2.104462e-007 1.03
2.108462e-007 1.045
2.112462e-007 1.055
2.116462e-007 1.073
2.120462e-007 1.089
2.124462e-007 1.098
2.128462e-007 1.108
2.132462e-007 1.109
2.136462e-007 1.106
2.140462e-007 1.094
2.144462e-007 1.094
2.148462e-007 1.083
2.152462e-007 1.074
2.156462e-007 1.062
2.160462e-007 1.058
2.164462e-007 1.058
2.168462e-007 1.064
2.172462e-007 1.06
2.176462e-007 1.068
2.180462e-007 1.068
2.184462e-007 1.075
2.188462e-007 1.075
2.192462e-007 1.073
2.196462e-007 1.064
2.200462e-007 1.068
2.204462e-007 1.061
2.208462e-007 1.062
2.212462e-007 1.056
2.216462e-007 1.054
2.220462e-007 1.052
2.224462e-007 1.055
2.228462e-007 1.059
2.232462e-007 1.062
2.236462e-007 1.06
2.240462e-007 1.067
2.244462e-007 1.068
2.248462e-007 1.075
2.252462e-007 1.078
2.256462e-007 1.09
2.260462e-007 1.09
2.264462e-007 1.09
2.268462e-007 1.091
2.272462e-007 1.093
2.276462e-007 1.088
2.280462e-007 1.086
2.284462e-007 1.084
2.288462e-007 1.089
2.292462e-007 1.089
2.296462e-007 1.079
2.300462e-007 1.081
2.304462e-007 1.083
2.308462e-007 1.082
2.312462e-007 1.084
2.316462e-007 1.081
2.320462e-007 1.084
2.324462e-007 1.09
2.328462e-007 1.091
2.332462e-007 1.088
2.336462e-007 1.091
2.340462e-007 1.082
2.344462e-007 1.079
2.348462e-007 1.078
2.352462e-007 1.077
2.356462e-007 1.073
2.360462e-007 1.069
2.364462e-007 1.07
2.368462e-007 1.073
2.372462e-007 1.08
2.376462e-007 1.083
2.380462e-007 1.083
2.384462e-007 1.092
2.388462e-007 1.091
2.392462e-007 1.094
2.396462e-007 1.095
2.400462e-007 1.094
2.404462e-007 1.092
2.408462e-007 1.09
2.412462e-007 1.09
2.416462e-007 1.091
2.420462e-007 1.088
2.424462e-007 1.089
2.428462e-007 1.086
2.432462e-007 1.088
2.436462e-007 1.083
2.440462e-007 1.088
2.444462e-007 1.079
2.448462e-007 1.082
2.452462e-007 1.082
2.456462e-007 1.079
2.460462e-007 1.082
2.464462e-007 1.073
2.468462e-007 1.073
2.472462e-007 1.072
2.476462e-007 1.072
2.480462e-007 1.077
2.484462e-007 1.073
2.488462e-007 1.076
2.492462e-007 1.072
2.496462e-007 1.08
2.500462e-007 1.079
2.504462e-007 1.082
2.508462e-007 1.082
2.512462e-007 1.087
2.516462e-007 1.083
2.520462e-007 1.086
2.524462e-007 1.086
2.528462e-007 1.09
2.532462e-007 1.091
2.536462e-007 1.087
2.540462e-007 1.094
2.544462e-007 1.094
2.548462e-007 1.094
2.552462e-007 1.097
2.556462e-007 1.097
2.560462e-007 1.104
2.564462e-007 1.103
2.568462e-007 1.099
2.572462e-007 1.098
2.576462e-007 1.1
2.580462e-007 1.097
2.584462e-007 1.093
2.588462e-007 1.088
2.592462e-007 1.092
2.596462e-007 1.09
2.600462e-007 1.089
2.604462e-007 1.081
2.608462e-007 1.085
2.612462e-007 1.081
2.616462e-007 1.081
2.620462e-007 1.079
2.624462e-007 1.085
2.628462e-007 1.083
2.632462e-007 1.086
2.636462e-007 1.08
2.640462e-007 1.087
2.644462e-007 1.083
2.648462e-007 1.083
2.652462e-007 1.092
2.656462e-007 1.089
2.660462e-007 1.089
2.664462e-007 1.091
2.668462e-007 1.089
2.672462e-007 1.092
2.676462e-007 1.087
2.680462e-007 1.086
2.684462e-007 1.08
2.688462e-007 1.082
2.692462e-007 1.078
2.696462e-007 1.085
2.700462e-007 1.081
2.704462e-007 1.085
2.708462e-007 1.085
2.712462e-007 1.084
2.716462e-007 1.086
2.720462e-007 1.09
2.724462e-007 1.088
2.728462e-007 1.086
2.732462e-007 1.086
2.736462e-007 1.086
2.740462e-007 1.083
2.744462e-007 1.083
2.748462e-007 1.086
2.752462e-007 1.083
2.756462e-007 1.088
2.760462e-007 1.09
2.764462e-007 1.089
2.768462e-007 1.091
2.772462e-007 1.089
2.776462e-007 1.088
2.780462e-007 1.086
2.784462e-007 1.093
2.788462e-007 1.087
2.792462e-007 1.09
2.796462e-007 1.085
2.800462e-007 1.092
2.804462e-007 1.087
2.808462e-007 1.089
2.812462e-007 1.089
2.816462e-007 1.094
2.820462e-007 1.096
2.824462e-007 1.096
2.828462e-007 1.098
2.832462e-007 1.098
2.836462e-007 1.095
2.840462e-007 1.094
2.844462e-007 1.093
2.848462e-007 1.094
2.852462e-007 1.085
2.856462e-007 1.088
2.860462e-007 1.083
2.864462e-007 1.09
2.868462e-007 1.085
2.872462e-007 1.081
2.876462e-007 1.084
2.880462e-007 1.083
2.884462e-007 1.085
2.888462e-007 1.083
2.892462e-007 1.09
2.896462e-007 1.09
2.900462e-007 1.089
2.904462e-007 1.092
2.908462e-007 1.087
2.912462e-007 1.091
2.916462e-007 1.083
2.920462e-007 1.088
2.924462e-007 1.079
2.928462e-007 1.08
2.932462e-007 1.077
2.936462e-007 1.076
2.940462e-007 1.076
2.944462e-007 1.079
2.948462e-007 1.077
2.952462e-007 1.076
2.956462e-007 1.083
2.960462e-007 1.085
2.964462e-007 1.089
2.968462e-007 1.096
2.972462e-007 1.106
2.976462e-007 1.109
2.980462e-007 1.132
2.984462e-007 1.151
2.988462e-007 1.184
2.992462e-007 1.234
2.996462e-007 1.284
3.000462e-007 1.365
3.004462e-007 1.439
3.008462e-007 1.513
3.012462e-007 1.556
3.016462e-007 1.601
3.020462e-007 1.632
3.024462e-007 1.661
3.028462e-007 1.676
3.032462e-007 1.688
3.036462e-007 1.689
3.040462e-007 1.682
3.044462e-007 1.661
3.048462e-007 1.648
3.052462e-007 1.634
3.056462e-007 1.622
3.060462e-007 1.602
3.064462e-007 1.597
3.068462e-007 1.584
3.072462e-007 1.588
3.076462e-007 1.579
3.080462e-007 1.579
3.084462e-007 1.592
3.088462e-007 1.604
3.092462e-007 1.615
3.096462e-007 1.628
3.100462e-007 1.641
3.104462e-007 1.657
3.108462e-007 1.662
3.112462e-007 1.673
3.116462e-007 1.683
3.120462e-007 1.688
3.124462e-007 1.689
3.128462e-007 1.689
3.132462e-007 1.685
3.136462e-007 1.684
3.140462e-007 1.685
3.144462e-007 1.684
3.148462e-007 1.677
3.152462e-007 1.676
3.156462e-007 1.672
3.160462e-007 1.675
3.164462e-007 1.682
3.168462e-007 1.684
3.172462e-007 1.682
3.176462e-007 1.691
3.180462e-007 1.694
3.184462e-007 1.703
3.188462e-007 1.707
3.192462e-007 1.712
3.196462e-007 1.719
3.200462e-007 1.733
3.204462e-007 1.743
3.208462e-007 1.753
3.212462e-007 1.749
3.216462e-007 1.758
3.220462e-007 1.757
3.224462e-007 1.761
3.228462e-007 1.757
3.232462e-007 1.758
3.236462e-007 1.747
3.240462e-007 1.745
3.244462e-007 1.742
3.248462e-007 1.747
3.252462e-007 1.739
3.256462e-007 1.745
3.260462e-007 1.741
3.264462e-007 1.744
3.268462e-007 1.747
3.272462e-007 1.745
3.276462e-007 1.744
3.280462e-007 1.751
3.284462e-007 1.745
3.288462e-007 1.756
3.292462e-007 1.757
3.296462e-007 1.756
3.300462e-007 1.76
3.304462e-007 1.765
3.308462e-007 1.77
3.312462e-007 1.782
3.316462e-007 1.781
3.320462e-007 1.784
3.324462e-007 1.792
3.328462e-007 1.791
3.332462e-007 1.795
3.336462e-007 1.795
3.340462e-007 1.791
3.344462e-007 1.794
3.348462e-007 1.788
3.352462e-007 1.793
3.356462e-007 1.782
3.360462e-007 1.787
3.364462e-007 1.785
3.368462e-007 1.788
3.372462e-007 1.784
3.376462e-007 1.783
3.380462e-007 1.779
3.384462e-007 1.782
3.388462e-007 1.776
3.392462e-007 1.785
3.396462e-007 1.785
3.400462e-007 1.782
3.404462e-007 1.78
3.408462e-007 1.788
3.412462e-007 1.782
3.416462e-007 1.786
3.420462e-007 1.779
3.424462e-007 1.787
3.428462e-007 1.78
3.432462e-007 1.775
3.436462e-007 1.774
3.440462e-007 1.777
3.444462e-007 1.773
3.448462e-007 1.768
3.452462e-007 1.774
3.456462e-007 1.781
3.460462e-007 1.784
3.464462e-007 1.788
3.468462e-007 1.789
3.472462e-007 1.793
3.476462e-007 1.799
3.480462e-007 1.799
3.484462e-007 1.8
3.488462e-007 1.802
3.492462e-007 1.791
3.496462e-007 1.799
3.500462e-007 1.791
3.504462e-007 1.795
3.508462e-007 1.801
3.512462e-007 1.795
3.516462e-007 1.798
3.520462e-007 1.801
3.524462e-007 1.799
3.528462e-007 1.8
3.532462e-007 1.796
3.536462e-007 1.794
3.540462e-007 1.788
3.544462e-007 1.791
3.548462e-007 1.789
3.552462e-007 1.789
3.556462e-007 1.786
3.560462e-007 1.786
3.564462e-007 1.794
3.568462e-007 1.794
3.572462e-007 1.792
3.576462e-007 1.799
3.580462e-007 1.805
3.584462e-007 1.807
3.588462e-007 1.808
3.592462e-007 1.812
3.596462e-007 1.808
3.600462e-007 1.812
3.604462e-007 1.801
3.608462e-007 1.807
3.612462e-007 1.805
3.616462e-007 1.8
3.620462e-007 1.801
3.624462e-007 1.805
3.628462e-007 1.8
3.632462e-007 1.805
3.636462e-007 1.799
3.640462e-007 1.802
3.644462e-007 1.806
3.648462e-007 1.809
3.652462e-007 1.805
3.656462e-007 1.803
3.660462e-007 1.801
3.664462e-007 1.806
3.668462e-007 1.803
3.672462e-007 1.797
3.676462e-007 1.789
3.680462e-007 1.791
3.684462e-007 1.784
3.688462e-007 1.782
3.692462e-007 1.784
3.696462e-007 1.784
3.700462e-007 1.784
3.704462e-007 1.787
3.708462e-007 1.79
3.712462e-007 1.788
3.716462e-007 1.79
3.720462e-007 1.792
3.724462e-007 1.794
3.728462e-007 1.802
3.732462e-007 1.8
3.736462e-007 1.804
3.740462e-007 1.798
3.744462e-007 1.806
3.748462e-007 1.803
3.752462e-007 1.808
3.756462e-007 1.805
3.760462e-007 1.811
3.764462e-007 1.806
3.768462e-007 1.805
3.772462e-007 1.805
3.776462e-007 1.808
3.780462e-007 1.804
3.784462e-007 1.808
3.788462e-007 1.806
3.792462e-007 1.806
3.796462e-007 1.802
3.800462e-007 1.803
3.804462e-007 1.798
3.808462e-007 1.802
3.812462e-007 1.801
3.816462e-007 1.806
3.820462e-007 1.809
3.824462e-007 1.817
3.828462e-007 1.808
3.832462e-007 1.813
3.836462e-007 1.812
3.840462e-007 1.813
3.844462e-007 1.807
3.848462e-007 1.806
3.852462e-007 1.806
3.856462e-007 1.805
3.860462e-007 1.797
3.864462e-007 1.799
3.868462e-007 1.799
3.872462e-007 1.806
3.876462e-007 1.802
3.880462e-007 1.803
3.884462e-007 1.802
3.888462e-007 1.805
3.892462e-007 1.801
3.896462e-007 1.809
3.900462e-007 1.806
3.904462e-007 1.813
3.908462e-007 1.803
3.912462e-007 1.803
3.916462e-007 1.807
3.920462e-007 1.804
3.924462e-007 1.806
3.928462e-007 1.798
3.932462e-007 1.793
3.936462e-007 1.793
3.940462e-007 1.795
3.944462e-007 1.797
3.948462e-007 1.792
3.952462e-007 1.793
3.956462e-007 1.793
3.960462e-007 1.795
3.964462e-007 1.796
3.968462e-007 1.8
3.972462e-007 1.791
3.976462e-007 1.783
3.980462e-007 1.754
3.984462e-007 1.698
3.988462e-007 1.604
3.992462e-007 1.5
3.996462e-007 1.403
4.000462e-007 1.31
4.004462e-007 1.236
4.008462e-007 1.179
4.012462e-007 1.122
4.016462e-007 1.087
4.020462e-007 1.067
4.024462e-007 1.053
4.028462e-007 1.059
4.032462e-007 1.087
4.036462e-007 1.115
4.040462e-007 1.143
4.044462e-007 1.171
4.048462e-007 1.185
4.052462e-007 1.189
4.056462e-007 1.184
4.060462e-007 1.165
4.064462e-007 1.138
4.068462e-007 1.113
4.072462e-007 1.079
4.076462e-007 1.061
4.080462e-007 1.044
4.084462e-007 1.028
4.088462e-007 1.022
4.092462e-007 1.016
4.096462e-007 1.016
4.100462e-007 1.009
4.104462e-007 1.018
4.108462e-007 1.031
4.112462e-007 1.049
4.116462e-007 1.068
4.120462e-007 1.082
4.124462e-007 1.086
4.128462e-007 1.101
4.132462e-007 1.101
4.136462e-007 1.1
4.140462e-007 1.093
4.144462e-007 1.095
4.148462e-007 1.083
4.152462e-007 1.074
4.156462e-007 1.071
4.160462e-007 1.063
4.164462e-007 1.057
4.168462e-007 1.062
4.172462e-007 1.061
4.176462e-007 1.064
4.180462e-007 1.058
4.184462e-007 1.067
4.188462e-007 1.067
4.192462e-007 1.066
4.196462e-007 1.067
4.200462e-007 1.062
4.204462e-007 1.054
4.208462e-007 1.056
4.212462e-007 1.048
4.216462e-007 1.051
4.220462e-007 1.047
4.224462e-007 1.052
4.228462e-007 1.053
4.232462e-007 1.06
4.236462e-007 1.059
4.240462e-007 1.069
4.244462e-007 1.072
4.248462e-007 1.076
4.252462e-007 1.08
4.256462e-007 1.085
4.260462e-007 1.089
4.264462e-007 1.089
4.268462e-007 1.088
4.272462e-007 1.093
4.276462e-007 1.09
4.280462e-007 1.09
4.284462e-007 1.096
4.288462e-007 1.089
4.292462e-007 1.085
4.296462e-007 1.083
4.300462e-007 1.082
4.304462e-007 1.086
4.308462e-007 1.077
4.312462e-007 1.085
4.316462e-007 1.08
4.320462e-007 1.082
4.324462e-007 1.086
4.328462e-007 1.09
4.332462e-007 1.092
4.336462e-007 1.088
4.340462e-007 1.083
4.344462e-007 1.077
4.348462e-007 1.075
4.352462e-007 1.079
4.356462e-007 1.075
4.360462e-007 1.079
4.364462e-007 1.07
4.368462e-007 1.078
4.372462e-007 1.076
4.376462e-007 1.081
4.380462e-007 1.085
4.384462e-007 1.092
4.388462e-007 1.095
4.392462e-007 1.092
4.396462e-007 1.096
4.400462e-007 1.093
4.404462e-007 1.089
4.408462e-007 1.089
4.412462e-007 1.084
4.416462e-007 1.092
4.420462e-007 1.083
4.424462e-007 1.087
4.428462e-007 1.084
4.432462e-007 1.086
4.436462e-007 1.082
4.440462e-007 1.087
4.444462e-007 1.084
4.448462e-007 1.082
4.452462e-007 1.083
4.456462e-007 1.083
4.460462e-007 1.078
4.464462e-007 1.08
4.468462e-007 1.075
4.472462e-007 1.072
4.476462e-007 1.072
4.480462e-007 1.072
4.484462e-007 1.075
4.488462e-007 1.076
4.492462e-007 1.071
4.496462e-007 1.076
4.500462e-007 1.083
4.504462e-007 1.078
4.508462e-007 1.086
4.512462e-007 1.082
4.516462e-007 1.08
4.520462e-007 1.088
4.524462e-007 1.08
4.528462e-007 1.085
4.532462e-007 1.086
4.536462e-007 1.088
4.540462e-007 1.093
4.544462e-007 1.098
4.548462e-007 1.095
4.552462e-007 1.098
4.556462e-007 1.096
4.560462e-007 1.103
4.564462e-007 1.104
4.568462e-007 1.101
4.572462e-007 1.098
4.576462e-007 1.101
4.580462e-007 1.096
4.584462e-007 1.095
4.588462e-007 1.091
4.592462e-007 1.09
4.596462e-007 1.088
4.600462e-007 1.09
4.604462e-007 1.082
4.608462e-007 1.086
4.612462e-007 1.083
4.616462e-007 1.079
4.620462e-007 1.082
4.624462e-007 1.088
4.628462e-007 1.086
4.632462e-007 1.085
4.636462e-007 1.079
4.640462e-007 1.085
4.644462e-007 1.084
4.648462e-007 1.084
4.652462e-007 1.083
4.656462e-007 1.087
4.660462e-007 1.09
4.664462e-007 1.094
4.668462e-007 1.09
4.672462e-007 1.092
4.676462e-007 1.087
4.680462e-007 1.092
4.684462e-007 1.085
4.688462e-007 1.088
4.692462e-007 1.081
4.696462e-007 1.084
4.700462e-007 1.087
4.704462e-007 1.082
4.708462e-007 1.088
4.712462e-007 1.085
4.716462e-007 1.09
4.720462e-007 1.089
4.724462e-007 1.085
4.728462e-007 1.089
4.732462e-007 1.083
4.736462e-007 1.083
4.740462e-007 1.082
4.744462e-007 1.083
4.748462e-007 1.079
4.752462e-007 1.083
4.756462e-007 1.078
4.760462e-007 1.079
4.764462e-007 1.081
4.768462e-007 1.087
4.772462e-007 1.083
4.776462e-007 1.084
4.780462e-007 1.085
4.784462e-007 1.087
4.788462e-007 1.089
4.792462e-007 1.093
4.796462e-007 1.093
4.800462e-007 1.092
4.804462e-007 1.094
4.808462e-007 1.093
4.812462e-007 1.092
4.816462e-007 1.097
4.820462e-007 1.093
4.824462e-007 1.095
4.828462e-007 1.097
4.832462e-007 1.1
4.836462e-007 1.095
4.840462e-007 1.098
4.844462e-007 1.088
4.848462e-007 1.094
4.852462e-007 1.09
4.856462e-007 1.089
4.860462e-007 1.084
4.864462e-007 1.088
4.868462e-007 1.079
4.872462e-007 1.078
4.876462e-007 1.086
4.880462e-007 1.083
4.884462e-007 1.089
4.888462e-007 1.09
4.892462e-007 1.086
4.896462e-007 1.094
4.900462e-007 1.086
4.904462e-007 1.089
4.908462e-007 1.086
4.912462e-007 1.087
4.916462e-007 1.088
4.920462e-007 1.091
4.924462e-007 1.081
4.928462e-007 1.079
4.932462e-007 1.081
4.936462e-007 1.079
4.940462e-007 1.079
4.944462e-007 1.083
4.948462e-007 1.077
4.952462e-007 1.084
4.956462e-007 1.081
4.960462e-007 1.089
4.964462e-007 1.092
4.968462e-007 1.102
4.972462e-007 1.103
4.976462e-007 1.12
4.980462e-007 1.128
4.984462e-007 1.155
4.988462e-007 1.185
4.992462e-007 1.23
4.996462e-007 1.284
5.000462e-007 1.362
5.004462e-007 1.436
5.008462e-007 1.504
5.012462e-007 1.557
5.016462e-007 1.598
5.020462e-007 1.627
5.024462e-007 1.658
5.028462e-007 1.682
5.032462e-007 1.69
5.036462e-007 1.688
5.040462e-007 1.668
5.044462e-007 1.654
5.048462e-007 1.651
5.052462e-007 1.626
5.056462e-007 1.62
5.060462e-007 1.604
5.064462e-007 1.591
5.068462e-007 1.586
5.072462e-007 1.579
5.076462e-007 1.576
5.080462e-007 1.579
5.084462e-007 1.587
5.088462e-007 1.607
5.092462e-007 1.611
5.096462e-007 1.63
5.100462e-007 1.64
5.104462e-007 1.656
5.108462e-007 1.662
5.112462e-007 1.678
5.116462e-007 1.684
5.120462e-007 1.689
5.124462e-007 1.692
5.128462e-007 1.692
5.132462e-007 1.687
5.136462e-007 1.684
5.140462e-007 1.676
5.144462e-007 1.68
5.148462e-007 1.677
5.152462e-007 1.674
5.156462e-007 1.671
5.160462e-007 1.675
5.164462e-007 1.671
5.168462e-007 1.679
5.172462e-007 1.679
5.176462e-007 1.681
5.180462e-007 1.687
5.184462e-007 1.697
5.188462e-007 1.702
5.192462e-007 1.71
5.196462e-007 1.718
5.200462e-007 1.732
5.204462e-007 1.737
5.208462e-007 1.747
5.212462e-007 1.753
5.216462e-007 1.756
5.220462e-007 1.76
5.224462e-007 1.759
5.228462e-007 1.755
5.232462e-007 1.752
5.236462e-007 1.755
5.240462e-007 1.752
5.244462e-007 1.745
5.248462e-007 1.75
5.252462e-007 1.741
5.256462e-007 1.742
5.260462e-007 1.747
5.264462e-007 1.753
5.268462e-007 1.747
5.272462e-007 1.751
5.276462e-007 1.751
5.280462e-007 1.75
5.284462e-007 1.75
5.288462e-007 1.755
5.292462e-007 1.752
5.296462e-007 1.76
5.300462e-007 1.759
5.304462e-007 1.772
5.308462e-007 1.767
5.312462e-007 1.776
5.316462e-007 1.776
5.320462e-007 1.787
5.324462e-007 1.787
5.328462e-007 1.793
5.332462e-007 1.793
5.336462e-007 1.794
5.340462e-007 1.794
5.344462e-007 1.795
5.348462e-007 1.789
5.352462e-007 1.791
5.356462e-007 1.79
5.360462e-007 1.792
5.364462e-007 1.792
5.368462e-007 1.785
5.372462e-007 1.783
5.376462e-007 1.787
5.380462e-007 1.78
5.384462e-007 1.786
5.388462e-007 1.778
5.392462e-007 1.781
5.396462e-007 1.784
5.400462e-007 1.782
5.404462e-007 1.783
5.408462e-007 1.788
5.412462e-007 1.784
5.416462e-007 1.782
5.420462e-007 1.784
5.424462e-007 1.782
5.428462e-007 1.781
5.432462e-007 1.779
5.436462e-007 1.775
5.440462e-007 1.773
5.444462e-007 1.769
5.448462e-007 1.773
5.452462e-007 1.779
5.456462e-007 1.779
5.460462e-007 1.782
5.464462e-007 1.784
5.468462e-007 1.787
5.472462e-007 1.794
5.476462e-007 1.796
5.480462e-007 1.795
5.484462e-007 1.796
5.488462e-007 1.799
5.492462e-007 1.799
5.496462e-007 1.798
5.500462e-007 1.795
5.504462e-007 1.802
5.508462e-007 1.801
5.512462e-007 1.796
5.516462e-007 1.803
5.520462e-007 1.802
5.524462e-007 1.8
5.528462e-007 1.799
5.532462e-007 1.797
5.536462e-007 1.798
5.540462e-007 1.793
5.544462e-007 1.791
5.548462e-007 1.788
5.552462e-007 1.788
5.556462e-007 1.789
5.560462e-007 1.789
5.564462e-007 1.795
5.568462e-007 1.802
5.572462e-007 1.801
5.576462e-007 1.804
5.580462e-007 1.802
5.584462e-007 1.81
5.588462e-007 1.806
5.592462e-007 1.805
5.596462e-007 1.807
5.600462e-007 1.806
5.604462e-007 1.806
5.608462e-007 1.804
5.612462e-007 1.797
5.616462e-007 1.8
5.620462e-007 1.797
5.624462e-007 1.803
5.628462e-007 1.803
5.632462e-007 1.809
5.636462e-007 1.809
5.640462e-007 1.812
5.644462e-007 1.811
5.648462e-007 1.811
5.652462e-007 1.807
5.656462e-007 1.804
5.660462e-007 1.804
5.664462e-007 1.807
5.668462e-007 1.8
5.672462e-007 1.798
5.676462e-007 1.794
5.680462e-007 1.792
5.684462e-007 1.789
5.688462e-007 1.792
5.692462e-007 1.785
5.696462e-007 1.789
5.700462e-007 1.782
5.704462e-007 1.784
5.708462e-007 1.788
5.712462e-007 1.788
5.716462e-007 1.791
5.720462e-007 1.792
5.724462e-007 1.796
5.728462e-007 1.798
5.732462e-007 1.791
5.736462e-007 1.799
5.740462e-007 1.803
5.744462e-007 1.8
5.748462e-007 1.8
5.752462e-007 1.806
5.756462e-007 1.8
5.760462e-007 1.802
5.764462e-007 1.803
5.768462e-007 1.805
5.772462e-007 1.803
5.776462e-007 1.808
5.780462e-007 1.805
5.784462e-007 1.806
5.788462e-007 1.803
5.792462e-007 1.799
5.796462e-007 1.8
5.800462e-007 1.798
5.804462e-007 1.797
5.808462e-007 1.802
5.812462e-007 1.799
5.816462e-007 1.803
5.820462e-007 1.807
5.824462e-007 1.814
5.828462e-007 1.805
5.832462e-007 1.818
5.836462e-007 1.807
5.840462e-007 1.807
5.844462e-007 1.805
5.848462e-007 1.802
5.852462e-007 1.806
5.856462e-007 1.799
5.860462e-007 1.799
5.864462e-007 1.8
5.868462e-007 1.801
5.872462e-007 1.806
5.876462e-007 1.803
5.880462e-007 1.803
5.884462e-007 1.805
5.888462e-007 1.81
5.892462e-007 1.809
5.896462e-007 1.811
5.900462e-007 1.804
5.904462e-007 1.81
5.908462e-007 1.804
5.912462e-007 1.805
5.916462e-007 1.808
5.920462e-007 1.808
5.924462e-007 1.805
5.928462e-007 1.8
5.932462e-007 1.801
5.936462e-007 1.795
5.940462e-007 1.792
5.944462e-007 1.789
5.948462e-007 1.791
5.952462e-007 1.788
5.956462e-007 1.786
5.960462e-007 1.791
5.964462e-007 1.786
5.968462e-007 1.795
5.972462e-007 1.786
5.976462e-007 1.778
5.980462e-007 1.761
5.984462e-007 1.701
5.988462e-007 1.61
5.992462e-007 1.506
5.996462e-007 1.4
6.000462e-007 1.31
6.004462e-007 1.239
6.008462e-007 1.183
6.012462e-007 1.127
6.016462e-007 1.09
6.020462e-007 1.065
6.024462e-007 1.056
6.028462e-007 1.063
6.032462e-007 1.083
6.036462e-007 1.109
6.040462e-007 1.141
6.044462e-007 1.163
6.048462e-007 1.187
6.052462e-007 1.183
6.056462e-007 1.18
6.060462e-007 1.162
6.064462e-007 1.14
6.068462e-007 1.106
6.072462e-007 1.084
6.076462e-007 1.062
6.080462e-007 1.043
6.084462e-007 1.03
6.088462e-007 1.023
6.092462e-007 1.02
6.096462e-007 1.014
6.100462e-007 1.016
6.104462e-007 1.03
6.108462e-007 1.033
6.112462e-007 1.056
6.116462e-007 1.066
6.120462e-007 1.08
6.124462e-007 1.091
6.128462e-007 1.1
6.132462e-007 1.104
6.136462e-007 1.105
6.140462e-007 1.096
6.144462e-007 1.09
6.148462e-007 1.086
6.152462e-007 1.077
6.156462e-007 1.066
6.160462e-007 1.058
6.164462e-007 1.059
6.168462e-007 1.057
6.172462e-007 1.057
6.176462e-007 1.061
6.180462e-007 1.059
6.184462e-007 1.065
6.188462e-007 1.064
6.192462e-007 1.062
6.196462e-007 1.065
6.200462e-007 1.059
6.204462e-007 1.061
6.208462e-007 1.056
6.212462e-007 1.051
6.216462e-007 1.055
6.220462e-007 1.048
6.224462e-007 1.052
6.228462e-007 1.051
6.232462e-007 1.053
6.236462e-007 1.052
6.240462e-007 1.061
6.244462e-007 1.066
6.248462e-007 1.075
6.252462e-007 1.08
6.256462e-007 1.084
6.260462e-007 1.086
6.264462e-007 1.087
6.268462e-007 1.083
6.272462e-007 1.095
6.276462e-007 1.091
6.280462e-007 1.089
6.284462e-007 1.092
6.288462e-007 1.092
6.292462e-007 1.09
6.296462e-007 1.089
6.300462e-007 1.085
6.304462e-007 1.088
6.308462e-007 1.083
6.312462e-007 1.087
6.316462e-007 1.087
6.320462e-007 1.093
6.324462e-007 1.089
6.328462e-007 1.09
6.332462e-007 1.087
6.336462e-007 1.088
6.340462e-007 1.079
6.344462e-007 1.085
6.348462e-007 1.078
6.352462e-007 1.073
6.356462e-007 1.066
6.360462e-007 1.066
6.364462e-007 1.068
6.368462e-007 1.074
6.372462e-007 1.073
6.376462e-007 1.085
6.380462e-007 1.083
6.384462e-007 1.086
6.388462e-007 1.091
6.392462e-007 1.092
6.396462e-007 1.096
6.400462e-007 1.101
6.404462e-007 1.095
6.408462e-007 1.096
6.412462e-007 1.089
6.416462e-007 1.091
6.420462e-007 1.088
6.424462e-007 1.089
6.428462e-007 1.082
6.432462e-007 1.09
6.436462e-007 1.085
6.440462e-007 1.083
6.444462e-007 1.081
6.448462e-007 1.086
6.452462e-007 1.086
6.456462e-007 1.081
6.460462e-007 1.075
6.464462e-007 1.075
6.468462e-007 1.074
6.472462e-007 1.071
6.476462e-007 1.072
6.480462e-007 1.074
6.484462e-007 1.069
6.488462e-007 1.076
6.492462e-007 1.072
6.496462e-007 1.082
6.500462e-007 1.079
6.504462e-007 1.084
6.508462e-007 1.08
6.512462e-007 1.088
6.516462e-007 1.088
6.520462e-007 1.086
6.524462e-007 1.087
6.528462e-007 1.091
6.532462e-007 1.082
6.536462e-007 1.097
6.540462e-007 1.092
6.544462e-007 1.094
6.548462e-007 1.095
6.552462e-007 1.094
6.556462e-007 1.093
6.560462e-007 1.101
6.564462e-007 1.101
6.568462e-007 1.099
6.572462e-007 1.101
6.576462e-007 1.101
6.580462e-007 1.097
6.584462e-007 1.098
6.588462e-007 1.089
6.592462e-007 1.092
6.596462e-007 1.088
6.600462e-007 1.085
6.604462e-007 1.081
6.608462e-007 1.088
6.612462e-007 1.08
6.616462e-007 1.085
6.620462e-007 1.086
6.624462e-007 1.084
6.628462e-007 1.08
6.632462e-007 1.08
6.636462e-007 1.083
6.640462e-007 1.082
6.644462e-007 1.081
6.648462e-007 1.082
6.652462e-007 1.083
6.656462e-007 1.09
6.660462e-007 1.087
6.664462e-007 1.086
6.668462e-007 1.093
6.672462e-007 1.089
6.676462e-007 1.085
6.680462e-007 1.082
6.684462e-007 1.08
6.688462e-007 1.089
6.692462e-007 1.079
6.696462e-007 1.084
6.700462e-007 1.083
6.704462e-007 1.087
6.708462e-007 1.087
6.712462e-007 1.092
6.716462e-007 1.088
6.720462e-007 1.092
6.724462e-007 1.091
6.728462e-007 1.088
6.732462e-007 1.086
6.736462e-007 1.089
6.740462e-007 1.086
6.744462e-007 1.087
6.748462e-007 1.082
6.752462e-007 1.086
6.756462e-007 1.083
6.760462e-007 1.088
6.764462e-007 1.081
6.768462e-007 1.089
6.772462e-007 1.085
6.776462e-007 1.087
6.780462e-007 1.081
6.784462e-007 1.09
6.788462e-007 1.09
6.792462e-007 1.089
6.796462e-007 1.092
6.800462e-007 1.089
6.804462e-007 1.087
6.808462e-007 1.094
6.812462e-007 1.092
6.816462e-007 1.094
6.820462e-007 1.095
6.824462e-007 1.101
6.828462e-007 1.1
6.832462e-007 1.101
6.836462e-007 1.097
6.840462e-007 1.098
6.844462e-007 1.094
6.848462e-007 1.095
6.852462e-007 1.09
6.856462e-007 1.092
6.860462e-007 1.091
6.864462e-007 1.092
6.868462e-007 1.084
6.872462e-007 1.088
6.876462e-007 1.09
6.880462e-007 1.094
6.884462e-007 1.087
6.888462e-007 1.086
6.892462e-007 1.088
6.896462e-007 1.085
6.900462e-007 1.082
6.904462e-007 1.083
6.908462e-007 1.084
6.912462e-007 1.085
6.916462e-007 1.083
6.920462e-007 1.086
6.924462e-007 1.085
6.928462e-007 1.08
6.932462e-007 1.08
6.936462e-007 1.086
6.940462e-007 1.078
6.944462e-007 1.077
6.948462e-007 1.083
6.952462e-007 1.086
6.956462e-007 1.085
6.960462e-007 1.089
6.964462e-007 1.092
6.968462e-007 1.101
6.972462e-007 1.106
6.976462e-007 1.117
6.980462e-007 1.13
6.984462e-007 1.162
6.988462e-007 1.181
6.992462e-007 1.235
6.996462e-007 1.285
7.000462e-007 1.365
7.004462e-007 1.44
7.008462e-007 1.504
7.012462e-007 1.556
7.016462e-007 1.592
7.020462e-007 1.624
7.024462e-007 1.659
7.028462e-007 1.675
7.032462e-007 1.684
7.036462e-007 1.682
7.040462e-007 1.682
7.044462e-007 1.663
7.048462e-007 1.651
7.052462e-007 1.634
7.056462e-007 1.625
7.060462e-007 1.607
7.064462e-007 1.592
7.068462e-007 1.59
7.072462e-007 1.581
7.076462e-007 1.577
7.080462e-007 1.584
7.084462e-007 1.589
7.088462e-007 1.604
7.092462e-007 1.612
7.096462e-007 1.626
7.100462e-007 1.632
7.104462e-007 1.651
7.108462e-007 1.66
7.112462e-007 1.672
7.116462e-007 1.678
7.120462e-007 1.685
7.124462e-007 1.694
7.128462e-007 1.692
7.132462e-007 1.687
7.136462e-007 1.683
7.140462e-007 1.681
7.144462e-007 1.681
7.148462e-007 1.676
7.152462e-007 1.685
7.156462e-007 1.674
7.160462e-007 1.679
7.164462e-007 1.676
7.168462e-007 1.677
7.172462e-007 1.685
7.176462e-007 1.686
7.180462e-007 1.688
7.184462e-007 1.694
7.188462e-007 1.7
7.192462e-007 1.707
7.196462e-007 1.72
7.200462e-007 1.729
7.204462e-007 1.733
7.208462e-007 1.748
7.212462e-007 1.748
7.216462e-007 1.759
7.220462e-007 1.757
7.224462e-007 1.752
7.228462e-007 1.752
7.232462e-007 1.75
7.236462e-007 1.749
7.240462e-007 1.748
7.244462e-007 1.743
7.248462e-007 1.739
7.252462e-007 1.742
7.256462e-007 1.743
7.260462e-007 1.745
7.264462e-007 1.745
7.268462e-007 1.748
7.272462e-007 1.754
7.276462e-007 1.755
7.280462e-007 1.755
7.284462e-007 1.752
7.288462e-007 1.755
7.292462e-007 1.754
7.296462e-007 1.761
7.300462e-007 1.761
7.304462e-007 1.767
7.308462e-007 1.767
7.312462e-007 1.776
7.316462e-007 1.773
7.320462e-007 1.785
7.324462e-007 1.783
7.328462e-007 1.792
7.332462e-007 1.789
7.336462e-007 1.788
7.340462e-007 1.79
7.344462e-007 1.795
7.348462e-007 1.788
7.352462e-007 1.789
7.356462e-007 1.787
7.360462e-007 1.788
7.364462e-007 1.786
7.368462e-007 1.786
7.372462e-007 1.785
7.376462e-007 1.786
7.380462e-007 1.782
7.384462e-007 1.787
7.388462e-007 1.787
7.392462e-007 1.788
7.396462e-007 1.784
7.400462e-007 1.784
7.404462e-007 1.786
7.408462e-007 1.789
7.412462e-007 1.783
7.416462e-007 1.786
7.420462e-007 1.782
7.424462e-007 1.789
7.428462e-007 1.778
7.432462e-007 1.774
7.436462e-007 1.767
7.440462e-007 1.772
7.444462e-007 1.773
7.448462e-007 1.778
7.452462e-007 1.769
7.456462e-007 1.776
7.460462e-007 1.782
7.464462e-007 1.783
7.468462e-007 1.791
7.472462e-007 1.798
7.476462e-007 1.796
7.480462e-007 1.803
7.484462e-007 1.796
7.488462e-007 1.803
7.492462e-007 1.803
7.496462e-007 1.798
7.500462e-007 1.801
7.504462e-007 1.803
7.508462e-007 1.799
7.512462e-007 1.801
7.516462e-007 1.798
7.520462e-007 1.804
7.524462e-007 1.791
7.528462e-007 1.794
7.532462e-007 1.795
7.536462e-007 1.791
7.540462e-007 1.787
7.544462e-007 1.792
7.548462e-007 1.785
7.552462e-007 1.793
7.556462e-007 1.788
7.560462e-007 1.794
7.564462e-007 1.792
7.568462e-007 1.801
7.572462e-007 1.801
7.576462e-007 1.808
7.580462e-007 1.812
7.584462e-007 1.811
7.588462e-007 1.814
7.592462e-007 1.81
7.596462e-007 1.809
7.600462e-007 1.814
7.604462e-007 1.803
7.608462e-007 1.806
7.612462e-007 1.8
7.616462e-007 1.809
7.620462e-007 1.801
7.624462e-007 1.808
7.628462e-007 1.807
7.632462e-007 1.806
7.636462e-007 1.805
7.640462e-007 1.803
7.644462e-007 1.806
7.648462e-007 1.808
7.652462e-007 1.804
7.656462e-007 1.806
7.660462e-007 1.798
7.664462e-007 1.801
7.668462e-007 1.797
7.672462e-007 1.798
7.676462e-007 1.796
7.680462e-007 1.796
7.684462e-007 1.787
7.688462e-007 1.79
7.692462e-007 1.787
7.696462e-007 1.786
7.700462e-007 1.785
7.704462e-007 1.786
7.708462e-007 1.787
7.712462e-007 1.794
7.716462e-007 1.792
7.720462e-007 1.799
7.724462e-007 1.794
7.728462e-007 1.802
7.732462e-007 1.798
7.736462e-007 1.798
7.740462e-007 1.795
7.744462e-007 1.804
7.748462e-007 1.798
7.752462e-007 1.799
7.756462e-007 1.804
7.760462e-007 1.807
7.764462e-007 1.805
7.768462e-007 1.81
7.772462e-007 1.809
7.776462e-007 1.806
7.780462e-007 1.808
7.784462e-007 1.808
7.788462e-007 1.802
7.792462e-007 1.807
7.796462e-007 1.797
7.800462e-007 1.803
7.804462e-007 1.798
7.808462e-007 1.805
7.812462e-007 1.805
7.816462e-007 1.804
7.820462e-007 1.81
7.824462e-007 1.817
7.828462e-007 1.815
7.832462e-007 1.817
7.836462e-007 1.814
7.840462e-007 1.817
7.844462e-007 1.806
7.848462e-007 1.804
7.852462e-007 1.798
7.856462e-007 1.803
7.860462e-007 1.795
7.864462e-007 1.796
7.868462e-007 1.798
7.872462e-007 1.798
7.876462e-007 1.804
7.880462e-007 1.805
7.884462e-007 1.803
7.888462e-007 1.812
7.892462e-007 1.804
7.896462e-007 1.811
7.900462e-007 1.813
7.904462e-007 1.812
7.908462e-007 1.811
7.912462e-007 1.812
7.916462e-007 1.813
7.920462e-007 1.809
7.924462e-007 1.804
7.928462e-007 1.803
7.932462e-007 1.797
7.936462e-007 1.792
7.940462e-007 1.786
7.944462e-007 1.79
7.948462e-007 1.791
7.952462e-007 1.798
7.956462e-007 1.789
7.960462e-007 1.789
7.964462e-007 1.786
7.968462e-007 1.786
7.972462e-007 1.787
7.976462e-007 1.783
7.980462e-007 1.754
7.984462e-007 1.693
7.988462e-007 1.599
7.992462e-007 1.497
7.996462e-007 1.397
8.000462e-007 1.312
8.004462e-007 1.234
8.008462e-007 1.175
8.012462e-007 1.12
8.016462e-007 1.088
8.020462e-007 1.064
8.024462e-007 1.06
8.028462e-007 1.066
8.032462e-007 1.085
8.036462e-007 1.112
8.040462e-007 1.145
8.044462e-007 1.169
8.048462e-007 1.19
8.052462e-007 1.189
8.056462e-007 1.181
8.060462e-007 1.16
8.064462e-007 1.142
8.068462e-007 1.103
8.072462e-007 1.074
8.076462e-007 1.053
8.080462e-007 1.036
8.084462e-007 1.02
8.088462e-007 1.019
8.092462e-007 1.007
8.096462e-007 1.006
8.100462e-007 1.012
8.104462e-007 1.022
8.108462e-007 1.039
8.112462e-007 1.06
8.116462e-007 1.066
8.120462e-007 1.085
8.124462e-007 1.098
8.128462e-007 1.106
8.132462e-007 1.105
8.136462e-007 1.101
8.140462e-007 1.099
8.144462e-007 1.096
8.148462e-007 1.082
8.152462e-007 1.078
8.156462e-007 1.07
8.160462e-007 1.063
8.164462e-007 1.061
8.168462e-007 1.059
8.172462e-007 1.061
8.176462e-007 1.066
8.180462e-007 1.068
8.184462e-007 1.068
8.188462e-007 1.07
8.192462e-007 1.072
8.196462e-007 1.066
8.200462e-007 1.063
8.204462e-007 1.06
8.208462e-007 1.06
8.212462e-007 1.055
8.216462e-007 1.052
8.220462e-007 1.051
8.224462e-007 1.052
8.228462e-007 1.058
8.232462e-007 1.06
8.236462e-007 1.058
8.240462e-007 1.072
8.244462e-007 1.068
8.248462e-007 1.076
8.252462e-007 1.08
8.256462e-007 1.09
8.260462e-007 1.084
8.264462e-007 1.09
8.268462e-007 1.088
8.272462e-007 1.093
8.276462e-007 1.092
8.280462e-007 1.096
8.284462e-007 1.089
8.288462e-007 1.091
8.292462e-007 1.086
8.296462e-007 1.086
8.300462e-007 1.078
8.304462e-007 1.084
8.308462e-007 1.079
8.312462e-007 1.081
8.316462e-007 1.083
8.320462e-007 1.093
8.324462e-007 1.091
8.328462e-007 1.091
8.332462e-007 1.088
8.336462e-007 1.088
8.340462e-007 1.08
8.344462e-007 1.075
8.348462e-007 1.073
8.352462e-007 1.074
8.356462e-007 1.071
8.360462e-007 1.072
8.364462e-007 1.071
8.368462e-007 1.075
8.372462e-007 1.079
8.376462e-007 1.078
8.380462e-007 1.084
8.384462e-007 1.088
8.388462e-007 1.087
8.392462e-007 1.094
8.396462e-007 1.093
8.400462e-007 1.098
8.404462e-007 1.09
8.408462e-007 1.091
8.412462e-007 1.085
8.416462e-007 1.089
8.420462e-007 1.087
8.424462e-007 1.087
8.428462e-007 1.087
8.432462e-007 1.088
8.436462e-007 1.085
8.440462e-007 1.083
8.444462e-007 1.08
8.448462e-007 1.085
8.452462e-007 1.081
8.456462e-007 1.074
8.460462e-007 1.078
8.464462e-007 1.078
8.468462e-007 1.074
8.472462e-007 1.077
8.476462e-007 1.07
8.480462e-007 1.073
8.484462e-007 1.072
8.488462e-007 1.074
8.492462e-007 1.074
8.496462e-007 1.078
8.500462e-007 1.078
8.504462e-007 1.08
8.508462e-007 1.08
8.512462e-007 1.084
8.516462e-007 1.08
8.520462e-007 1.084
8.524462e-007 1.077
8.528462e-007 1.088
8.532462e-007 1.087
8.536462e-007 1.092
8.540462e-007 1.088
8.544462e-007 1.095
8.548462e-007 1.092
8.552462e-007 1.097
8.556462e-007 1.096
8.560462e-007 1.095
8.564462e-007 1.096
8.568462e-007 1.099
8.572462e-007 1.094
8.576462e-007 1.101
8.580462e-007 1.093
8.584462e-007 1.098
8.588462e-007 1.087
8.592462e-007 1.093
8.596462e-007 1.086
8.600462e-007 1.094
8.604462e-007 1.082
8.608462e-007 1.09
8.612462e-007 1.082
8.616462e-007 1.087
8.620462e-007 1.084
8.624462e-007 1.083
8.628462e-007 1.088
8.632462e-007 1.088
8.636462e-007 1.085
8.640462e-007 1.086
8.644462e-007 1.083
8.648462e-007 1.084
8.652462e-007 1.086
8.656462e-007 1.088
8.660462e-007 1.088
8.664462e-007 1.093
8.668462e-007 1.087
8.672462e-007 1.09
8.676462e-007 1.091
8.680462e-007 1.09
8.684462e-007 1.085
8.688462e-007 1.083
8.692462e-007 1.082
8.696462e-007 1.083
8.700462e-007 1.076
8.704462e-007 1.084
8.708462e-007 1.085
8.712462e-007 1.088
8.716462e-007 1.083
8.720462e-007 1.091
8.724462e-007 1.088
8.728462e-007 1.092
8.732462e-007 1.087
8.736462e-007 1.086
8.740462e-007 1.084
8.744462e-007 1.088
8.748462e-007 1.082
8.752462e-007 1.081
8.756462e-007 1.079
8.760462e-007 1.08
8.764462e-007 1.083
8.768462e-007 1.084
8.772462e-007 1.071
8.776462e-007 1.084
8.780462e-007 1.082
