-1.220273e-007 1.816
-1.216273e-007 1.816
-1.212273e-007 1.814
-1.208273e-007 1.816
-1.204273e-007 1.815
-1.200273e-007 1.818
-1.196273e-007 1.817
-1.192273e-007 1.821
-1.188273e-007 1.822
-1.184273e-007 1.822
-1.180273e-007 1.824
-1.176273e-007 1.817
-1.172273e-007 1.821
-1.168273e-007 1.813
-1.164273e-007 1.807
-1.160273e-007 1.805
-1.156273e-007 1.8
-1.152273e-007 1.8
-1.148273e-007 1.799
-1.144273e-007 1.799
-1.140273e-007 1.799
-1.136273e-007 1.795
-1.132273e-007 1.797
-1.128273e-007 1.801
-1.124273e-007 1.8
-1.120273e-007 1.801
-1.116273e-007 1.798
-1.112273e-007 1.805
-1.108273e-007 1.804
-1.104273e-007 1.801
-1.100273e-007 1.803
-1.096273e-007 1.8
-1.092273e-007 1.79
-1.088273e-007 1.795
-1.084273e-007 1.793
-1.080273e-007 1.791
-1.076273e-007 1.788
-1.072273e-007 1.788
-1.068273e-007 1.781
-1.064273e-007 1.78
-1.060273e-007 1.78
-1.056273e-007 1.782
-1.052273e-007 1.782
-1.048273e-007 1.787
-1.044273e-007 1.788
-1.040273e-007 1.796
-1.036273e-007 1.792
-1.032273e-007 1.797
-1.028273e-007 1.79
-1.024273e-007 1.785
-1.020273e-007 1.759
-1.016273e-007 1.697
-1.012273e-007 1.615
-1.008273e-007 1.526
-1.004273e-007 1.427
-1.000273e-007 1.348
-9.96273e-008 1.277
-9.92273e-008 1.226
-9.88273e-008 1.186
-9.84273e-008 1.161
-9.80273e-008 1.145
-9.76273e-008 1.135
-9.72273e-008 1.121
-9.68273e-008 1.115
-9.64273e-008 1.109
-9.60273e-008 1.105
-9.56273e-008 1.094
-9.52273e-008 1.084
-9.48273e-008 1.083
-9.44273e-008 1.085
-9.40273e-008 1.078
-9.36273e-008 1.072
-9.32273e-008 1.066
-9.28273e-008 1.064
-9.24273e-008 1.051
-9.20273e-008 1.048
-9.16273e-008 1.04
-9.12273e-008 1.033
-9.08273e-008 1.031
-9.04273e-008 1.03
-9.00273e-008 1.023
-8.96273e-008 1.016
-8.92273e-008 1.018
-8.88273e-008 1.016
-8.84273e-008 1.027
-8.80273e-008 1.034
-8.76273e-008 1.042
-8.72273e-008 1.056
-8.68273e-008 1.073
-8.64273e-008 1.088
-8.60273e-008 1.091
-8.56273e-008 1.092
-8.52273e-008 1.099
-8.48273e-008 1.098
-8.44273e-008 1.087
-8.40273e-008 1.082
-8.36273e-008 1.077
-8.32273e-008 1.082
-8.28273e-008 1.074
-8.24273e-008 1.075
-8.20273e-008 1.072
-8.16273e-008 1.074
-8.12273e-008 1.071
-8.08273e-008 1.074
-8.04273e-008 1.065
-8.00273e-008 1.072
-7.96273e-008 1.065
-7.92273e-008 1.067
-7.88273e-008 1.064
-7.84273e-008 1.072
-7.80273e-008 1.074
-7.76273e-008 1.071
-7.72273e-008 1.076
-7.68273e-008 1.076
-7.64273e-008 1.071
-7.60273e-008 1.078
-7.56273e-008 1.083
-7.52273e-008 1.079
-7.48273e-008 1.08
-7.44273e-008 1.082
-7.40273e-008 1.094
-7.36273e-008 1.101
-7.32273e-008 1.103
-7.28273e-008 1.103
-7.24273e-008 1.111
-7.20273e-008 1.116
-7.16273e-008 1.115
-7.12273e-008 1.111
-7.08273e-008 1.116
-7.04273e-008 1.12
-7.00273e-008 1.11
-6.96273e-008 1.115
-6.92273e-008 1.109
-6.88273e-008 1.113
-6.84273e-008 1.11
-6.80273e-008 1.108
-6.76273e-008 1.114
-6.72273e-008 1.108
-6.68273e-008 1.094
-6.64273e-008 1.096
-6.60273e-008 1.094
-6.56273e-008 1.086
-6.52273e-008 1.081
-6.48273e-008 1.078
-6.44273e-008 1.081
-6.40273e-008 1.087
-6.36273e-008 1.084
-6.32273e-008 1.084
-6.28273e-008 1.086
-6.24273e-008 1.086
-6.20273e-008 1.085
-6.16273e-008 1.084
-6.12273e-008 1.085
-6.08273e-008 1.087
-6.04273e-008 1.087
-6.00273e-008 1.086
-5.96273e-008 1.09
-5.92273e-008 1.098
-5.88273e-008 1.088
-5.84273e-008 1.089
-5.80273e-008 1.092
-5.76273e-008 1.089
-5.72273e-008 1.09
-5.68273e-008 1.084
-5.64273e-008 1.08
-5.60273e-008 1.09
-5.56273e-008 1.089
-5.52273e-008 1.094
-5.48273e-008 1.099
-5.44273e-008 1.103
-5.40273e-008 1.099
-5.36273e-008 1.103
-5.32273e-008 1.107
-5.28273e-008 1.1
-5.24273e-008 1.098
-5.20273e-008 1.088
-5.16273e-008 1.091
-5.12273e-008 1.091
-5.08273e-008 1.079
-5.04273e-008 1.08
-5.00273e-008 1.084
-4.96273e-008 1.083
-4.92273e-008 1.087
-4.88273e-008 1.088
-4.84273e-008 1.094
-4.80273e-008 1.104
-4.76273e-008 1.1
-4.72273e-008 1.098
-4.68273e-008 1.099
-4.64273e-008 1.101
-4.60273e-008 1.103
-4.56273e-008 1.1
-4.52273e-008 1.11
-4.48273e-008 1.111
-4.44273e-008 1.109
-4.40273e-008 1.112
-4.36273e-008 1.116
-4.32273e-008 1.127
-4.28273e-008 1.114
-4.24273e-008 1.114
-4.20273e-008 1.115
-4.16273e-008 1.115
-4.12273e-008 1.107
-4.08273e-008 1.104
-4.04273e-008 1.099
-4.00273e-008 1.101
-3.96273e-008 1.093
-3.92273e-008 1.094
-3.88273e-008 1.099
-3.84273e-008 1.096
-3.80273e-008 1.094
-3.76273e-008 1.094
-3.72273e-008 1.089
-3.68273e-008 1.091
-3.64273e-008 1.086
-3.60273e-008 1.09
-3.56273e-008 1.09
-3.52273e-008 1.094
-3.48273e-008 1.089
-3.44273e-008 1.081
-3.40273e-008 1.081
-3.36273e-008 1.082
-3.32273e-008 1.078
-3.28273e-008 1.075
-3.24273e-008 1.072
-3.20273e-008 1.077
-3.16273e-008 1.08
-3.12273e-008 1.08
-3.08273e-008 1.087
-3.04273e-008 1.093
-3.00273e-008 1.096
-2.96273e-008 1.101
-2.92273e-008 1.101
-2.88273e-008 1.103
-2.84273e-008 1.11
-2.80273e-008 1.105
-2.76273e-008 1.108
-2.72273e-008 1.103
-2.68273e-008 1.1
-2.64273e-008 1.098
-2.60273e-008 1.1
-2.56273e-008 1.098
-2.52273e-008 1.097
-2.48273e-008 1.091
-2.44273e-008 1.094
-2.40273e-008 1.104
-2.36273e-008 1.098
-2.32273e-008 1.101
-2.28273e-008 1.099
-2.24273e-008 1.101
-2.20273e-008 1.098
-2.16273e-008 1.101
-2.12273e-008 1.096
-2.08273e-008 1.104
-2.04273e-008 1.096
-2.00273e-008 1.094
-1.96273e-008 1.103
-1.92273e-008 1.108
-1.88273e-008 1.104
-1.84273e-008 1.107
-1.80273e-008 1.102
-1.76273e-008 1.11
-1.72273e-008 1.106
-1.68273e-008 1.103
-1.64273e-008 1.104
-1.60273e-008 1.106
-1.56273e-008 1.102
-1.52273e-008 1.093
-1.48273e-008 1.1
-1.44273e-008 1.108
-1.40273e-008 1.097
-1.36273e-008 1.103
-1.32273e-008 1.106
-1.28273e-008 1.105
-1.24273e-008 1.102
-1.20273e-008 1.101
-1.16273e-008 1.107
-1.12273e-008 1.103
-1.08273e-008 1.097
-1.04273e-008 1.094
-1.00273e-008 1.093
-9.627298e-009 1.095
-9.227298e-009 1.086
-8.827298e-009 1.082
-8.427298e-009 1.076
-8.027298e-009 1.075
-7.627298e-009 1.067
-7.227298e-009 1.066
-6.827298e-009 1.069
-6.427298e-009 1.076
-6.027298e-009 1.072
-5.627298e-009 1.087
-5.227298e-009 1.085
-4.827298e-009 1.094
-4.427298e-009 1.091
-4.027298e-009 1.095
-3.627298e-009 1.102
-3.227298e-009 1.116
-2.827298e-009 1.113
-2.427298e-009 1.121
-2.027298e-009 1.143
-1.627298e-009 1.184
-1.227298e-009 1.219
-8.272976e-010 1.249
-4.272976e-010 1.302
-2.729761e-011 1.357
3.727024e-010 1.409
7.727024e-010 1.457
1.172702e-009 1.503
1.572702e-009 1.555
1.972702e-009 1.604
2.372702e-009 1.653
2.772702e-009 1.683
3.172702e-009 1.712
3.572702e-009 1.726
3.972702e-009 1.728
4.372702e-009 1.714
4.772702e-009 1.684
5.172702e-009 1.651
5.572702e-009 1.619
5.972702e-009 1.594
6.372702e-009 1.583
6.772702e-009 1.582
7.172702e-009 1.589
7.572702e-009 1.6
7.972702e-009 1.623
8.372702e-009 1.632
8.772702e-009 1.658
9.172702e-009 1.678
9.572702e-009 1.705
9.972702e-009 1.729
1.03727e-008 1.752
1.07727e-008 1.758
1.11727e-008 1.763
1.15727e-008 1.746
1.19727e-008 1.736
1.23727e-008 1.718
1.27727e-008 1.696
1.31727e-008 1.679
1.35727e-008 1.671
1.39727e-008 1.667
1.43727e-008 1.668
1.47727e-008 1.664
1.51727e-008 1.671
1.55727e-008 1.668
1.59727e-008 1.675
1.63727e-008 1.68
1.67727e-008 1.696
1.71727e-008 1.709
1.75727e-008 1.724
1.79727e-008 1.731
1.83727e-008 1.738
1.87727e-008 1.736
1.91727e-008 1.741
1.95727e-008 1.74
1.99727e-008 1.744
2.03727e-008 1.749
2.07727e-008 1.753
2.11727e-008 1.747
2.15727e-008 1.754
2.19727e-008 1.746
2.23727e-008 1.748
2.27727e-008 1.746
2.31727e-008 1.748
2.35727e-008 1.752
2.39727e-008 1.765
2.43727e-008 1.762
2.47727e-008 1.767
2.51727e-008 1.77
2.55727e-008 1.775
2.59727e-008 1.769
2.63727e-008 1.771
2.67727e-008 1.766
2.71727e-008 1.771
2.75727e-008 1.774
2.79727e-008 1.771
2.83727e-008 1.779
2.87727e-008 1.775
2.91727e-008 1.777
2.95727e-008 1.777
2.99727e-008 1.78
3.03727e-008 1.79
3.07727e-008 1.778
3.11727e-008 1.781
3.15727e-008 1.785
3.19727e-008 1.79
3.23727e-008 1.789
3.27727e-008 1.794
3.31727e-008 1.793
3.35727e-008 1.797
3.39727e-008 1.8
3.43727e-008 1.801
3.47727e-008 1.803
3.51727e-008 1.806
3.55727e-008 1.797
3.59727e-008 1.799
3.63727e-008 1.804
3.67727e-008 1.803
3.71727e-008 1.8
3.75727e-008 1.801
3.79727e-008 1.801
3.83727e-008 1.801
3.87727e-008 1.797
3.91727e-008 1.796
3.95727e-008 1.801
3.99727e-008 1.797
4.03727e-008 1.789
4.07727e-008 1.788
4.11727e-008 1.777
4.15727e-008 1.776
4.19727e-008 1.768
4.23727e-008 1.765
4.27727e-008 1.761
4.31727e-008 1.762
4.35727e-008 1.754
4.39727e-008 1.759
4.43727e-008 1.766
4.47727e-008 1.773
4.51727e-008 1.775
4.55727e-008 1.783
4.59727e-008 1.778
4.63727e-008 1.789
4.67727e-008 1.792
4.71727e-008 1.789
4.75727e-008 1.795
4.79727e-008 1.794
4.83727e-008 1.794
4.87727e-008 1.8
4.91727e-008 1.798
4.95727e-008 1.795
4.99727e-008 1.798
5.03727e-008 1.796
5.07727e-008 1.805
5.11727e-008 1.808
5.15727e-008 1.806
5.19727e-008 1.814
5.23727e-008 1.812
5.27727e-008 1.812
5.31727e-008 1.811
5.35727e-008 1.813
5.39727e-008 1.806
5.43727e-008 1.809
5.47727e-008 1.805
5.51727e-008 1.806
5.55727e-008 1.806
5.59727e-008 1.811
5.63727e-008 1.805
5.67727e-008 1.813
5.71727e-008 1.811
5.75727e-008 1.807
5.79727e-008 1.806
5.83727e-008 1.81
5.87727e-008 1.807
5.91727e-008 1.811
5.95727e-008 1.804
5.99727e-008 1.801
6.03727e-008 1.806
6.07727e-008 1.802
6.11727e-008 1.802
6.15727e-008 1.807
6.19727e-008 1.808
6.23727e-008 1.813
6.27727e-008 1.81
6.31727e-008 1.808
6.35727e-008 1.807
6.39727e-008 1.812
6.43727e-008 1.801
6.47727e-008 1.809
6.51727e-008 1.803
6.55727e-008 1.801
6.59727e-008 1.801
6.63727e-008 1.796
6.67727e-008 1.796
6.71727e-008 1.793
6.75727e-008 1.78
6.79727e-008 1.78
6.83727e-008 1.781
6.87727e-008 1.784
6.91727e-008 1.778
6.95727e-008 1.778
6.99727e-008 1.779
7.03727e-008 1.787
7.07727e-008 1.783
7.11727e-008 1.788
7.15727e-008 1.791
7.19727e-008 1.79
7.23727e-008 1.783
7.27727e-008 1.785
7.31727e-008 1.787
7.35727e-008 1.785
7.39727e-008 1.786
7.43727e-008 1.784
7.47727e-008 1.781
7.51727e-008 1.791
7.55727e-008 1.79
7.59727e-008 1.794
7.63727e-008 1.804
7.67727e-008 1.811
7.71727e-008 1.81
7.75727e-008 1.813
7.79727e-008 1.818
7.83727e-008 1.818
7.87727e-008 1.819
7.91727e-008 1.812
7.95727e-008 1.82
7.99727e-008 1.817
8.03727e-008 1.817
8.07727e-008 1.82
8.11727e-008 1.824
8.15727e-008 1.825
8.19727e-008 1.823
8.23727e-008 1.82
8.27727e-008 1.815
8.31727e-008 1.816
8.35727e-008 1.807
8.39727e-008 1.803
8.43727e-008 1.801
8.47727e-008 1.797
8.51727e-008 1.798
8.55727e-008 1.799
8.59727e-008 1.795
8.63727e-008 1.804
8.67727e-008 1.798
8.71727e-008 1.8
8.75727e-008 1.804
8.79727e-008 1.804
8.83727e-008 1.802
8.87727e-008 1.808
8.91727e-008 1.805
8.95727e-008 1.802
8.99727e-008 1.805
9.03727e-008 1.801
9.07727e-008 1.797
9.11727e-008 1.802
9.15727e-008 1.794
9.19727e-008 1.792
9.23727e-008 1.792
9.27727e-008 1.787
9.31727e-008 1.784
9.35727e-008 1.782
9.39727e-008 1.78
9.43727e-008 1.785
9.47727e-008 1.785
9.51727e-008 1.785
9.55727e-008 1.793
9.59727e-008 1.796
9.63727e-008 1.791
9.67727e-008 1.793
9.71727e-008 1.788
9.75727e-008 1.782
9.79727e-008 1.756
9.83727e-008 1.699
9.87727e-008 1.612
9.91727e-008 1.523
9.95727e-008 1.426
9.99727e-008 1.338
1.003727e-007 1.265
1.007727e-007 1.217
1.011727e-007 1.184
1.015727e-007 1.159
1.019727e-007 1.138
1.023727e-007 1.135
1.027727e-007 1.116
1.031727e-007 1.11
1.035727e-007 1.107
1.039727e-007 1.102
1.043727e-007 1.094
1.047727e-007 1.086
1.051727e-007 1.086
1.055727e-007 1.08
1.059727e-007 1.077
1.063727e-007 1.076
1.067727e-007 1.065
1.071727e-007 1.065
1.075727e-007 1.052
1.079727e-007 1.042
1.083727e-007 1.042
1.087727e-007 1.035
1.091727e-007 1.032
1.095727e-007 1.026
1.099727e-007 1.025
1.103727e-007 1.021
1.107727e-007 1.018
1.111727e-007 1.016
1.115727e-007 1.023
1.119727e-007 1.04
1.123727e-007 1.047
1.127727e-007 1.061
1.131727e-007 1.075
1.135727e-007 1.09
1.139727e-007 1.095
1.143727e-007 1.096
1.147727e-007 1.099
1.151727e-007 1.096
1.155727e-007 1.081
1.159727e-007 1.082
1.163727e-007 1.079
1.167727e-007 1.078
1.171727e-007 1.076
1.175727e-007 1.077
1.179727e-007 1.07
1.183727e-007 1.078
1.187727e-007 1.067
1.191727e-007 1.073
1.195727e-007 1.068
1.199727e-007 1.065
1.203727e-007 1.062
1.207727e-007 1.06
1.211727e-007 1.057
1.215727e-007 1.071
1.219727e-007 1.07
1.223727e-007 1.071
1.227727e-007 1.07
1.231727e-007 1.076
1.235727e-007 1.069
1.239727e-007 1.079
1.243727e-007 1.075
1.247727e-007 1.082
1.251727e-007 1.083
1.255727e-007 1.086
1.259727e-007 1.091
1.263727e-007 1.103
1.267727e-007 1.101
1.271727e-007 1.109
1.275727e-007 1.11
1.279727e-007 1.121
1.283727e-007 1.114
1.287727e-007 1.116
1.291727e-007 1.115
1.295727e-007 1.119
1.299727e-007 1.11
1.303727e-007 1.111
1.307727e-007 1.11
1.311727e-007 1.108
1.315727e-007 1.107
1.319727e-007 1.11
1.323727e-007 1.104
1.327727e-007 1.112
1.331727e-007 1.1
1.335727e-007 1.091
1.339727e-007 1.088
1.343727e-007 1.091
1.347727e-007 1.082
1.351727e-007 1.083
1.355727e-007 1.08
1.359727e-007 1.086
1.363727e-007 1.082
1.367727e-007 1.083
1.371727e-007 1.082
1.375727e-007 1.091
1.379727e-007 1.082
1.383727e-007 1.086
1.387727e-007 1.082
1.391727e-007 1.087
1.395727e-007 1.087
1.399727e-007 1.09
1.403727e-007 1.088
1.407727e-007 1.095
1.411727e-007 1.089
1.415727e-007 1.09
1.419727e-007 1.092
1.423727e-007 1.089
1.427727e-007 1.084
1.431727e-007 1.08
1.435727e-007 1.082
1.439727e-007 1.086
1.443727e-007 1.083
1.447727e-007 1.097
1.451727e-007 1.102
1.455727e-007 1.102
1.459727e-007 1.106
1.463727e-007 1.1
1.467727e-007 1.102
1.471727e-007 1.106
1.475727e-007 1.093
1.479727e-007 1.092
1.483727e-007 1.087
1.487727e-007 1.09
1.491727e-007 1.082
1.495727e-007 1.08
1.499727e-007 1.084
1.503727e-007 1.087
1.507727e-007 1.083
1.511727e-007 1.087
1.515727e-007 1.097
1.519727e-007 1.098
1.523727e-007 1.098
1.527727e-007 1.1
1.531727e-007 1.098
1.535727e-007 1.102
1.539727e-007 1.097
1.543727e-007 1.1
1.547727e-007 1.108
1.551727e-007 1.112
1.555727e-007 1.112
1.559727e-007 1.114
1.563727e-007 1.114
1.567727e-007 1.122
1.571727e-007 1.115
1.575727e-007 1.114
1.579727e-007 1.114
1.583727e-007 1.116
1.587727e-007 1.103
1.591727e-007 1.106
1.595727e-007 1.102
1.599727e-007 1.104
1.603727e-007 1.096
1.607727e-007 1.096
1.611727e-007 1.094
1.615727e-007 1.1
1.619727e-007 1.09
1.623727e-007 1.09
1.627727e-007 1.091
1.631727e-007 1.09
1.635727e-007 1.087
1.639727e-007 1.09
1.643727e-007 1.082
1.647727e-007 1.084
1.651727e-007 1.085
1.655727e-007 1.086
1.659727e-007 1.084
1.663727e-007 1.079
1.667727e-007 1.077
1.671727e-007 1.074
1.675727e-007 1.076
1.679727e-007 1.07
1.683727e-007 1.073
1.687727e-007 1.082
1.691727e-007 1.078
1.695727e-007 1.096
1.699727e-007 1.098
1.703727e-007 1.1
1.707727e-007 1.108
1.711727e-007 1.109
1.715727e-007 1.105
1.719727e-007 1.108
1.723727e-007 1.111
1.727727e-007 1.109
1.731727e-007 1.101
1.735727e-007 1.101
1.739727e-007 1.098
1.743727e-007 1.099
1.747727e-007 1.092
1.751727e-007 1.094
1.755727e-007 1.095
1.759727e-007 1.099
1.763727e-007 1.093
1.767727e-007 1.098
1.771727e-007 1.1
1.775727e-007 1.103
1.779727e-007 1.1
1.783727e-007 1.096
1.787727e-007 1.097
1.791727e-007 1.101
1.795727e-007 1.099
1.799727e-007 1.1
1.803727e-007 1.107
1.807727e-007 1.108
1.811727e-007 1.107
1.815727e-007 1.103
1.819727e-007 1.109
1.823727e-007 1.113
1.827727e-007 1.11
1.831727e-007 1.105
1.835727e-007 1.103
1.839727e-007 1.107
1.843727e-007 1.104
1.847727e-007 1.103
1.851727e-007 1.1
1.855727e-007 1.103
1.859727e-007 1.102
1.863727e-007 1.1
1.867727e-007 1.105
1.871727e-007 1.103
1.875727e-007 1.101
1.879727e-007 1.098
1.883727e-007 1.106
1.887727e-007 1.1
1.891727e-007 1.101
1.895727e-007 1.102
1.899727e-007 1.095
1.903727e-007 1.095
1.907727e-007 1.089
1.911727e-007 1.083
1.915727e-007 1.085
1.919727e-007 1.081
1.923727e-007 1.077
1.927727e-007 1.069
1.931727e-007 1.071
1.935727e-007 1.076
1.939727e-007 1.077
1.943727e-007 1.084
1.947727e-007 1.086
1.951727e-007 1.097
1.955727e-007 1.096
1.959727e-007 1.098
1.963727e-007 1.105
1.967727e-007 1.11
1.971727e-007 1.119
1.975727e-007 1.126
1.979727e-007 1.145
1.983727e-007 1.187
1.987727e-007 1.217
1.991727e-007 1.256
1.995727e-007 1.304
1.999727e-007 1.356
2.003727e-007 1.412
2.007727e-007 1.46
2.011727e-007 1.505
2.015727e-007 1.558
2.019727e-007 1.598
2.023727e-007 1.645
2.027727e-007 1.685
2.031727e-007 1.713
2.035727e-007 1.723
2.039727e-007 1.729
2.043727e-007 1.712
2.047727e-007 1.684
2.051727e-007 1.653
2.055727e-007 1.615
2.059727e-007 1.596
2.063727e-007 1.586
2.067727e-007 1.579
2.071727e-007 1.59
2.075727e-007 1.601
2.079727e-007 1.613
2.083727e-007 1.637
2.087727e-007 1.658
2.091727e-007 1.681
2.095727e-007 1.713
2.099727e-007 1.731
2.103727e-007 1.748
2.107727e-007 1.76
2.111727e-007 1.76
2.115727e-007 1.75
2.119727e-007 1.737
2.123727e-007 1.717
2.127727e-007 1.702
2.131727e-007 1.68
2.135727e-007 1.678
2.139727e-007 1.668
2.143727e-007 1.672
2.147727e-007 1.667
2.151727e-007 1.668
2.155727e-007 1.673
2.159727e-007 1.678
2.163727e-007 1.686
2.167727e-007 1.697
2.171727e-007 1.71
2.175727e-007 1.726
2.179727e-007 1.728
2.183727e-007 1.738
2.187727e-007 1.741
2.191727e-007 1.745
2.195727e-007 1.743
2.199727e-007 1.749
2.203727e-007 1.75
2.207727e-007 1.752
2.211727e-007 1.749
2.215727e-007 1.751
2.219727e-007 1.751
2.223727e-007 1.751
2.227727e-007 1.745
2.231727e-007 1.756
2.235727e-007 1.755
2.239727e-007 1.765
2.243727e-007 1.762
2.247727e-007 1.765
2.251727e-007 1.768
2.255727e-007 1.777
2.259727e-007 1.767
2.263727e-007 1.768
2.267727e-007 1.764
2.271727e-007 1.772
2.275727e-007 1.763
2.279727e-007 1.769
2.283727e-007 1.771
2.287727e-007 1.781
2.291727e-007 1.782
2.295727e-007 1.784
2.299727e-007 1.786
2.303727e-007 1.79
2.307727e-007 1.789
2.311727e-007 1.787
2.315727e-007 1.794
2.319727e-007 1.799
2.323727e-007 1.793
2.327727e-007 1.8
2.331727e-007 1.802
2.335727e-007 1.805
2.339727e-007 1.801
2.343727e-007 1.805
2.347727e-007 1.802
2.351727e-007 1.806
2.355727e-007 1.804
2.359727e-007 1.804
2.363727e-007 1.802
2.367727e-007 1.802
2.371727e-007 1.8
2.375727e-007 1.802
2.379727e-007 1.803
2.383727e-007 1.805
2.387727e-007 1.8
2.391727e-007 1.8
2.395727e-007 1.808
2.399727e-007 1.792
2.403727e-007 1.785
2.407727e-007 1.787
2.411727e-007 1.781
2.415727e-007 1.78
2.419727e-007 1.768
2.423727e-007 1.767
2.427727e-007 1.761
2.431727e-007 1.759
2.435727e-007 1.758
2.439727e-007 1.756
2.443727e-007 1.765
2.447727e-007 1.769
2.451727e-007 1.772
2.455727e-007 1.781
2.459727e-007 1.788
2.463727e-007 1.791
2.467727e-007 1.785
2.471727e-007 1.794
2.475727e-007 1.79
2.479727e-007 1.796
2.483727e-007 1.797
2.487727e-007 1.797
2.491727e-007 1.794
2.495727e-007 1.794
2.499727e-007 1.796
2.503727e-007 1.803
2.507727e-007 1.803
2.511727e-007 1.809
2.515727e-007 1.809
2.519727e-007 1.808
2.523727e-007 1.812
2.527727e-007 1.815
2.531727e-007 1.816
2.535727e-007 1.814
2.539727e-007 1.813
2.543727e-007 1.811
2.547727e-007 1.806
2.551727e-007 1.81
2.555727e-007 1.807
2.559727e-007 1.812
2.563727e-007 1.807
2.567727e-007 1.812
2.571727e-007 1.809
2.575727e-007 1.808
2.579727e-007 1.808
2.583727e-007 1.807
2.587727e-007 1.811
2.591727e-007 1.799
2.595727e-007 1.798
2.599727e-007 1.801
2.603727e-007 1.799
2.607727e-007 1.803
2.611727e-007 1.801
2.615727e-007 1.807
2.619727e-007 1.801
2.623727e-007 1.813
2.627727e-007 1.811
2.631727e-007 1.812
2.635727e-007 1.816
2.639727e-007 1.81
2.643727e-007 1.807
2.647727e-007 1.805
2.651727e-007 1.805
2.655727e-007 1.801
2.659727e-007 1.796
2.663727e-007 1.798
2.667727e-007 1.793
2.671727e-007 1.795
2.675727e-007 1.787
2.679727e-007 1.781
2.683727e-007 1.772
2.687727e-007 1.776
2.691727e-007 1.777
2.695727e-007 1.783
2.699727e-007 1.781
2.703727e-007 1.787
2.707727e-007 1.782
2.711727e-007 1.784
2.715727e-007 1.792
2.719727e-007 1.789
2.723727e-007 1.787
2.727727e-007 1.786
2.731727e-007 1.783
2.735727e-007 1.79
2.739727e-007 1.792
2.743727e-007 1.789
2.747727e-007 1.792
2.751727e-007 1.795
2.755727e-007 1.798
2.759727e-007 1.803
2.763727e-007 1.806
2.767727e-007 1.809
2.771727e-007 1.81
2.775727e-007 1.817
2.779727e-007 1.817
2.783727e-007 1.821
2.787727e-007 1.816
2.791727e-007 1.815
2.795727e-007 1.818
2.799727e-007 1.813
2.803727e-007 1.807
2.807727e-007 1.817
2.811727e-007 1.821
2.815727e-007 1.823
2.819727e-007 1.824
2.823727e-007 1.82
2.827727e-007 1.817
2.831727e-007 1.819
2.835727e-007 1.811
2.839727e-007 1.813
2.843727e-007 1.812
2.847727e-007 1.801
2.851727e-007 1.801
2.855727e-007 1.802
2.859727e-007 1.797
2.863727e-007 1.806
2.867727e-007 1.801
2.871727e-007 1.808
2.875727e-007 1.799
2.879727e-007 1.802
2.883727e-007 1.798
2.887727e-007 1.803
2.891727e-007 1.8
2.895727e-007 1.808
2.899727e-007 1.797
2.903727e-007 1.803
2.907727e-007 1.799
2.911727e-007 1.798
2.915727e-007 1.796
2.919727e-007 1.796
2.923727e-007 1.792
2.927727e-007 1.788
2.931727e-007 1.782
2.935727e-007 1.78
2.939727e-007 1.779
2.943727e-007 1.787
2.947727e-007 1.789
2.951727e-007 1.793
2.955727e-007 1.791
2.959727e-007 1.802
2.963727e-007 1.792
2.967727e-007 1.797
2.971727e-007 1.794
2.975727e-007 1.785
2.979727e-007 1.758
2.983727e-007 1.701
2.987727e-007 1.618
2.991727e-007 1.534
2.995727e-007 1.438
2.999727e-007 1.347
3.003727e-007 1.271
3.007727e-007 1.23
3.011727e-007 1.19
3.015727e-007 1.163
3.019727e-007 1.146
3.023727e-007 1.138
3.027727e-007 1.122
3.031727e-007 1.113
3.035727e-007 1.106
3.039727e-007 1.098
3.043727e-007 1.098
3.047727e-007 1.087
3.051727e-007 1.082
3.055727e-007 1.083
3.059727e-007 1.08
3.063727e-007 1.076
3.067727e-007 1.071
3.071727e-007 1.064
3.075727e-007 1.054
3.079727e-007 1.05
3.083727e-007 1.039
3.087727e-007 1.037
3.091727e-007 1.033
3.095727e-007 1.028
3.099727e-007 1.023
3.103727e-007 1.019
3.107727e-007 1.02
3.111727e-007 1.016
3.115727e-007 1.03
3.119727e-007 1.034
3.123727e-007 1.043
3.127727e-007 1.063
3.131727e-007 1.073
3.135727e-007 1.091
3.139727e-007 1.093
3.143727e-007 1.098
3.147727e-007 1.098
3.151727e-007 1.094
3.155727e-007 1.094
3.159727e-007 1.083
3.163727e-007 1.078
3.167727e-007 1.079
3.171727e-007 1.074
3.175727e-007 1.074
3.179727e-007 1.076
3.183727e-007 1.083
3.187727e-007 1.07
3.191727e-007 1.074
3.195727e-007 1.07
3.199727e-007 1.066
3.203727e-007 1.066
3.207727e-007 1.07
3.211727e-007 1.066
3.215727e-007 1.072
3.219727e-007 1.073
3.223727e-007 1.074
3.227727e-007 1.08
3.231727e-007 1.08
3.235727e-007 1.073
3.239727e-007 1.075
3.243727e-007 1.076
3.247727e-007 1.083
3.251727e-007 1.082
3.255727e-007 1.084
3.259727e-007 1.088
3.263727e-007 1.101
3.267727e-007 1.105
3.271727e-007 1.108
3.275727e-007 1.109
3.279727e-007 1.114
3.283727e-007 1.114
3.287727e-007 1.117
3.291727e-007 1.117
3.295727e-007 1.117
3.299727e-007 1.109
3.303727e-007 1.109
3.307727e-007 1.11
3.311727e-007 1.113
3.315727e-007 1.11
3.319727e-007 1.106
3.323727e-007 1.109
3.327727e-007 1.105
3.331727e-007 1.102
3.335727e-007 1.101
3.339727e-007 1.09
3.343727e-007 1.091
3.347727e-007 1.085
3.351727e-007 1.084
3.355727e-007 1.089
3.359727e-007 1.083
3.363727e-007 1.088
3.367727e-007 1.089
3.371727e-007 1.088
3.375727e-007 1.092
3.379727e-007 1.088
3.383727e-007 1.091
3.387727e-007 1.086
3.391727e-007 1.092
3.395727e-007 1.088
3.399727e-007 1.091
3.403727e-007 1.094
3.407727e-007 1.099
3.411727e-007 1.091
3.415727e-007 1.087
3.419727e-007 1.089
3.423727e-007 1.091
3.427727e-007 1.086
3.431727e-007 1.079
3.435727e-007 1.087
3.439727e-007 1.085
3.443727e-007 1.086
3.447727e-007 1.087
3.451727e-007 1.105
3.455727e-007 1.108
3.459727e-007 1.106
3.463727e-007 1.106
3.467727e-007 1.107
3.471727e-007 1.107
3.475727e-007 1.102
3.479727e-007 1.099
3.483727e-007 1.091
3.487727e-007 1.087
3.491727e-007 1.084
3.495727e-007 1.082
3.499727e-007 1.08
3.503727e-007 1.085
3.507727e-007 1.081
3.511727e-007 1.089
3.515727e-007 1.092
3.519727e-007 1.103
3.523727e-007 1.098
3.527727e-007 1.101
3.531727e-007 1.103
3.535727e-007 1.104
3.539727e-007 1.098
3.543727e-007 1.104
3.547727e-007 1.107
3.551727e-007 1.11
3.555727e-007 1.114
3.559727e-007 1.12
3.563727e-007 1.12
3.567727e-007 1.124
3.571727e-007 1.124
3.575727e-007 1.118
3.579727e-007 1.114
3.583727e-007 1.118
3.587727e-007 1.105
3.591727e-007 1.108
3.595727e-007 1.107
3.599727e-007 1.105
3.603727e-007 1.099
3.607727e-007 1.101
3.611727e-007 1.102
3.615727e-007 1.099
3.619727e-007 1.095
3.623727e-007 1.097
3.627727e-007 1.098
3.631727e-007 1.099
3.635727e-007 1.089
3.639727e-007 1.09
3.643727e-007 1.093
3.647727e-007 1.089
3.651727e-007 1.084
3.655727e-007 1.085
3.659727e-007 1.079
3.663727e-007 1.085
3.667727e-007 1.081
3.671727e-007 1.077
3.675727e-007 1.074
3.679727e-007 1.073
3.683727e-007 1.074
3.687727e-007 1.081
3.691727e-007 1.082
3.695727e-007 1.094
3.699727e-007 1.095
3.703727e-007 1.094
3.707727e-007 1.102
3.711727e-007 1.108
3.715727e-007 1.108
3.719727e-007 1.105
3.723727e-007 1.101
3.727727e-007 1.102
3.731727e-007 1.099
3.735727e-007 1.098
3.739727e-007 1.096
3.743727e-007 1.1
3.747727e-007 1.094
3.751727e-007 1.094
3.755727e-007 1.101
3.759727e-007 1.101
3.763727e-007 1.101
3.767727e-007 1.103
3.771727e-007 1.097
3.775727e-007 1.101
3.779727e-007 1.097
3.783727e-007 1.099
3.787727e-007 1.101
3.791727e-007 1.102
3.795727e-007 1.102
3.799727e-007 1.1
3.803727e-007 1.1
3.807727e-007 1.104
3.811727e-007 1.105
3.815727e-007 1.107
3.819727e-007 1.104
3.823727e-007 1.111
3.827727e-007 1.105
3.831727e-007 1.103
3.835727e-007 1.106
3.839727e-007 1.104
3.843727e-007 1.104
3.847727e-007 1.099
3.851727e-007 1.1
3.855727e-007 1.1
3.859727e-007 1.106
3.863727e-007 1.105
3.867727e-007 1.101
3.871727e-007 1.109
3.875727e-007 1.099
3.879727e-007 1.1
3.883727e-007 1.112
3.887727e-007 1.102
3.891727e-007 1.105
3.895727e-007 1.104
3.899727e-007 1.095
3.903727e-007 1.1
3.907727e-007 1.094
3.911727e-007 1.083
3.915727e-007 1.077
3.919727e-007 1.08
3.923727e-007 1.069
3.927727e-007 1.072
3.931727e-007 1.07
3.935727e-007 1.074
3.939727e-007 1.078
3.943727e-007 1.077
3.947727e-007 1.082
3.951727e-007 1.096
3.955727e-007 1.093
3.959727e-007 1.094
3.963727e-007 1.103
3.967727e-007 1.109
3.971727e-007 1.116
3.975727e-007 1.124
3.979727e-007 1.141
3.983727e-007 1.183
3.987727e-007 1.218
3.991727e-007 1.256
3.995727e-007 1.3
3.999727e-007 1.356
4.003727e-007 1.408
4.007727e-007 1.465
4.011727e-007 1.505
4.015727e-007 1.56
4.019727e-007 1.597
4.023727e-007 1.646
4.027727e-007 1.681
4.031727e-007 1.716
4.035727e-007 1.723
4.039727e-007 1.728
4.043727e-007 1.717
4.047727e-007 1.683
4.051727e-007 1.651
4.055727e-007 1.618
4.059727e-007 1.594
4.063727e-007 1.589
4.067727e-007 1.578
4.071727e-007 1.59
4.075727e-007 1.594
4.079727e-007 1.615
4.083727e-007 1.632
4.087727e-007 1.653
4.091727e-007 1.679
4.095727e-007 1.701
4.099727e-007 1.729
4.103727e-007 1.753
4.107727e-007 1.76
4.111727e-007 1.762
4.115727e-007 1.753
4.119727e-007 1.744
4.123727e-007 1.717
4.127727e-007 1.702
4.131727e-007 1.688
4.135727e-007 1.677
4.139727e-007 1.67
4.143727e-007 1.668
4.147727e-007 1.666
4.151727e-007 1.669
4.155727e-007 1.671
4.159727e-007 1.679
4.163727e-007 1.673
4.167727e-007 1.693
4.171727e-007 1.71
4.175727e-007 1.716
4.179727e-007 1.724
4.183727e-007 1.737
4.187727e-007 1.736
4.191727e-007 1.75
4.195727e-007 1.747
4.199727e-007 1.752
4.203727e-007 1.749
4.207727e-007 1.753
4.211727e-007 1.749
4.215727e-007 1.756
4.219727e-007 1.757
4.223727e-007 1.76
4.227727e-007 1.757
4.231727e-007 1.76
4.235727e-007 1.76
4.239727e-007 1.768
4.243727e-007 1.761
4.247727e-007 1.772
4.251727e-007 1.773
4.255727e-007 1.77
4.259727e-007 1.767
4.263727e-007 1.769
4.267727e-007 1.765
4.271727e-007 1.77
4.275727e-007 1.764
4.279727e-007 1.77
4.283727e-007 1.774
4.287727e-007 1.779
4.291727e-007 1.78
4.295727e-007 1.783
4.299727e-007 1.781
4.303727e-007 1.786
4.307727e-007 1.785
4.311727e-007 1.79
4.315727e-007 1.785
4.319727e-007 1.791
4.323727e-007 1.796
4.327727e-007 1.798
4.331727e-007 1.797
4.335727e-007 1.797
4.339727e-007 1.793
4.343727e-007 1.805
4.347727e-007 1.803
4.351727e-007 1.803
4.355727e-007 1.801
4.359727e-007 1.8
4.363727e-007 1.806
4.367727e-007 1.805
4.371727e-007 1.801
4.375727e-007 1.803
4.379727e-007 1.797
4.383727e-007 1.807
4.387727e-007 1.799
4.391727e-007 1.802
4.395727e-007 1.795
4.399727e-007 1.793
4.403727e-007 1.785
4.407727e-007 1.79
4.411727e-007 1.78
4.415727e-007 1.779
4.419727e-007 1.769
4.423727e-007 1.768
4.427727e-007 1.757
4.431727e-007 1.759
4.435727e-007 1.754
4.439727e-007 1.758
4.443727e-007 1.766
4.447727e-007 1.771
4.451727e-007 1.777
4.455727e-007 1.778
4.459727e-007 1.784
4.463727e-007 1.793
4.467727e-007 1.788
4.471727e-007 1.793
4.475727e-007 1.797
4.479727e-007 1.795
4.483727e-007 1.794
4.487727e-007 1.797
4.491727e-007 1.799
4.495727e-007 1.796
4.499727e-007 1.795
4.503727e-007 1.801
4.507727e-007 1.808
4.511727e-007 1.809
4.515727e-007 1.804
4.519727e-007 1.813
4.523727e-007 1.813
4.527727e-007 1.815
4.531727e-007 1.809
4.535727e-007 1.813
4.539727e-007 1.811
4.543727e-007 1.807
4.547727e-007 1.804
4.551727e-007 1.801
4.555727e-007 1.803
4.559727e-007 1.81
4.563727e-007 1.804
4.567727e-007 1.813
4.571727e-007 1.81
4.575727e-007 1.814
4.579727e-007 1.812
4.583727e-007 1.812
4.587727e-007 1.804
4.591727e-007 1.807
4.595727e-007 1.806
4.599727e-007 1.803
4.603727e-007 1.805
4.607727e-007 1.804
4.611727e-007 1.807
4.615727e-007 1.81
4.619727e-007 1.81
4.623727e-007 1.817
4.627727e-007 1.809
4.631727e-007 1.811
4.635727e-007 1.814
4.639727e-007 1.809
4.643727e-007 1.807
4.647727e-007 1.807
4.651727e-007 1.803
4.655727e-007 1.802
4.659727e-007 1.799
4.663727e-007 1.792
4.667727e-007 1.792
4.671727e-007 1.792
4.675727e-007 1.784
4.679727e-007 1.782
4.683727e-007 1.778
4.687727e-007 1.779
4.691727e-007 1.773
4.695727e-007 1.782
4.699727e-007 1.78
4.703727e-007 1.784
4.707727e-007 1.787
4.711727e-007 1.785
4.715727e-007 1.79
4.719727e-007 1.791
4.723727e-007 1.785
4.727727e-007 1.789
4.731727e-007 1.787
4.735727e-007 1.789
4.739727e-007 1.782
4.743727e-007 1.78
4.747727e-007 1.784
4.751727e-007 1.797
4.755727e-007 1.792
4.759727e-007 1.798
4.763727e-007 1.806
4.767727e-007 1.812
4.771727e-007 1.812
4.775727e-007 1.817
4.779727e-007 1.812
4.783727e-007 1.822
4.787727e-007 1.819
4.791727e-007 1.818
4.795727e-007 1.822
4.799727e-007 1.815
4.803727e-007 1.82
4.807727e-007 1.821
4.811727e-007 1.819
4.815727e-007 1.823
4.819727e-007 1.821
4.823727e-007 1.826
4.827727e-007 1.817
4.831727e-007 1.819
4.835727e-007 1.808
4.839727e-007 1.805
4.843727e-007 1.804
4.847727e-007 1.8
4.851727e-007 1.798
4.855727e-007 1.804
4.859727e-007 1.802
4.863727e-007 1.811
4.867727e-007 1.801
4.871727e-007 1.805
4.875727e-007 1.803
4.879727e-007 1.808
4.883727e-007 1.807
4.887727e-007 1.805
4.891727e-007 1.806
4.895727e-007 1.804
4.899727e-007 1.799
4.903727e-007 1.801
4.907727e-007 1.801
4.911727e-007 1.797
4.915727e-007 1.793
4.919727e-007 1.795
4.923727e-007 1.791
4.927727e-007 1.787
4.931727e-007 1.774
4.935727e-007 1.78
4.939727e-007 1.78
4.943727e-007 1.791
4.947727e-007 1.792
4.951727e-007 1.79
4.955727e-007 1.789
4.959727e-007 1.793
4.963727e-007 1.796
4.967727e-007 1.795
4.971727e-007 1.79
4.975727e-007 1.785
4.979727e-007 1.756
4.983727e-007 1.698
4.987727e-007 1.612
4.991727e-007 1.521
4.995727e-007 1.43
4.999727e-007 1.344
5.003727e-007 1.269
5.007727e-007 1.225
5.011727e-007 1.189
5.015727e-007 1.16
5.019727e-007 1.138
5.023727e-007 1.131
5.027727e-007 1.121
5.031727e-007 1.113
5.035727e-007 1.108
5.039727e-007 1.105
5.043727e-007 1.095
5.047727e-007 1.086
5.051727e-007 1.089
5.055727e-007 1.083
5.059727e-007 1.078
5.063727e-007 1.072
5.067727e-007 1.063
5.071727e-007 1.056
5.075727e-007 1.049
5.079727e-007 1.047
5.083727e-007 1.038
5.087727e-007 1.039
5.091727e-007 1.034
5.095727e-007 1.029
5.099727e-007 1.018
5.103727e-007 1.015
5.107727e-007 1.016
5.111727e-007 1.016
5.115727e-007 1.028
5.119727e-007 1.039
5.123727e-007 1.045
5.127727e-007 1.061
5.131727e-007 1.074
5.135727e-007 1.089
5.139727e-007 1.094
5.143727e-007 1.095
5.147727e-007 1.099
5.151727e-007 1.096
5.155727e-007 1.089
5.159727e-007 1.084
5.163727e-007 1.078
5.167727e-007 1.079
5.171727e-007 1.075
5.175727e-007 1.077
5.179727e-007 1.073
5.183727e-007 1.074
5.187727e-007 1.073
5.191727e-007 1.069
5.195727e-007 1.068
5.199727e-007 1.072
5.203727e-007 1.061
5.207727e-007 1.066
5.211727e-007 1.068
5.215727e-007 1.069
5.219727e-007 1.071
5.223727e-007 1.074
5.227727e-007 1.075
5.231727e-007 1.076
5.235727e-007 1.072
5.239727e-007 1.079
5.243727e-007 1.074
5.247727e-007 1.085
5.251727e-007 1.084
5.255727e-007 1.084
5.259727e-007 1.095
5.263727e-007 1.104
5.267727e-007 1.107
5.271727e-007 1.107
5.275727e-007 1.11
5.279727e-007 1.12
5.283727e-007 1.115
5.287727e-007 1.115
5.291727e-007 1.116
5.295727e-007 1.116
5.299727e-007 1.114
5.303727e-007 1.109
5.307727e-007 1.111
5.311727e-007 1.113
5.315727e-007 1.108
5.319727e-007 1.113
5.323727e-007 1.108
5.327727e-007 1.111
5.331727e-007 1.102
5.335727e-007 1.096
5.339727e-007 1.089
5.343727e-007 1.088
5.347727e-007 1.088
5.351727e-007 1.085
5.355727e-007 1.086
5.359727e-007 1.088
5.363727e-007 1.085
5.367727e-007 1.086
5.371727e-007 1.086
5.375727e-007 1.085
5.379727e-007 1.089
5.383727e-007 1.085
5.387727e-007 1.08
5.391727e-007 1.087
5.395727e-007 1.081
5.399727e-007 1.084
5.403727e-007 1.089
5.407727e-007 1.098
5.411727e-007 1.094
5.415727e-007 1.095
5.419727e-007 1.091
5.423727e-007 1.085
5.427727e-007 1.084
5.431727e-007 1.085
5.435727e-007 1.079
5.439727e-007 1.086
5.443727e-007 1.085
5.447727e-007 1.09
5.451727e-007 1.098
5.455727e-007 1.103
5.459727e-007 1.104
5.463727e-007 1.102
5.467727e-007 1.106
5.471727e-007 1.103
5.475727e-007 1.098
5.479727e-007 1.096
5.483727e-007 1.092
5.487727e-007 1.091
5.491727e-007 1.083
5.495727e-007 1.087
5.499727e-007 1.084
5.503727e-007 1.085
5.507727e-007 1.087
5.511727e-007 1.087
5.515727e-007 1.096
5.519727e-007 1.1
5.523727e-007 1.099
5.527727e-007 1.096
5.531727e-007 1.103
5.535727e-007 1.101
5.539727e-007 1.099
5.543727e-007 1.1
5.547727e-007 1.106
5.551727e-007 1.11
5.555727e-007 1.114
5.559727e-007 1.115
5.563727e-007 1.121
5.567727e-007 1.126
5.571727e-007 1.121
5.575727e-007 1.121
5.579727e-007 1.116
5.583727e-007 1.115
5.587727e-007 1.105
5.591727e-007 1.109
5.595727e-007 1.102
5.599727e-007 1.103
5.603727e-007 1.098
5.607727e-007 1.094
5.611727e-007 1.093
5.615727e-007 1.096
5.619727e-007 1.094
5.623727e-007 1.092
5.627727e-007 1.095
5.631727e-007 1.093
5.635727e-007 1.086
5.639727e-007 1.09
5.643727e-007 1.088
5.647727e-007 1.086
5.651727e-007 1.084
5.655727e-007 1.082
5.659727e-007 1.085
5.663727e-007 1.085
5.667727e-007 1.079
5.671727e-007 1.078
5.675727e-007 1.075
5.679727e-007 1.077
5.683727e-007 1.076
5.687727e-007 1.079
5.691727e-007 1.089
5.695727e-007 1.095
5.699727e-007 1.096
5.703727e-007 1.094
5.707727e-007 1.102
5.711727e-007 1.108
5.715727e-007 1.106
5.719727e-007 1.108
5.723727e-007 1.101
5.727727e-007 1.103
5.731727e-007 1.097
5.735727e-007 1.087
5.739727e-007 1.093
5.743727e-007 1.1
5.747727e-007 1.094
5.751727e-007 1.095
5.755727e-007 1.1
5.759727e-007 1.096
5.763727e-007 1.101
5.767727e-007 1.101
5.771727e-007 1.102
5.775727e-007 1.105
5.779727e-007 1.103
5.783727e-007 1.101
5.787727e-007 1.104
5.791727e-007 1.101
5.795727e-007 1.102
5.799727e-007 1.101
5.803727e-007 1.1
5.807727e-007 1.107
5.811727e-007 1.099
5.815727e-007 1.105
5.819727e-007 1.107
5.823727e-007 1.11
5.827727e-007 1.105
5.831727e-007 1.104
5.835727e-007 1.101
5.839727e-007 1.103
5.843727e-007 1.101
5.847727e-007 1.099
5.851727e-007 1.1
5.855727e-007 1.1
5.859727e-007 1.101
5.863727e-007 1.103
5.867727e-007 1.102
5.871727e-007 1.107
5.875727e-007 1.105
5.879727e-007 1.107
5.883727e-007 1.102
5.887727e-007 1.105
5.891727e-007 1.104
5.895727e-007 1.097
5.899727e-007 1.099
5.903727e-007 1.096
5.907727e-007 1.084
5.911727e-007 1.085
5.915727e-007 1.08
5.919727e-007 1.08
5.923727e-007 1.077
5.927727e-007 1.072
5.931727e-007 1.068
5.935727e-007 1.074
5.939727e-007 1.071
5.943727e-007 1.079
5.947727e-007 1.081
5.951727e-007 1.088
5.955727e-007 1.094
5.959727e-007 1.093
5.963727e-007 1.102
5.967727e-007 1.111
5.971727e-007 1.121
5.975727e-007 1.127
5.979727e-007 1.147
5.983727e-007 1.189
5.987727e-007 1.222
5.991727e-007 1.253
5.995727e-007 1.294
5.999727e-007 1.359
6.003727e-007 1.411
6.007727e-007 1.459
6.011727e-007 1.503
6.015727e-007 1.552
6.019727e-007 1.597
6.023727e-007 1.648
6.027727e-007 1.681
6.031727e-007 1.711
6.035727e-007 1.718
6.039727e-007 1.727
6.043727e-007 1.715
6.047727e-007 1.688
6.051727e-007 1.65
6.055727e-007 1.62
6.059727e-007 1.596
6.063727e-007 1.584
6.067727e-007 1.585
6.071727e-007 1.588
6.075727e-007 1.6
6.079727e-007 1.62
6.083727e-007 1.635
6.087727e-007 1.663
6.091727e-007 1.687
6.095727e-007 1.713
6.099727e-007 1.732
6.103727e-007 1.753
6.107727e-007 1.76
6.111727e-007 1.759
6.115727e-007 1.75
6.119727e-007 1.74
6.123727e-007 1.715
6.127727e-007 1.699
6.131727e-007 1.677
6.135727e-007 1.669
6.139727e-007 1.671
6.143727e-007 1.665
6.147727e-007 1.662
6.151727e-007 1.669
6.155727e-007 1.668
6.159727e-007 1.674
6.163727e-007 1.683
6.167727e-007 1.696
6.171727e-007 1.706
6.175727e-007 1.719
6.179727e-007 1.727
6.183727e-007 1.736
6.187727e-007 1.735
6.191727e-007 1.747
6.195727e-007 1.75
6.199727e-007 1.745
6.203727e-007 1.748
6.207727e-007 1.745
6.211727e-007 1.748
6.215727e-007 1.754
6.219727e-007 1.755
6.223727e-007 1.751
6.227727e-007 1.748
6.231727e-007 1.755
6.235727e-007 1.752
6.239727e-007 1.767
6.243727e-007 1.766
6.247727e-007 1.769
6.251727e-007 1.77
6.255727e-007 1.766
6.259727e-007 1.763
6.263727e-007 1.766
6.267727e-007 1.761
6.271727e-007 1.768
6.275727e-007 1.771
6.279727e-007 1.772
6.283727e-007 1.778
6.287727e-007 1.776
6.291727e-007 1.778
6.295727e-007 1.783
6.299727e-007 1.786
6.303727e-007 1.791
6.307727e-007 1.783
6.311727e-007 1.793
6.315727e-007 1.795
6.319727e-007 1.798
6.323727e-007 1.794
6.327727e-007 1.801
6.331727e-007 1.799
6.335727e-007 1.795
6.339727e-007 1.801
6.343727e-007 1.804
6.347727e-007 1.806
6.351727e-007 1.805
6.355727e-007 1.803
6.359727e-007 1.8
6.363727e-007 1.805
6.367727e-007 1.806
6.371727e-007 1.798
6.375727e-007 1.801
6.379727e-007 1.806
6.383727e-007 1.81
6.387727e-007 1.801
6.391727e-007 1.806
6.395727e-007 1.802
6.399727e-007 1.797
6.403727e-007 1.792
6.407727e-007 1.786
6.411727e-007 1.777
6.415727e-007 1.78
6.419727e-007 1.77
6.423727e-007 1.768
6.427727e-007 1.763
6.431727e-007 1.762
6.435727e-007 1.755
6.439727e-007 1.76
6.443727e-007 1.765
6.447727e-007 1.769
6.451727e-007 1.779
6.455727e-007 1.784
6.459727e-007 1.784
6.463727e-007 1.789
6.467727e-007 1.785
6.471727e-007 1.795
6.475727e-007 1.795
6.479727e-007 1.796
6.483727e-007 1.791
6.487727e-007 1.797
6.491727e-007 1.798
6.495727e-007 1.798
6.499727e-007 1.798
6.503727e-007 1.801
6.507727e-007 1.801
6.511727e-007 1.809
6.515727e-007 1.81
6.519727e-007 1.814
6.523727e-007 1.814
6.527727e-007 1.818
6.531727e-007 1.814
6.535727e-007 1.814
6.539727e-007 1.813
6.543727e-007 1.807
6.547727e-007 1.807
6.551727e-007 1.813
6.555727e-007 1.807
6.559727e-007 1.808
6.563727e-007 1.806
6.567727e-007 1.808
6.571727e-007 1.811
6.575727e-007 1.81
6.579727e-007 1.807
6.583727e-007 1.807
6.587727e-007 1.805
6.591727e-007 1.805
6.595727e-007 1.805
6.599727e-007 1.803
6.603727e-007 1.805
6.607727e-007 1.808
6.611727e-007 1.802
6.615727e-007 1.807
6.619727e-007 1.811
6.623727e-007 1.813
6.627727e-007 1.813
6.631727e-007 1.816
6.635727e-007 1.817
6.639727e-007 1.817
6.643727e-007 1.814
6.647727e-007 1.807
6.651727e-007 1.804
6.655727e-007 1.8
6.659727e-007 1.799
6.663727e-007 1.794
6.667727e-007 1.795
6.671727e-007 1.793
6.675727e-007 1.78
6.679727e-007 1.78
6.683727e-007 1.778
6.687727e-007 1.771
6.691727e-007 1.768
6.695727e-007 1.779
6.699727e-007 1.781
6.703727e-007 1.783
6.707727e-007 1.784
6.711727e-007 1.785
6.715727e-007 1.79
6.719727e-007 1.794
6.723727e-007 1.791
6.727727e-007 1.796
6.731727e-007 1.788
6.735727e-007 1.787
6.739727e-007 1.791
6.743727e-007 1.79
6.747727e-007 1.792
6.751727e-007 1.789
6.755727e-007 1.794
6.759727e-007 1.801
6.763727e-007 1.803
6.767727e-007 1.813
6.771727e-007 1.813
6.775727e-007 1.825
6.779727e-007 1.821
6.783727e-007 1.812
6.787727e-007 1.814
6.791727e-007 1.817
6.795727e-007 1.814
6.799727e-007 1.819
6.803727e-007 1.811
6.807727e-007 1.821
6.811727e-007 1.825
6.815727e-007 1.821
6.819727e-007 1.821
6.823727e-007 1.819
6.827727e-007 1.82
6.831727e-007 1.817
6.835727e-007 1.81
6.839727e-007 1.813
6.843727e-007 1.809
6.847727e-007 1.807
6.851727e-007 1.804
6.855727e-007 1.801
6.859727e-007 1.799
6.863727e-007 1.804
6.867727e-007 1.804
6.871727e-007 1.807
6.875727e-007 1.804
6.879727e-007 1.807
6.883727e-007 1.805
6.887727e-007 1.805
6.891727e-007 1.802
6.895727e-007 1.802
6.899727e-007 1.803
6.903727e-007 1.804
6.907727e-007 1.801
6.911727e-007 1.795
6.915727e-007 1.789
6.919727e-007 1.796
6.923727e-007 1.791
6.927727e-007 1.786
6.931727e-007 1.779
6.935727e-007 1.779
6.939727e-007 1.785
6.943727e-007 1.788
6.947727e-007 1.783
6.951727e-007 1.792
6.955727e-007 1.795
6.959727e-007 1.801
6.963727e-007 1.797
6.967727e-007 1.799
6.971727e-007 1.791
6.975727e-007 1.786
6.979727e-007 1.76
6.983727e-007 1.695
6.987727e-007 1.613
6.991727e-007 1.529
6.995727e-007 1.43
6.999727e-007 1.341
7.003727e-007 1.268
7.007727e-007 1.223
7.011727e-007 1.186
7.015727e-007 1.159
7.019727e-007 1.142
7.023727e-007 1.13
7.027727e-007 1.12
7.031727e-007 1.108
7.035727e-007 1.103
7.039727e-007 1.105
7.043727e-007 1.091
7.047727e-007 1.088
7.051727e-007 1.083
7.055727e-007 1.082
7.059727e-007 1.078
7.063727e-007 1.07
7.067727e-007 1.066
7.071727e-007 1.062
7.075727e-007 1.052
7.079727e-007 1.052
7.083727e-007 1.049
7.087727e-007 1.041
7.091727e-007 1.032
7.095727e-007 1.034
7.099727e-007 1.022
7.103727e-007 1.027
7.107727e-007 1.018
7.111727e-007 1.021
7.115727e-007 1.023
7.119727e-007 1.037
7.123727e-007 1.043
7.127727e-007 1.063
7.131727e-007 1.078
7.135727e-007 1.089
7.139727e-007 1.096
7.143727e-007 1.099
7.147727e-007 1.1
7.151727e-007 1.098
7.155727e-007 1.085
7.159727e-007 1.084
7.163727e-007 1.078
7.167727e-007 1.079
7.171727e-007 1.079
7.175727e-007 1.077
7.179727e-007 1.075
7.183727e-007 1.076
7.187727e-007 1.08
7.191727e-007 1.077
7.195727e-007 1.075
7.199727e-007 1.07
7.203727e-007 1.063
7.207727e-007 1.068
7.211727e-007 1.068
7.215727e-007 1.073
7.219727e-007 1.071
7.223727e-007 1.07
7.227727e-007 1.075
7.231727e-007 1.08
7.235727e-007 1.07
7.239727e-007 1.076
7.243727e-007 1.078
7.247727e-007 1.079
7.251727e-007 1.08
7.255727e-007 1.086
7.259727e-007 1.092
7.263727e-007 1.102
7.267727e-007 1.104
7.271727e-007 1.106
7.275727e-007 1.114
7.279727e-007 1.124
7.283727e-007 1.115
7.287727e-007 1.115
7.291727e-007 1.118
7.295727e-007 1.11
7.299727e-007 1.114
7.303727e-007 1.11
7.307727e-007 1.111
7.311727e-007 1.113
7.315727e-007 1.113
7.319727e-007 1.108
7.323727e-007 1.113
7.327727e-007 1.105
7.331727e-007 1.103
7.335727e-007 1.096
7.339727e-007 1.087
7.343727e-007 1.094
7.347727e-007 1.086
7.351727e-007 1.082
7.355727e-007 1.084
7.359727e-007 1.091
7.363727e-007 1.082
7.367727e-007 1.087
7.371727e-007 1.084
7.375727e-007 1.092
7.379727e-007 1.087
7.383727e-007 1.084
7.387727e-007 1.088
7.391727e-007 1.088
7.395727e-007 1.085
7.399727e-007 1.088
7.403727e-007 1.091
7.407727e-007 1.096
7.411727e-007 1.09
7.415727e-007 1.091
7.419727e-007 1.09
7.423727e-007 1.092
7.427727e-007 1.082
7.431727e-007 1.084
7.435727e-007 1.08
7.439727e-007 1.088
7.443727e-007 1.093
7.447727e-007 1.092
7.451727e-007 1.1
7.455727e-007 1.103
7.459727e-007 1.1
7.463727e-007 1.105
7.467727e-007 1.103
7.471727e-007 1.104
7.475727e-007 1.096
7.479727e-007 1.091
7.483727e-007 1.082
7.487727e-007 1.087
7.491727e-007 1.082
7.495727e-007 1.081
7.499727e-007 1.081
7.503727e-007 1.087
7.507727e-007 1.087
7.511727e-007 1.089
7.515727e-007 1.1
7.519727e-007 1.101
7.523727e-007 1.1
7.527727e-007 1.098
7.531727e-007 1.101
7.535727e-007 1.105
7.539727e-007 1.101
7.543727e-007 1.102
7.547727e-007 1.107
7.551727e-007 1.114
7.555727e-007 1.114
7.559727e-007 1.117
7.563727e-007 1.121
7.567727e-007 1.121
7.571727e-007 1.119
7.575727e-007 1.117
7.579727e-007 1.115
7.583727e-007 1.115
7.587727e-007 1.107
7.591727e-007 1.103
7.595727e-007 1.11
7.599727e-007 1.105
7.603727e-007 1.095
7.607727e-007 1.098
7.611727e-007 1.091
7.615727e-007 1.099
7.619727e-007 1.094
7.623727e-007 1.091
7.627727e-007 1.094
7.631727e-007 1.092
7.635727e-007 1.085
7.639727e-007 1.09
7.643727e-007 1.088
7.647727e-007 1.089
7.651727e-007 1.094
7.655727e-007 1.088
7.659727e-007 1.086
7.663727e-007 1.082
7.667727e-007 1.079
7.671727e-007 1.079
7.675727e-007 1.073
7.679727e-007 1.08
7.683727e-007 1.077
7.687727e-007 1.076
7.691727e-007 1.083
7.695727e-007 1.093
7.699727e-007 1.093
7.703727e-007 1.097
7.707727e-007 1.099
7.711727e-007 1.102
7.715727e-007 1.102
7.719727e-007 1.103
7.723727e-007 1.106
7.727727e-007 1.102
7.731727e-007 1.094
7.735727e-007 1.097
7.739727e-007 1.096
7.743727e-007 1.097
7.747727e-007 1.095
7.751727e-007 1.102
7.755727e-007 1.099
7.759727e-007 1.103
7.763727e-007 1.106
7.767727e-007 1.1
7.771727e-007 1.103
7.775727e-007 1.108
7.779727e-007 1.101
7.783727e-007 1.104
7.787727e-007 1.099
7.791727e-007 1.101
7.795727e-007 1.104
7.799727e-007 1.095
7.803727e-007 1.098
7.807727e-007 1.107
7.811727e-007 1.101
7.815727e-007 1.106
7.819727e-007 1.11
7.823727e-007 1.11
7.827727e-007 1.108
7.831727e-007 1.108
7.835727e-007 1.106
7.839727e-007 1.104
7.843727e-007 1.104
7.847727e-007 1.1
7.851727e-007 1.104
7.855727e-007 1.103
7.859727e-007 1.1
7.863727e-007 1.099
7.867727e-007 1.105
7.871727e-007 1.103
7.875727e-007 1.105
7.879727e-007 1.104
7.883727e-007 1.102
7.887727e-007 1.106
7.891727e-007 1.099
7.895727e-007 1.095
7.899727e-007 1.093
7.903727e-007 1.091
7.907727e-007 1.086
7.911727e-007 1.081
7.915727e-007 1.079
7.919727e-007 1.078
7.923727e-007 1.068
7.927727e-007 1.068
7.931727e-007 1.07
7.935727e-007 1.074
7.939727e-007 1.073
7.943727e-007 1.076
7.947727e-007 1.08
7.951727e-007 1.094
7.955727e-007 1.09
7.959727e-007 1.096
7.963727e-007 1.096
7.967727e-007 1.106
7.971727e-007 1.118
7.975727e-007 1.123
7.979727e-007 1.145
7.983727e-007 1.183
7.987727e-007 1.218
7.991727e-007 1.246
7.995727e-007 1.299
7.999727e-007 1.353
8.003727e-007 1.408
8.007727e-007 1.457
8.011727e-007 1.496
8.015727e-007 1.556
8.019727e-007 1.593
8.023727e-007 1.638
8.027727e-007 1.678
8.031727e-007 1.711
8.035727e-007 1.723
8.039727e-007 1.728
8.043727e-007 1.715
8.047727e-007 1.685
8.051727e-007 1.652
8.055727e-007 1.62
8.059727e-007 1.597
8.063727e-007 1.592
8.067727e-007 1.577
8.071727e-007 1.59
8.075727e-007 1.598
8.079727e-007 1.617
8.083727e-007 1.636
8.087727e-007 1.653
8.091727e-007 1.677
8.095727e-007 1.705
8.099727e-007 1.726
8.103727e-007 1.746
8.107727e-007 1.759
8.111727e-007 1.755
8.115727e-007 1.746
8.119727e-007 1.734
8.123727e-007 1.719
8.127727e-007 1.696
8.131727e-007 1.678
8.135727e-007 1.667
8.139727e-007 1.664
8.143727e-007 1.666
8.147727e-007 1.666
8.151727e-007 1.671
8.155727e-007 1.671
8.159727e-007 1.672
8.163727e-007 1.686
8.167727e-007 1.693
8.171727e-007 1.707
8.175727e-007 1.717
8.179727e-007 1.723
8.183727e-007 1.738
8.187727e-007 1.74
8.191727e-007 1.748
8.195727e-007 1.753
8.199727e-007 1.744
8.203727e-007 1.744
8.207727e-007 1.752
8.211727e-007 1.747
8.215727e-007 1.757
8.219727e-007 1.758
8.223727e-007 1.747
8.227727e-007 1.75
8.231727e-007 1.756
8.235727e-007 1.758
8.239727e-007 1.762
8.243727e-007 1.762
8.247727e-007 1.769
8.251727e-007 1.77
8.255727e-007 1.771
8.259727e-007 1.763
8.263727e-007 1.764
8.267727e-007 1.766
8.271727e-007 1.764
8.275727e-007 1.768
8.279727e-007 1.769
8.283727e-007 1.773
8.287727e-007 1.775
8.291727e-007 1.773
8.295727e-007 1.781
8.299727e-007 1.782
8.303727e-007 1.786
8.307727e-007 1.778
8.311727e-007 1.786
8.315727e-007 1.792
8.319727e-007 1.793
8.323727e-007 1.79
8.327727e-007 1.795
8.331727e-007 1.791
8.335727e-007 1.796
8.339727e-007 1.796
8.343727e-007 1.799
8.347727e-007 1.798
8.351727e-007 1.799
8.355727e-007 1.802
8.359727e-007 1.807
8.363727e-007 1.799
8.367727e-007 1.801
8.371727e-007 1.803
8.375727e-007 1.804
8.379727e-007 1.806
8.383727e-007 1.798
8.387727e-007 1.803
8.391727e-007 1.805
8.395727e-007 1.8
8.399727e-007 1.799
8.403727e-007 1.793
8.407727e-007 1.787
8.411727e-007 1.783
8.415727e-007 1.772
8.419727e-007 1.769
8.423727e-007 1.766
8.427727e-007 1.755
8.431727e-007 1.758
8.435727e-007 1.753
8.439727e-007 1.756
8.443727e-007 1.769
8.447727e-007 1.776
8.451727e-007 1.776
8.455727e-007 1.779
8.459727e-007 1.779
8.463727e-007 1.79
8.467727e-007 1.789
8.471727e-007 1.8
8.475727e-007 1.797
8.479727e-007 1.795
8.483727e-007 1.797
8.487727e-007 1.797
8.491727e-007 1.793
8.495727e-007 1.798
8.499727e-007 1.792
8.503727e-007 1.797
8.507727e-007 1.802
8.511727e-007 1.809
8.515727e-007 1.812
8.519727e-007 1.812
8.523727e-007 1.813
8.527727e-007 1.817
8.531727e-007 1.809
8.535727e-007 1.808
8.539727e-007 1.81
8.543727e-007 1.81
8.547727e-007 1.803
8.551727e-007 1.806
8.555727e-007 1.805
8.559727e-007 1.809
8.563727e-007 1.805
8.567727e-007 1.807
8.571727e-007 1.814
8.575727e-007 1.813
8.579727e-007 1.813
8.583727e-007 1.81
8.587727e-007 1.805
8.591727e-007 1.801
8.595727e-007 1.797
8.599727e-007 1.804
8.603727e-007 1.807
8.607727e-007 1.803
8.611727e-007 1.806
8.615727e-007 1.807
8.619727e-007 1.806
8.623727e-007 1.81
8.627727e-007 1.81
8.631727e-007 1.811
8.635727e-007 1.815
8.639727e-007 1.813
8.643727e-007 1.806
8.647727e-007 1.81
8.651727e-007 1.808
8.655727e-007 1.8
8.659727e-007 1.798
8.663727e-007 1.795
8.667727e-007 1.792
8.671727e-007 1.79
8.675727e-007 1.781
8.679727e-007 1.784
8.683727e-007 1.778
8.687727e-007 1.783
8.691727e-007 1.775
8.695727e-007 1.78
8.699727e-007 1.782
8.703727e-007 1.788
8.707727e-007 1.785
8.711727e-007 1.787
8.715727e-007 1.789
8.719727e-007 1.795
8.723727e-007 1.791
8.727727e-007 1.788
8.731727e-007 1.784
8.735727e-007 1.786
8.739727e-007 1.783
8.743727e-007 1.783
8.747727e-007 1.787
8.751727e-007 1.789
8.755727e-007 1.796
8.759727e-007 1.805
8.763727e-007 1.808
8.767727e-007 1.813
8.771727e-007 1.814
8.775727e-007 1.818
8.779727e-007 1.822
8.783727e-007 1.821
