-1.221442e-007 1.802
-1.217442e-007 1.807
-1.213442e-007 1.802
-1.209442e-007 1.807
-1.205442e-007 1.806
-1.201442e-007 1.807
-1.197442e-007 1.803
-1.193442e-007 1.809
-1.189442e-007 1.808
-1.185442e-007 1.815
-1.181442e-007 1.812
-1.177442e-007 1.811
-1.173442e-007 1.811
-1.169442e-007 1.814
-1.165442e-007 1.808
-1.161442e-007 1.81
-1.157442e-007 1.808
-1.153442e-007 1.801
-1.149442e-007 1.801
-1.145442e-007 1.801
-1.141442e-007 1.798
-1.137442e-007 1.797
-1.133442e-007 1.796
-1.129442e-007 1.803
-1.125442e-007 1.798
-1.121442e-007 1.798
-1.117442e-007 1.794
-1.113442e-007 1.796
-1.109442e-007 1.792
-1.105442e-007 1.792
-1.101442e-007 1.792
-1.097442e-007 1.79
-1.093442e-007 1.789
-1.089442e-007 1.79
-1.085442e-007 1.784
-1.081442e-007 1.787
-1.077442e-007 1.775
-1.073442e-007 1.783
-1.069442e-007 1.767
-1.065442e-007 1.77
-1.061442e-007 1.772
-1.057442e-007 1.774
-1.053442e-007 1.77
-1.049442e-007 1.774
-1.045442e-007 1.773
-1.041442e-007 1.786
-1.037442e-007 1.787
-1.033442e-007 1.782
-1.029442e-007 1.776
-1.025442e-007 1.777
-1.021442e-007 1.764
-1.017442e-007 1.719
-1.013442e-007 1.63
-1.009442e-007 1.538
-1.005442e-007 1.444
-1.001442e-007 1.358
-9.974417e-008 1.294
-9.934417e-008 1.248
-9.894417e-008 1.214
-9.854417e-008 1.189
-9.814417e-008 1.161
-9.774417e-008 1.144
-9.734417e-008 1.14
-9.694417e-008 1.139
-9.654417e-008 1.128
-9.614417e-008 1.127
-9.574417e-008 1.117
-9.534417e-008 1.109
-9.494417e-008 1.098
-9.454417e-008 1.084
-9.414417e-008 1.057
-9.374417e-008 1.035
-9.334417e-008 1.006
-9.294417e-008 0.995
-9.254417e-008 0.974
-9.214417e-008 0.972
-9.174417e-008 0.971
-9.134417e-008 0.974
-9.094417e-008 0.977
-9.054417e-008 0.98
-9.014417e-008 0.987
-8.974417e-008 0.992
-8.934417e-008 0.999
-8.894417e-008 1.01
-8.854417e-008 1.026
-8.814417e-008 1.039
-8.774417e-008 1.051
-8.734417e-008 1.07
-8.694417e-008 1.082
-8.654417e-008 1.1
-8.614417e-008 1.103
-8.574417e-008 1.11
-8.534417e-008 1.107
-8.494417e-008 1.103
-8.454417e-008 1.091
-8.414417e-008 1.085
-8.374417e-008 1.074
-8.334417e-008 1.054
-8.294417e-008 1.042
-8.254417e-008 1.031
-8.214417e-008 1.023
-8.174417e-008 1.018
-8.134417e-008 1.016
-8.094417e-008 1.026
-8.054417e-008 1.029
-8.014417e-008 1.04
-7.974417e-008 1.035
-7.934417e-008 1.044
-7.894417e-008 1.05
-7.854417e-008 1.053
-7.814417e-008 1.061
-7.774417e-008 1.063
-7.734417e-008 1.067
-7.694417e-008 1.069
-7.654417e-008 1.071
-7.614417e-008 1.081
-7.574417e-008 1.08
-7.534417e-008 1.079
-7.494417e-008 1.075
-7.454417e-008 1.081
-7.414417e-008 1.088
-7.374417e-008 1.089
-7.334417e-008 1.088
-7.294417e-008 1.092
-7.254417e-008 1.092
-7.214417e-008 1.102
-7.174417e-008 1.099
-7.134417e-008 1.104
-7.094417e-008 1.106
-7.054417e-008 1.108
-7.014417e-008 1.103
-6.974417e-008 1.103
-6.934417e-008 1.108
-6.894417e-008 1.102
-6.854417e-008 1.098
-6.814417e-008 1.088
-6.774417e-008 1.086
-6.734417e-008 1.083
-6.694417e-008 1.077
-6.654417e-008 1.068
-6.614417e-008 1.068
-6.574417e-008 1.063
-6.534417e-008 1.064
-6.494417e-008 1.072
-6.454417e-008 1.069
-6.414417e-008 1.075
-6.374417e-008 1.078
-6.334417e-008 1.08
-6.294417e-008 1.082
-6.254417e-008 1.091
-6.214417e-008 1.088
-6.174417e-008 1.093
-6.134417e-008 1.093
-6.094417e-008 1.097
-6.054417e-008 1.096
-6.014417e-008 1.093
-5.974417e-008 1.09
-5.934417e-008 1.098
-5.894417e-008 1.087
-5.854417e-008 1.085
-5.814417e-008 1.081
-5.774417e-008 1.079
-5.734417e-008 1.074
-5.694417e-008 1.071
-5.654417e-008 1.07
-5.614417e-008 1.071
-5.574417e-008 1.063
-5.534417e-008 1.074
-5.494417e-008 1.07
-5.454417e-008 1.076
-5.414417e-008 1.071
-5.374417e-008 1.074
-5.334417e-008 1.076
-5.294417e-008 1.077
-5.254417e-008 1.077
-5.214417e-008 1.079
-5.174417e-008 1.078
-5.134417e-008 1.08
-5.094417e-008 1.078
-5.054417e-008 1.087
-5.014417e-008 1.09
-4.974417e-008 1.099
-4.934417e-008 1.094
-4.894417e-008 1.095
-4.854417e-008 1.097
-4.814417e-008 1.104
-4.774417e-008 1.101
-4.734417e-008 1.103
-4.694417e-008 1.104
-4.654417e-008 1.104
-4.614417e-008 1.098
-4.574417e-008 1.104
-4.534417e-008 1.1
-4.494417e-008 1.105
-4.454417e-008 1.1
-4.414417e-008 1.101
-4.374417e-008 1.107
-4.334417e-008 1.103
-4.294417e-008 1.1
-4.254417e-008 1.092
-4.214417e-008 1.098
-4.174417e-008 1.094
-4.134417e-008 1.088
-4.094417e-008 1.092
-4.054417e-008 1.091
-4.014417e-008 1.097
-3.974417e-008 1.089
-3.934417e-008 1.091
-3.894417e-008 1.09
-3.854417e-008 1.088
-3.814417e-008 1.09
-3.774417e-008 1.09
-3.734417e-008 1.087
-3.694417e-008 1.085
-3.654417e-008 1.086
-3.614417e-008 1.087
-3.574417e-008 1.083
-3.534417e-008 1.093
-3.494417e-008 1.086
-3.454417e-008 1.084
-3.414417e-008 1.084
-3.374417e-008 1.086
-3.334417e-008 1.08
-3.294417e-008 1.08
-3.254417e-008 1.077
-3.214417e-008 1.077
-3.174417e-008 1.072
-3.134417e-008 1.071
-3.094417e-008 1.075
-3.054417e-008 1.079
-3.014417e-008 1.079
-2.974417e-008 1.084
-2.934417e-008 1.083
-2.894417e-008 1.089
-2.854417e-008 1.088
-2.814417e-008 1.092
-2.774417e-008 1.093
-2.734417e-008 1.094
-2.694417e-008 1.091
-2.654417e-008 1.088
-2.614417e-008 1.087
-2.574417e-008 1.09
-2.534417e-008 1.087
-2.494417e-008 1.087
-2.454417e-008 1.094
-2.414417e-008 1.096
-2.374417e-008 1.093
-2.334417e-008 1.095
-2.294417e-008 1.1
-2.254417e-008 1.1
-2.214417e-008 1.094
-2.174417e-008 1.101
-2.134417e-008 1.1
-2.094417e-008 1.104
-2.054417e-008 1.103
-2.014417e-008 1.103
-1.974417e-008 1.104
-1.934417e-008 1.109
-1.894417e-008 1.105
-1.854417e-008 1.109
-1.814417e-008 1.104
-1.774417e-008 1.104
-1.734417e-008 1.101
-1.694417e-008 1.101
-1.654417e-008 1.1
-1.614417e-008 1.098
-1.574417e-008 1.095
-1.534417e-008 1.092
-1.494417e-008 1.092
-1.454417e-008 1.096
-1.414417e-008 1.087
-1.374417e-008 1.087
-1.334417e-008 1.089
-1.294417e-008 1.085
-1.254417e-008 1.084
-1.214417e-008 1.088
-1.174417e-008 1.084
-1.134417e-008 1.087
-1.094417e-008 1.084
-1.054417e-008 1.083
-1.014417e-008 1.09
-9.744171e-009 1.084
-9.344171e-009 1.082
-8.944171e-009 1.084
-8.544171e-009 1.078
-8.144171e-009 1.084
-7.744171e-009 1.081
-7.344171e-009 1.079
-6.944171e-009 1.079
-6.544171e-009 1.076
-6.144171e-009 1.072
-5.744171e-009 1.079
-5.344171e-009 1.083
-4.944171e-009 1.079
-4.544171e-009 1.084
-4.144171e-009 1.089
-3.744171e-009 1.088
-3.344171e-009 1.097
-2.944171e-009 1.107
-2.544171e-009 1.112
-2.144171e-009 1.13
-1.744171e-009 1.168
-1.344171e-009 1.212
-9.441712e-010 1.247
-5.441712e-010 1.295
-1.441712e-010 1.348
2.558288e-010 1.406
6.558288e-010 1.454
1.055829e-009 1.475
1.455829e-009 1.517
1.855829e-009 1.557
2.255829e-009 1.593
2.655829e-009 1.619
3.055829e-009 1.647
3.455829e-009 1.669
3.855829e-009 1.683
4.255829e-009 1.694
4.655829e-009 1.702
5.055829e-009 1.698
5.455829e-009 1.694
5.855829e-009 1.685
6.255829e-009 1.68
6.655829e-009 1.67
7.055829e-009 1.666
7.455829e-009 1.663
7.855829e-009 1.669
8.255829e-009 1.68
8.655829e-009 1.688
9.055829e-009 1.701
9.455829e-009 1.703
9.855829e-009 1.705
1.025583e-008 1.72
1.065583e-008 1.719
1.105583e-008 1.723
1.145583e-008 1.715
1.185583e-008 1.713
1.225583e-008 1.698
1.265583e-008 1.692
1.305583e-008 1.676
1.345583e-008 1.672
1.385583e-008 1.664
1.425583e-008 1.66
1.465583e-008 1.66
1.505583e-008 1.66
1.545583e-008 1.662
1.585583e-008 1.671
1.625583e-008 1.688
1.665583e-008 1.697
1.705583e-008 1.706
1.745583e-008 1.716
1.785583e-008 1.722
1.825583e-008 1.725
1.865583e-008 1.73
1.905583e-008 1.741
1.945583e-008 1.749
1.985583e-008 1.752
2.025583e-008 1.754
2.065583e-008 1.759
2.105583e-008 1.754
2.145583e-008 1.754
2.185583e-008 1.751
2.225583e-008 1.754
2.265583e-008 1.751
2.305583e-008 1.745
2.345583e-008 1.747
2.385583e-008 1.745
2.425583e-008 1.745
2.465583e-008 1.747
2.505583e-008 1.745
2.545583e-008 1.753
2.585583e-008 1.75
2.625583e-008 1.756
2.665583e-008 1.753
2.705583e-008 1.752
2.745583e-008 1.754
2.785583e-008 1.759
2.825583e-008 1.755
2.865583e-008 1.759
2.905583e-008 1.759
2.945583e-008 1.761
2.985583e-008 1.766
3.025583e-008 1.783
3.065583e-008 1.787
3.105583e-008 1.795
3.145583e-008 1.795
3.185583e-008 1.808
3.225583e-008 1.807
3.265583e-008 1.811
3.305583e-008 1.805
3.345583e-008 1.808
3.385583e-008 1.803
3.425583e-008 1.803
3.465583e-008 1.798
3.505583e-008 1.797
3.545583e-008 1.792
3.585583e-008 1.783
3.625583e-008 1.783
3.665583e-008 1.786
3.705583e-008 1.783
3.745583e-008 1.785
3.785583e-008 1.776
3.825583e-008 1.774
3.865583e-008 1.778
3.905583e-008 1.777
3.945583e-008 1.77
3.985583e-008 1.769
4.025583e-008 1.769
4.065583e-008 1.769
4.105583e-008 1.771
4.145583e-008 1.771
4.185583e-008 1.763
4.225583e-008 1.769
4.265583e-008 1.763
4.305583e-008 1.766
4.345583e-008 1.761
4.385583e-008 1.763
4.425583e-008 1.76
4.465583e-008 1.776
4.505583e-008 1.768
4.545583e-008 1.776
4.585583e-008 1.779
4.625583e-008 1.782
4.665583e-008 1.78
4.705583e-008 1.791
4.745583e-008 1.784
4.785583e-008 1.791
4.825583e-008 1.791
4.865583e-008 1.791
4.905583e-008 1.788
4.945583e-008 1.787
4.985583e-008 1.78
5.025583e-008 1.783
5.065583e-008 1.781
5.105583e-008 1.791
5.145583e-008 1.785
5.185583e-008 1.791
5.225583e-008 1.789
5.265583e-008 1.791
5.305583e-008 1.794
5.345583e-008 1.797
5.385583e-008 1.798
5.425583e-008 1.797
5.465583e-008 1.793
5.505583e-008 1.803
5.545583e-008 1.802
5.585583e-008 1.806
5.625583e-008 1.805
5.665583e-008 1.813
5.705583e-008 1.813
5.745583e-008 1.815
5.785583e-008 1.814
5.825583e-008 1.814
5.865583e-008 1.807
5.905583e-008 1.812
5.945583e-008 1.804
5.985583e-008 1.805
6.025583e-008 1.806
6.065583e-008 1.804
6.105583e-008 1.797
6.145583e-008 1.794
6.185583e-008 1.795
6.225583e-008 1.798
6.265583e-008 1.788
6.305583e-008 1.791
6.345583e-008 1.793
6.385583e-008 1.795
6.425583e-008 1.794
6.465583e-008 1.793
6.505583e-008 1.791
6.545583e-008 1.79
6.585583e-008 1.788
6.625583e-008 1.792
6.665583e-008 1.783
6.705583e-008 1.788
6.745583e-008 1.777
6.785583e-008 1.775
6.825583e-008 1.773
6.865583e-008 1.772
6.905583e-008 1.77
6.945583e-008 1.772
6.985583e-008 1.773
7.025583e-008 1.779
7.065583e-008 1.775
7.105583e-008 1.786
7.145583e-008 1.783
7.185583e-008 1.787
7.225583e-008 1.788
7.265583e-008 1.791
7.305583e-008 1.787
7.345583e-008 1.788
7.385583e-008 1.784
7.425583e-008 1.792
7.465583e-008 1.786
7.505583e-008 1.794
7.545583e-008 1.789
7.585583e-008 1.795
7.625583e-008 1.793
7.665583e-008 1.797
7.705583e-008 1.798
7.745583e-008 1.801
7.785583e-008 1.799
7.825583e-008 1.805
7.865583e-008 1.808
7.905583e-008 1.8
7.945583e-008 1.805
7.985583e-008 1.808
8.025583e-008 1.803
8.065583e-008 1.807
8.105583e-008 1.814
8.145583e-008 1.816
8.185583e-008 1.809
8.225583e-008 1.813
8.265583e-008 1.816
8.305583e-008 1.813
8.345583e-008 1.811
8.385583e-008 1.807
8.425583e-008 1.805
8.465583e-008 1.805
8.505583e-008 1.804
8.545583e-008 1.801
8.585583e-008 1.792
8.625583e-008 1.798
8.665583e-008 1.796
8.705583e-008 1.796
8.745583e-008 1.796
8.785583e-008 1.796
8.825583e-008 1.795
8.865583e-008 1.797
8.905583e-008 1.796
8.945583e-008 1.801
8.985583e-008 1.797
9.025583e-008 1.793
9.065583e-008 1.788
9.105583e-008 1.796
9.145583e-008 1.79
9.185583e-008 1.781
9.225583e-008 1.775
9.265583e-008 1.775
9.305583e-008 1.773
9.345583e-008 1.772
9.385583e-008 1.768
9.425583e-008 1.773
9.465583e-008 1.772
9.505583e-008 1.776
9.545583e-008 1.779
9.585583e-008 1.779
9.625583e-008 1.778
9.665583e-008 1.781
9.705583e-008 1.781
9.745583e-008 1.778
9.785583e-008 1.763
9.825583e-008 1.71
9.865583e-008 1.619
9.905583e-008 1.531
9.945583e-008 1.436
9.985583e-008 1.356
1.002558e-007 1.289
1.006558e-007 1.244
1.010558e-007 1.211
1.014558e-007 1.188
1.018558e-007 1.161
1.022558e-007 1.149
1.026558e-007 1.144
1.030558e-007 1.142
1.034558e-007 1.126
1.038558e-007 1.122
1.042558e-007 1.118
1.046558e-007 1.107
1.050558e-007 1.096
1.054558e-007 1.082
1.058558e-007 1.052
1.062558e-007 1.032
1.066558e-007 1.007
1.070558e-007 0.994
1.074558e-007 0.974
1.078558e-007 0.975
1.082558e-007 0.971
1.086558e-007 0.979
1.090558e-007 0.98
1.094558e-007 0.983
1.098558e-007 0.985
1.102558e-007 0.99
1.106558e-007 1.007
1.110558e-007 1.014
1.114558e-007 1.028
1.118558e-007 1.041
1.122558e-007 1.049
1.126558e-007 1.069
1.130558e-007 1.087
1.134558e-007 1.098
1.138558e-007 1.099
1.142558e-007 1.101
1.146558e-007 1.104
1.150558e-007 1.102
1.154558e-007 1.089
1.158558e-007 1.081
1.162558e-007 1.074
1.166558e-007 1.055
1.170558e-007 1.04
1.174558e-007 1.033
1.178558e-007 1.029
1.182558e-007 1.021
1.186558e-007 1.018
1.190558e-007 1.022
1.194558e-007 1.029
1.198558e-007 1.039
1.202558e-007 1.032
1.206558e-007 1.052
1.210558e-007 1.053
1.214558e-007 1.055
1.218558e-007 1.064
1.222558e-007 1.069
1.226558e-007 1.068
1.230558e-007 1.076
1.234558e-007 1.075
1.238558e-007 1.076
1.242558e-007 1.076
1.246558e-007 1.08
1.250558e-007 1.083
1.254558e-007 1.091
1.258558e-007 1.09
1.262558e-007 1.094
1.266558e-007 1.09
1.270558e-007 1.091
1.274558e-007 1.099
1.278558e-007 1.095
1.282558e-007 1.095
1.286558e-007 1.096
1.290558e-007 1.107
1.294558e-007 1.11
1.298558e-007 1.107
1.302558e-007 1.104
1.306558e-007 1.103
1.310558e-007 1.105
1.314558e-007 1.095
1.318558e-007 1.088
1.322558e-007 1.083
1.326558e-007 1.084
1.330558e-007 1.076
1.334558e-007 1.072
1.338558e-007 1.072
1.342558e-007 1.072
1.346558e-007 1.069
1.350558e-007 1.076
1.354558e-007 1.071
1.358558e-007 1.077
1.362558e-007 1.076
1.366558e-007 1.083
1.370558e-007 1.085
1.374558e-007 1.087
1.378558e-007 1.089
1.382558e-007 1.089
1.386558e-007 1.09
1.390558e-007 1.094
1.394558e-007 1.091
1.398558e-007 1.09
1.402558e-007 1.091
1.406558e-007 1.092
1.410558e-007 1.086
1.414558e-007 1.085
1.418558e-007 1.082
1.422558e-007 1.082
1.426558e-007 1.078
1.430558e-007 1.073
1.434558e-007 1.07
1.438558e-007 1.068
1.442558e-007 1.067
1.446558e-007 1.072
1.450558e-007 1.074
1.454558e-007 1.075
1.458558e-007 1.076
1.462558e-007 1.078
1.466558e-007 1.078
1.470558e-007 1.082
1.474558e-007 1.081
1.478558e-007 1.084
1.482558e-007 1.084
1.486558e-007 1.081
1.490558e-007 1.079
1.494558e-007 1.084
1.498558e-007 1.084
1.502558e-007 1.089
1.506558e-007 1.089
1.510558e-007 1.097
1.514558e-007 1.099
1.518558e-007 1.104
1.522558e-007 1.099
1.526558e-007 1.102
1.530558e-007 1.107
1.534558e-007 1.104
1.538558e-007 1.1
1.542558e-007 1.101
1.546558e-007 1.098
1.550558e-007 1.099
1.554558e-007 1.101
1.558558e-007 1.099
1.562558e-007 1.103
1.566558e-007 1.103
1.570558e-007 1.096
1.574558e-007 1.101
1.578558e-007 1.101
1.582558e-007 1.097
1.586558e-007 1.093
1.590558e-007 1.093
1.594558e-007 1.09
1.598558e-007 1.089
1.602558e-007 1.086
1.606558e-007 1.086
1.610558e-007 1.084
1.614558e-007 1.086
1.618558e-007 1.085
1.622558e-007 1.086
1.626558e-007 1.085
1.630558e-007 1.088
1.634558e-007 1.086
1.638558e-007 1.087
1.642558e-007 1.091
1.646558e-007 1.086
1.650558e-007 1.084
1.654558e-007 1.088
1.658558e-007 1.089
1.662558e-007 1.084
1.666558e-007 1.079
1.670558e-007 1.078
1.674558e-007 1.077
1.678558e-007 1.07
1.682558e-007 1.068
1.686558e-007 1.072
1.690558e-007 1.072
1.694558e-007 1.073
1.698558e-007 1.076
1.702558e-007 1.081
1.706558e-007 1.087
1.710558e-007 1.081
1.714558e-007 1.084
1.718558e-007 1.088
1.722558e-007 1.09
1.726558e-007 1.094
1.730558e-007 1.091
1.734558e-007 1.093
1.738558e-007 1.09
1.742558e-007 1.093
1.746558e-007 1.09
1.750558e-007 1.089
1.754558e-007 1.091
1.758558e-007 1.098
1.762558e-007 1.092
1.766558e-007 1.097
1.770558e-007 1.103
1.774558e-007 1.103
1.778558e-007 1.099
1.782558e-007 1.098
1.786558e-007 1.106
1.790558e-007 1.1
1.794558e-007 1.093
1.798558e-007 1.099
1.802558e-007 1.1
1.806558e-007 1.105
1.810558e-007 1.101
1.814558e-007 1.102
1.818558e-007 1.099
1.822558e-007 1.1
1.826558e-007 1.102
1.830558e-007 1.102
1.834558e-007 1.097
1.838558e-007 1.1
1.842558e-007 1.092
1.846558e-007 1.096
1.850558e-007 1.096
1.854558e-007 1.088
1.858558e-007 1.09
1.862558e-007 1.088
1.866558e-007 1.088
1.870558e-007 1.093
1.874558e-007 1.089
1.878558e-007 1.083
1.882558e-007 1.084
1.886558e-007 1.089
1.890558e-007 1.087
1.894558e-007 1.091
1.898558e-007 1.09
1.902558e-007 1.092
1.906558e-007 1.088
1.910558e-007 1.087
1.914558e-007 1.081
1.918558e-007 1.084
1.922558e-007 1.077
1.926558e-007 1.075
1.930558e-007 1.072
1.934558e-007 1.069
1.938558e-007 1.073
1.942558e-007 1.076
1.946558e-007 1.081
1.950558e-007 1.082
1.954558e-007 1.085
1.958558e-007 1.087
1.962558e-007 1.092
1.966558e-007 1.105
1.970558e-007 1.104
1.974558e-007 1.112
1.978558e-007 1.132
1.982558e-007 1.163
1.986558e-007 1.208
1.990558e-007 1.251
1.994558e-007 1.287
1.998558e-007 1.349
2.002558e-007 1.4
2.006558e-007 1.446
2.010558e-007 1.476
2.014558e-007 1.512
2.018558e-007 1.551
2.022558e-007 1.589
2.026558e-007 1.612
2.030558e-007 1.647
2.034558e-007 1.667
2.038558e-007 1.678
2.042558e-007 1.694
2.046558e-007 1.698
2.050558e-007 1.696
2.054558e-007 1.694
2.058558e-007 1.684
2.062558e-007 1.674
2.066558e-007 1.667
2.070558e-007 1.666
2.074558e-007 1.658
2.078558e-007 1.666
2.082558e-007 1.671
2.086558e-007 1.691
2.090558e-007 1.689
2.094558e-007 1.702
2.098558e-007 1.708
2.102558e-007 1.715
2.106558e-007 1.72
2.110558e-007 1.719
2.114558e-007 1.713
2.118558e-007 1.709
2.122558e-007 1.693
2.126558e-007 1.69
2.130558e-007 1.681
2.134558e-007 1.671
2.138558e-007 1.663
2.142558e-007 1.659
2.146558e-007 1.656
2.150558e-007 1.658
2.154558e-007 1.666
2.158558e-007 1.676
2.162558e-007 1.684
2.166558e-007 1.697
2.170558e-007 1.705
2.174558e-007 1.718
2.178558e-007 1.716
2.182558e-007 1.729
2.186558e-007 1.735
2.190558e-007 1.743
2.194558e-007 1.75
2.198558e-007 1.752
2.202558e-007 1.754
2.206558e-007 1.763
2.210558e-007 1.757
2.214558e-007 1.753
2.218558e-007 1.757
2.222558e-007 1.752
2.226558e-007 1.755
2.230558e-007 1.751
2.234558e-007 1.744
2.238558e-007 1.749
2.242558e-007 1.737
2.246558e-007 1.743
2.250558e-007 1.748
2.254558e-007 1.754
2.258558e-007 1.755
2.262558e-007 1.761
2.266558e-007 1.754
2.270558e-007 1.76
2.274558e-007 1.755
2.278558e-007 1.759
2.282558e-007 1.75
2.286558e-007 1.756
2.290558e-007 1.759
2.294558e-007 1.757
2.298558e-007 1.765
2.302558e-007 1.779
2.306558e-007 1.782
2.310558e-007 1.791
2.314558e-007 1.797
2.318558e-007 1.807
2.322558e-007 1.808
2.326558e-007 1.81
2.330558e-007 1.81
2.334558e-007 1.81
2.338558e-007 1.806
2.342558e-007 1.8
2.346558e-007 1.796
2.350558e-007 1.796
2.354558e-007 1.789
2.358558e-007 1.791
2.362558e-007 1.781
2.366558e-007 1.787
2.370558e-007 1.781
2.374558e-007 1.78
2.378558e-007 1.777
2.382558e-007 1.778
2.386558e-007 1.772
2.390558e-007 1.775
2.394558e-007 1.771
2.398558e-007 1.776
2.402558e-007 1.77
2.406558e-007 1.776
2.410558e-007 1.773
2.414558e-007 1.772
2.418558e-007 1.767
2.422558e-007 1.775
2.426558e-007 1.765
2.430558e-007 1.769
2.434558e-007 1.766
2.438558e-007 1.765
2.442558e-007 1.768
2.446558e-007 1.772
2.450558e-007 1.777
2.454558e-007 1.775
2.458558e-007 1.78
2.462558e-007 1.784
2.466558e-007 1.78
2.470558e-007 1.789
2.474558e-007 1.785
2.478558e-007 1.794
2.482558e-007 1.793
2.486558e-007 1.787
2.490558e-007 1.785
2.494558e-007 1.79
2.498558e-007 1.787
2.502558e-007 1.791
2.506558e-007 1.788
2.510558e-007 1.793
2.514558e-007 1.787
2.518558e-007 1.789
2.522558e-007 1.792
2.526558e-007 1.795
2.530558e-007 1.793
2.534558e-007 1.797
2.538558e-007 1.795
2.542558e-007 1.796
2.546558e-007 1.799
2.550558e-007 1.797
2.554558e-007 1.807
2.558558e-007 1.801
2.562558e-007 1.804
2.566558e-007 1.813
2.570558e-007 1.808
2.574558e-007 1.812
2.578558e-007 1.809
2.582558e-007 1.813
2.586558e-007 1.808
2.590558e-007 1.807
2.594558e-007 1.807
2.598558e-007 1.807
2.602558e-007 1.799
2.606558e-007 1.803
2.610558e-007 1.796
2.614558e-007 1.802
2.618558e-007 1.8
2.622558e-007 1.8
2.626558e-007 1.795
2.630558e-007 1.793
2.634558e-007 1.792
2.638558e-007 1.794
2.642558e-007 1.79
2.646558e-007 1.794
2.650558e-007 1.791
2.654558e-007 1.793
2.658558e-007 1.789
2.662558e-007 1.785
2.666558e-007 1.779
2.670558e-007 1.782
2.674558e-007 1.774
2.678558e-007 1.773
2.682558e-007 1.769
2.686558e-007 1.765
2.690558e-007 1.762
2.694558e-007 1.772
2.698558e-007 1.776
2.702558e-007 1.777
2.706558e-007 1.777
2.710558e-007 1.78
2.714558e-007 1.783
2.718558e-007 1.795
2.722558e-007 1.787
2.726558e-007 1.785
2.730558e-007 1.785
2.734558e-007 1.788
2.738558e-007 1.785
2.742558e-007 1.787
2.746558e-007 1.785
2.750558e-007 1.787
2.754558e-007 1.789
2.758558e-007 1.792
2.762558e-007 1.792
2.766558e-007 1.805
2.770558e-007 1.798
2.774558e-007 1.8
2.778558e-007 1.797
2.782558e-007 1.798
2.786558e-007 1.804
2.790558e-007 1.804
2.794558e-007 1.806
2.798558e-007 1.806
2.802558e-007 1.799
2.806558e-007 1.808
2.810558e-007 1.807
2.814558e-007 1.815
2.818558e-007 1.812
2.822558e-007 1.814
2.826558e-007 1.816
2.830558e-007 1.814
2.834558e-007 1.808
2.838558e-007 1.811
2.842558e-007 1.804
2.846558e-007 1.806
2.850558e-007 1.803
2.854558e-007 1.801
2.858558e-007 1.795
2.862558e-007 1.797
2.866558e-007 1.796
2.870558e-007 1.798
2.874558e-007 1.794
2.878558e-007 1.795
2.882558e-007 1.79
2.886558e-007 1.796
2.890558e-007 1.791
2.894558e-007 1.79
2.898558e-007 1.79
2.902558e-007 1.789
2.906558e-007 1.795
2.910558e-007 1.791
2.914558e-007 1.784
2.918558e-007 1.783
2.922558e-007 1.777
2.926558e-007 1.781
2.930558e-007 1.769
2.934558e-007 1.772
2.938558e-007 1.768
2.942558e-007 1.77
2.946558e-007 1.773
2.950558e-007 1.779
2.954558e-007 1.778
2.958558e-007 1.785
2.962558e-007 1.776
2.966558e-007 1.781
2.970558e-007 1.779
2.974558e-007 1.775
2.978558e-007 1.754
2.982558e-007 1.706
2.986558e-007 1.615
2.990558e-007 1.527
2.994558e-007 1.435
2.998558e-007 1.356
3.002558e-007 1.285
3.006558e-007 1.244
3.010558e-007 1.219
3.014558e-007 1.186
3.018558e-007 1.165
3.022558e-007 1.154
3.026558e-007 1.14
3.030558e-007 1.137
3.034558e-007 1.136
3.038558e-007 1.123
3.042558e-007 1.118
3.046558e-007 1.107
3.050558e-007 1.095
3.054558e-007 1.08
3.058558e-007 1.051
3.062558e-007 1.029
3.066558e-007 1.013
3.070558e-007 0.989
3.074558e-007 0.979
3.078558e-007 0.975
3.082558e-007 0.971
3.086558e-007 0.977
3.090558e-007 0.974
3.094558e-007 0.98
3.098558e-007 0.985
3.102558e-007 0.99
3.106558e-007 0.997
3.110558e-007 1.007
3.114558e-007 1.025
3.118558e-007 1.035
3.122558e-007 1.05
3.126558e-007 1.067
3.130558e-007 1.079
3.134558e-007 1.096
3.138558e-007 1.104
3.142558e-007 1.106
3.146558e-007 1.108
3.150558e-007 1.104
3.154558e-007 1.091
3.158558e-007 1.082
3.162558e-007 1.071
3.166558e-007 1.057
3.170558e-007 1.039
3.174558e-007 1.027
3.178558e-007 1.021
3.182558e-007 1.017
3.186558e-007 1.015
3.190558e-007 1.016
3.194558e-007 1.027
3.198558e-007 1.031
3.202558e-007 1.04
3.206558e-007 1.049
3.210558e-007 1.051
3.214558e-007 1.058
3.218558e-007 1.054
3.222558e-007 1.066
3.226558e-007 1.071
3.230558e-007 1.077
3.234558e-007 1.071
3.238558e-007 1.078
3.242558e-007 1.077
3.246558e-007 1.078
3.250558e-007 1.083
3.254558e-007 1.085
3.258558e-007 1.089
3.262558e-007 1.095
3.266558e-007 1.094
3.270558e-007 1.091
3.274558e-007 1.096
3.278558e-007 1.098
3.282558e-007 1.092
3.286558e-007 1.105
3.290558e-007 1.109
3.294558e-007 1.108
3.298558e-007 1.105
3.302558e-007 1.102
3.306558e-007 1.103
3.310558e-007 1.098
3.314558e-007 1.096
3.318558e-007 1.089
3.322558e-007 1.086
3.326558e-007 1.081
3.330558e-007 1.074
3.334558e-007 1.071
3.338558e-007 1.07
3.342558e-007 1.071
3.346558e-007 1.068
3.350558e-007 1.074
3.354558e-007 1.074
3.358558e-007 1.077
3.362558e-007 1.081
3.366558e-007 1.081
3.370558e-007 1.088
3.374558e-007 1.09
3.378558e-007 1.084
3.382558e-007 1.093
3.386558e-007 1.095
3.390558e-007 1.091
3.394558e-007 1.087
3.398558e-007 1.089
3.402558e-007 1.087
3.406558e-007 1.089
3.410558e-007 1.087
3.414558e-007 1.077
3.418558e-007 1.08
3.422558e-007 1.08
3.426558e-007 1.07
3.430558e-007 1.072
3.434558e-007 1.068
3.438558e-007 1.07
3.442558e-007 1.069
3.446558e-007 1.072
3.450558e-007 1.072
3.454558e-007 1.077
3.458558e-007 1.077
3.462558e-007 1.076
3.466558e-007 1.078
3.470558e-007 1.085
3.474558e-007 1.083
3.478558e-007 1.085
3.482558e-007 1.082
3.486558e-007 1.087
3.490558e-007 1.08
3.494558e-007 1.082
3.498558e-007 1.091
3.502558e-007 1.089
3.506558e-007 1.089
3.510558e-007 1.1
3.514558e-007 1.097
3.518558e-007 1.101
3.522558e-007 1.098
3.526558e-007 1.105
3.530558e-007 1.104
3.534558e-007 1.104
3.538558e-007 1.103
3.542558e-007 1.101
3.546558e-007 1.1
3.550558e-007 1.104
3.554558e-007 1.099
3.558558e-007 1.097
3.562558e-007 1.105
3.566558e-007 1.101
3.570558e-007 1.099
3.574558e-007 1.099
3.578558e-007 1.1
3.582558e-007 1.106
3.586558e-007 1.094
3.590558e-007 1.097
3.594558e-007 1.092
3.598558e-007 1.087
3.602558e-007 1.084
3.606558e-007 1.088
3.610558e-007 1.089
3.614558e-007 1.089
3.618558e-007 1.086
3.622558e-007 1.085
3.626558e-007 1.088
3.630558e-007 1.089
3.634558e-007 1.085
3.638558e-007 1.091
3.642558e-007 1.085
3.646558e-007 1.091
3.650558e-007 1.082
3.654558e-007 1.087
3.658558e-007 1.087
3.662558e-007 1.087
3.666558e-007 1.082
3.670558e-007 1.079
3.674558e-007 1.077
3.678558e-007 1.077
3.682558e-007 1.069
3.686558e-007 1.08
3.690558e-007 1.078
3.694558e-007 1.077
3.698558e-007 1.08
3.702558e-007 1.08
3.706558e-007 1.084
3.710558e-007 1.088
3.714558e-007 1.084
3.718558e-007 1.09
3.722558e-007 1.089
3.726558e-007 1.087
3.730558e-007 1.086
3.734558e-007 1.085
3.738558e-007 1.084
3.742558e-007 1.087
3.746558e-007 1.086
3.750558e-007 1.086
3.754558e-007 1.088
3.758558e-007 1.094
3.762558e-007 1.1
3.766558e-007 1.097
3.770558e-007 1.098
3.774558e-007 1.102
3.778558e-007 1.097
3.782558e-007 1.095
3.786558e-007 1.101
3.790558e-007 1.101
3.794558e-007 1.098
3.798558e-007 1.101
3.802558e-007 1.101
3.806558e-007 1.098
3.810558e-007 1.099
3.814558e-007 1.102
3.818558e-007 1.104
3.822558e-007 1.107
3.826558e-007 1.101
3.830558e-007 1.098
3.834558e-007 1.097
3.838558e-007 1.102
3.842558e-007 1.097
3.846558e-007 1.097
3.850558e-007 1.09
3.854558e-007 1.089
3.858558e-007 1.085
3.862558e-007 1.09
3.866558e-007 1.086
3.870558e-007 1.089
3.874558e-007 1.082
3.878558e-007 1.087
3.882558e-007 1.084
3.886558e-007 1.088
3.890558e-007 1.085
3.894558e-007 1.088
3.898558e-007 1.088
3.902558e-007 1.089
3.906558e-007 1.082
3.910558e-007 1.084
3.914558e-007 1.085
3.918558e-007 1.085
3.922558e-007 1.079
3.926558e-007 1.076
3.930558e-007 1.073
3.934558e-007 1.073
3.938558e-007 1.07
3.942558e-007 1.076
3.946558e-007 1.077
3.950558e-007 1.082
3.954558e-007 1.083
3.958558e-007 1.086
3.962558e-007 1.088
3.966558e-007 1.098
3.970558e-007 1.104
3.974558e-007 1.115
3.978558e-007 1.131
3.982558e-007 1.167
3.986558e-007 1.208
3.990558e-007 1.248
3.994558e-007 1.29
3.998558e-007 1.342
4.002558e-007 1.392
4.006558e-007 1.451
4.010558e-007 1.474
4.014558e-007 1.509
4.018558e-007 1.551
4.022558e-007 1.588
4.026558e-007 1.618
4.030558e-007 1.651
4.034558e-007 1.665
4.038558e-007 1.683
4.042558e-007 1.693
4.046558e-007 1.7
4.050558e-007 1.692
4.054558e-007 1.692
4.058558e-007 1.68
4.062558e-007 1.677
4.066558e-007 1.661
4.070558e-007 1.662
4.074558e-007 1.661
4.078558e-007 1.669
4.082558e-007 1.672
4.086558e-007 1.688
4.090558e-007 1.696
4.094558e-007 1.703
4.098558e-007 1.711
4.102558e-007 1.716
4.106558e-007 1.719
4.110558e-007 1.721
4.114558e-007 1.713
4.118558e-007 1.716
4.122558e-007 1.7
4.126558e-007 1.69
4.130558e-007 1.679
4.134558e-007 1.67
4.138558e-007 1.663
4.142558e-007 1.662
4.146558e-007 1.656
4.150558e-007 1.663
4.154558e-007 1.663
4.158558e-007 1.673
4.162558e-007 1.683
4.166558e-007 1.693
4.170558e-007 1.703
4.174558e-007 1.711
4.178558e-007 1.716
4.182558e-007 1.727
4.186558e-007 1.735
4.190558e-007 1.743
4.194558e-007 1.748
4.198558e-007 1.753
4.202558e-007 1.755
4.206558e-007 1.764
4.210558e-007 1.756
4.214558e-007 1.754
4.218558e-007 1.752
4.222558e-007 1.752
4.226558e-007 1.747
4.230558e-007 1.749
4.234558e-007 1.749
4.238558e-007 1.746
4.242558e-007 1.744
4.246558e-007 1.749
4.250558e-007 1.747
4.254558e-007 1.75
4.258558e-007 1.752
4.262558e-007 1.752
4.266558e-007 1.756
4.270558e-007 1.757
4.274558e-007 1.758
4.278558e-007 1.756
4.282558e-007 1.75
4.286558e-007 1.756
4.290558e-007 1.751
4.294558e-007 1.768
4.298558e-007 1.767
4.302558e-007 1.774
4.306558e-007 1.782
4.310558e-007 1.792
4.314558e-007 1.794
4.318558e-007 1.804
4.322558e-007 1.805
4.326558e-007 1.815
4.330558e-007 1.812
4.334558e-007 1.814
4.338558e-007 1.807
4.342558e-007 1.803
4.346558e-007 1.8
4.350558e-007 1.796
4.354558e-007 1.792
4.358558e-007 1.79
4.362558e-007 1.785
4.366558e-007 1.795
4.370558e-007 1.786
4.374558e-007 1.783
4.378558e-007 1.781
4.382558e-007 1.783
4.386558e-007 1.777
4.390558e-007 1.769
4.394558e-007 1.777
4.398558e-007 1.774
4.402558e-007 1.772
4.406558e-007 1.778
4.410558e-007 1.764
4.414558e-007 1.772
4.418558e-007 1.77
4.422558e-007 1.768
4.426558e-007 1.769
4.430558e-007 1.767
4.434558e-007 1.765
4.438558e-007 1.767
4.442558e-007 1.765
4.446558e-007 1.771
4.450558e-007 1.772
4.454558e-007 1.777
4.458558e-007 1.783
4.462558e-007 1.784
4.466558e-007 1.791
4.470558e-007 1.796
4.474558e-007 1.79
4.478558e-007 1.794
4.482558e-007 1.784
4.486558e-007 1.792
4.490558e-007 1.791
4.494558e-007 1.792
4.498558e-007 1.788
4.502558e-007 1.79
4.506558e-007 1.784
4.510558e-007 1.79
4.514558e-007 1.789
4.518558e-007 1.787
4.522558e-007 1.794
4.526558e-007 1.794
4.530558e-007 1.789
4.534558e-007 1.798
4.538558e-007 1.794
4.542558e-007 1.796
4.546558e-007 1.797
4.550558e-007 1.802
4.554558e-007 1.802
4.558558e-007 1.806
4.562558e-007 1.806
4.566558e-007 1.808
4.570558e-007 1.816
4.574558e-007 1.814
4.578558e-007 1.809
4.582558e-007 1.812
4.586558e-007 1.806
4.590558e-007 1.811
4.594558e-007 1.803
4.598558e-007 1.801
4.602558e-007 1.798
4.606558e-007 1.801
4.610558e-007 1.793
4.614558e-007 1.792
4.618558e-007 1.792
4.622558e-007 1.793
4.626558e-007 1.79
4.630558e-007 1.794
4.634558e-007 1.792
4.638558e-007 1.798
4.642558e-007 1.791
4.646558e-007 1.787
4.650558e-007 1.79
4.654558e-007 1.787
4.658558e-007 1.784
4.662558e-007 1.788
4.666558e-007 1.783
4.670558e-007 1.784
4.674558e-007 1.779
4.678558e-007 1.773
4.682558e-007 1.773
4.686558e-007 1.782
4.690558e-007 1.768
4.694558e-007 1.774
4.698558e-007 1.775
4.702558e-007 1.776
4.706558e-007 1.781
4.710558e-007 1.781
4.714558e-007 1.785
4.718558e-007 1.79
4.722558e-007 1.784
4.726558e-007 1.786
4.730558e-007 1.791
4.734558e-007 1.791
4.738558e-007 1.785
4.742558e-007 1.79
4.746558e-007 1.788
4.750558e-007 1.794
4.754558e-007 1.788
4.758558e-007 1.787
4.762558e-007 1.796
4.766558e-007 1.802
4.770558e-007 1.795
4.774558e-007 1.8
4.778558e-007 1.8
4.782558e-007 1.806
4.786558e-007 1.804
4.790558e-007 1.802
4.794558e-007 1.802
4.798558e-007 1.807
4.802558e-007 1.805
4.806558e-007 1.806
4.810558e-007 1.81
4.814558e-007 1.809
4.818558e-007 1.807
4.822558e-007 1.814
4.826558e-007 1.81
4.830558e-007 1.807
4.834558e-007 1.806
4.838558e-007 1.808
4.842558e-007 1.801
4.846558e-007 1.798
4.850558e-007 1.8
4.854558e-007 1.797
4.858558e-007 1.797
4.862558e-007 1.797
4.866558e-007 1.793
4.870558e-007 1.798
4.874558e-007 1.799
4.878558e-007 1.8
4.882558e-007 1.797
4.886558e-007 1.794
4.890558e-007 1.793
4.894558e-007 1.797
4.898558e-007 1.792
4.902558e-007 1.794
4.906558e-007 1.794
4.910558e-007 1.793
4.914558e-007 1.784
4.918558e-007 1.782
4.922558e-007 1.782
4.926558e-007 1.78
4.930558e-007 1.772
4.934558e-007 1.77
4.938558e-007 1.77
4.942558e-007 1.772
4.946558e-007 1.77
4.950558e-007 1.778
4.954558e-007 1.78
4.958558e-007 1.784
4.962558e-007 1.781
4.966558e-007 1.785
4.970558e-007 1.776
4.974558e-007 1.778
4.978558e-007 1.757
4.982558e-007 1.71
4.986558e-007 1.62
4.990558e-007 1.529
4.994558e-007 1.431
4.998558e-007 1.354
5.002558e-007 1.29
5.006558e-007 1.245
5.010558e-007 1.217
5.014558e-007 1.19
5.018558e-007 1.165
5.022558e-007 1.152
5.026558e-007 1.144
5.030558e-007 1.14
5.034558e-007 1.133
5.038558e-007 1.125
5.042558e-007 1.118
5.046558e-007 1.11
5.050558e-007 1.091
5.054558e-007 1.078
5.058558e-007 1.044
5.062558e-007 1.024
5.066558e-007 1.005
5.070558e-007 0.991
5.074558e-007 0.977
5.078558e-007 0.977
5.082558e-007 0.968
5.086558e-007 0.974
5.090558e-007 0.976
5.094558e-007 0.986
5.098558e-007 0.99
5.102558e-007 0.999
5.106558e-007 1.004
5.110558e-007 1.013
5.114558e-007 1.029
5.118558e-007 1.041
5.122558e-007 1.056
5.126558e-007 1.075
5.130558e-007 1.084
5.134558e-007 1.102
5.138558e-007 1.102
5.142558e-007 1.109
5.146558e-007 1.105
5.150558e-007 1.107
5.154558e-007 1.094
5.158558e-007 1.082
5.162558e-007 1.073
5.166558e-007 1.057
5.170558e-007 1.038
5.174558e-007 1.031
5.178558e-007 1.019
5.182558e-007 1.018
5.186558e-007 1.013
5.190558e-007 1.018
5.194558e-007 1.027
5.198558e-007 1.03
5.202558e-007 1.036
5.206558e-007 1.05
5.210558e-007 1.049
5.214558e-007 1.055
5.218558e-007 1.058
5.222558e-007 1.065
5.226558e-007 1.072
5.230558e-007 1.078
5.234558e-007 1.071
5.238558e-007 1.076
5.242558e-007 1.078
5.246558e-007 1.079
5.250558e-007 1.081
5.254558e-007 1.081
5.258558e-007 1.083
5.262558e-007 1.091
5.266558e-007 1.086
5.270558e-007 1.089
5.274558e-007 1.093
5.278558e-007 1.099
5.282558e-007 1.1
5.286558e-007 1.106
5.290558e-007 1.105
5.294558e-007 1.105
5.298558e-007 1.101
5.302558e-007 1.105
5.306558e-007 1.104
5.310558e-007 1.108
5.314558e-007 1.097
5.318558e-007 1.091
5.322558e-007 1.092
5.326558e-007 1.083
5.330558e-007 1.071
5.334558e-007 1.072
5.338558e-007 1.066
5.342558e-007 1.069
5.346558e-007 1.066
5.350558e-007 1.07
5.354558e-007 1.075
5.358558e-007 1.081
5.362558e-007 1.081
5.366558e-007 1.084
5.370558e-007 1.09
5.374558e-007 1.094
5.378558e-007 1.087
5.382558e-007 1.09
5.386558e-007 1.096
5.390558e-007 1.098
5.394558e-007 1.094
5.398558e-007 1.092
5.402558e-007 1.091
5.406558e-007 1.094
5.410558e-007 1.093
5.414558e-007 1.091
5.418558e-007 1.087
5.422558e-007 1.082
5.426558e-007 1.077
5.430558e-007 1.071
5.434558e-007 1.071
5.438558e-007 1.077
5.442558e-007 1.071
5.446558e-007 1.074
5.450558e-007 1.071
5.454558e-007 1.071
5.458558e-007 1.07
5.462558e-007 1.076
5.466558e-007 1.075
5.470558e-007 1.082
5.474558e-007 1.078
5.478558e-007 1.081
5.482558e-007 1.079
5.486558e-007 1.082
5.490558e-007 1.079
5.494558e-007 1.084
5.498558e-007 1.087
5.502558e-007 1.091
5.506558e-007 1.096
5.510558e-007 1.095
5.514558e-007 1.1
5.518558e-007 1.104
5.522558e-007 1.109
5.526558e-007 1.1
5.530558e-007 1.1
5.534558e-007 1.105
5.538558e-007 1.103
5.542558e-007 1.104
5.546558e-007 1.1
5.550558e-007 1.1
5.554558e-007 1.101
5.558558e-007 1.097
5.562558e-007 1.103
5.566558e-007 1.101
5.570558e-007 1.102
5.574558e-007 1.101
5.578558e-007 1.098
5.582558e-007 1.102
5.586558e-007 1.088
5.590558e-007 1.094
5.594558e-007 1.089
5.598558e-007 1.09
5.602558e-007 1.088
5.606558e-007 1.089
5.610558e-007 1.088
5.614558e-007 1.09
5.618558e-007 1.083
5.622558e-007 1.086
5.626558e-007 1.084
5.630558e-007 1.088
5.634558e-007 1.083
5.638558e-007 1.087
5.642558e-007 1.085
5.646558e-007 1.09
5.650558e-007 1.09
5.654558e-007 1.089
5.658558e-007 1.086
5.662558e-007 1.085
5.666558e-007 1.081
5.670558e-007 1.083
5.674558e-007 1.079
5.678558e-007 1.074
5.682558e-007 1.07
5.686558e-007 1.071
5.690558e-007 1.072
5.694558e-007 1.076
5.698558e-007 1.076
5.702558e-007 1.079
5.706558e-007 1.079
5.710558e-007 1.089
5.714558e-007 1.083
5.718558e-007 1.086
5.722558e-007 1.09
5.726558e-007 1.09
5.730558e-007 1.086
5.734558e-007 1.089
5.738558e-007 1.084
5.742558e-007 1.086
5.746558e-007 1.081
5.750558e-007 1.09
5.754558e-007 1.09
5.758558e-007 1.102
5.762558e-007 1.096
5.766558e-007 1.097
5.770558e-007 1.1
5.774558e-007 1.103
5.778558e-007 1.098
5.782558e-007 1.098
5.786558e-007 1.102
5.790558e-007 1.103
5.794558e-007 1.097
5.798558e-007 1.1
5.802558e-007 1.1
5.806558e-007 1.105
5.810558e-007 1.102
5.814558e-007 1.104
5.818558e-007 1.112
5.822558e-007 1.107
5.826558e-007 1.101
5.830558e-007 1.102
5.834558e-007 1.1
5.838558e-007 1.099
5.842558e-007 1.094
5.846558e-007 1.094
5.850558e-007 1.091
5.854558e-007 1.091
5.858558e-007 1.091
5.862558e-007 1.087
5.866558e-007 1.089
5.870558e-007 1.09
5.874558e-007 1.086
5.878558e-007 1.089
5.882558e-007 1.087
5.886558e-007 1.093
5.890558e-007 1.085
5.894558e-007 1.084
5.898558e-007 1.091
5.902558e-007 1.091
5.906558e-007 1.081
5.910558e-007 1.086
5.914558e-007 1.088
5.918558e-007 1.087
5.922558e-007 1.079
5.926558e-007 1.076
5.930558e-007 1.073
5.934558e-007 1.075
5.938558e-007 1.066
5.942558e-007 1.071
5.946558e-007 1.074
5.950558e-007 1.079
5.954558e-007 1.08
5.958558e-007 1.086
5.962558e-007 1.09
5.966558e-007 1.094
5.970558e-007 1.106
5.974558e-007 1.116
5.978558e-007 1.127
5.982558e-007 1.169
5.986558e-007 1.211
5.990558e-007 1.251
5.994558e-007 1.293
5.998558e-007 1.344
6.002558e-007 1.401
6.006558e-007 1.45
6.010558e-007 1.477
6.014558e-007 1.513
6.018558e-007 1.551
6.022558e-007 1.587
6.026558e-007 1.62
6.030558e-007 1.652
6.034558e-007 1.666
6.038558e-007 1.682
6.042558e-007 1.693
6.046558e-007 1.699
6.050558e-007 1.694
6.054558e-007 1.692
6.058558e-007 1.686
6.062558e-007 1.676
6.066558e-007 1.668
6.070558e-007 1.668
6.074558e-007 1.666
6.078558e-007 1.675
6.082558e-007 1.675
6.086558e-007 1.688
6.090558e-007 1.696
6.094558e-007 1.707
6.098558e-007 1.71
6.102558e-007 1.717
6.106558e-007 1.712
6.110558e-007 1.713
6.114558e-007 1.715
6.118558e-007 1.711
6.122558e-007 1.695
6.126558e-007 1.688
6.130558e-007 1.682
6.134558e-007 1.671
6.138558e-007 1.66
6.142558e-007 1.656
6.146558e-007 1.658
6.150558e-007 1.656
6.154558e-007 1.663
6.158558e-007 1.676
6.162558e-007 1.684
6.166558e-007 1.694
6.170558e-007 1.705
6.174558e-007 1.716
6.178558e-007 1.718
6.182558e-007 1.733
6.186558e-007 1.734
6.190558e-007 1.742
6.194558e-007 1.747
6.198558e-007 1.753
6.202558e-007 1.76
6.206558e-007 1.762
6.210558e-007 1.758
6.214558e-007 1.756
6.218558e-007 1.752
6.222558e-007 1.756
6.226558e-007 1.748
6.230558e-007 1.745
6.234558e-007 1.746
6.238558e-007 1.752
6.242558e-007 1.739
6.246558e-007 1.746
6.250558e-007 1.746
6.254558e-007 1.752
6.258558e-007 1.751
6.262558e-007 1.758
6.266558e-007 1.756
6.270558e-007 1.757
6.274558e-007 1.75
6.278558e-007 1.754
6.282558e-007 1.76
6.286558e-007 1.759
6.290558e-007 1.754
6.294558e-007 1.761
6.298558e-007 1.769
6.302558e-007 1.78
6.306558e-007 1.784
6.310558e-007 1.785
6.314558e-007 1.798
6.318558e-007 1.812
6.322558e-007 1.803
6.326558e-007 1.808
6.330558e-007 1.807
6.334558e-007 1.808
6.338558e-007 1.802
6.342558e-007 1.802
6.346558e-007 1.797
6.350558e-007 1.796
6.354558e-007 1.789
6.358558e-007 1.793
6.362558e-007 1.786
6.366558e-007 1.787
6.370558e-007 1.785
6.374558e-007 1.78
6.378558e-007 1.773
6.382558e-007 1.78
6.386558e-007 1.773
6.390558e-007 1.781
6.394558e-007 1.773
6.398558e-007 1.772
6.402558e-007 1.77
6.406558e-007 1.77
6.410558e-007 1.771
6.414558e-007 1.773
6.418558e-007 1.77
6.422558e-007 1.764
6.426558e-007 1.769
6.430558e-007 1.771
6.434558e-007 1.761
6.438558e-007 1.77
6.442558e-007 1.764
6.446558e-007 1.773
6.450558e-007 1.772
6.454558e-007 1.776
6.458558e-007 1.78
6.462558e-007 1.789
6.466558e-007 1.789
6.470558e-007 1.794
6.474558e-007 1.795
6.478558e-007 1.795
6.482558e-007 1.792
6.486558e-007 1.791
6.490558e-007 1.791
6.494558e-007 1.793
6.498558e-007 1.788
6.502558e-007 1.786
6.506558e-007 1.787
6.510558e-007 1.791
6.514558e-007 1.79
6.518558e-007 1.796
6.522558e-007 1.795
6.526558e-007 1.795
6.530558e-007 1.793
6.534558e-007 1.796
6.538558e-007 1.795
6.542558e-007 1.797
6.546558e-007 1.797
6.550558e-007 1.801
6.554558e-007 1.8
6.558558e-007 1.809
6.562558e-007 1.807
6.566558e-007 1.81
6.570558e-007 1.807
6.574558e-007 1.808
6.578558e-007 1.81
6.582558e-007 1.811
6.586558e-007 1.81
6.590558e-007 1.806
6.594558e-007 1.805
6.598558e-007 1.803
6.602558e-007 1.795
6.606558e-007 1.805
6.610558e-007 1.797
6.614558e-007 1.797
6.618558e-007 1.795
6.622558e-007 1.794
6.626558e-007 1.792
6.630558e-007 1.791
6.634558e-007 1.79
6.638558e-007 1.792
6.642558e-007 1.786
6.646558e-007 1.796
6.650558e-007 1.79
6.654558e-007 1.791
6.658558e-007 1.782
6.662558e-007 1.786
6.666558e-007 1.783
6.670558e-007 1.78
6.674558e-007 1.781
6.678558e-007 1.777
6.682558e-007 1.772
6.686558e-007 1.772
6.690558e-007 1.768
6.694558e-007 1.768
6.698558e-007 1.772
6.702558e-007 1.777
6.706558e-007 1.777
6.710558e-007 1.783
6.714558e-007 1.783
6.718558e-007 1.791
6.722558e-007 1.787
6.726558e-007 1.797
6.730558e-007 1.787
6.734558e-007 1.793
6.738558e-007 1.787
6.742558e-007 1.784
6.746558e-007 1.789
6.750558e-007 1.787
6.754558e-007 1.788
6.758558e-007 1.793
6.762558e-007 1.796
6.766558e-007 1.797
6.770558e-007 1.796
6.774558e-007 1.806
6.778558e-007 1.797
6.782558e-007 1.808
6.786558e-007 1.803
6.790558e-007 1.812
6.794558e-007 1.804
6.798558e-007 1.809
6.802558e-007 1.804
6.806558e-007 1.809
6.810558e-007 1.807
6.814558e-007 1.81
6.818558e-007 1.807
6.822558e-007 1.81
6.826558e-007 1.808
6.830558e-007 1.81
6.834558e-007 1.81
6.838558e-007 1.806
6.842558e-007 1.805
6.846558e-007 1.802
6.850558e-007 1.795
6.854558e-007 1.791
6.858558e-007 1.793
6.862558e-007 1.795
6.866558e-007 1.788
6.870558e-007 1.796
6.874558e-007 1.796
6.878558e-007 1.8
6.882558e-007 1.794
6.886558e-007 1.797
6.890558e-007 1.796
6.894558e-007 1.793
6.898558e-007 1.794
6.902558e-007 1.795
6.906558e-007 1.793
6.910558e-007 1.792
6.914558e-007 1.786
6.918558e-007 1.786
6.922558e-007 1.782
6.926558e-007 1.783
6.930558e-007 1.775
6.934558e-007 1.775
6.938558e-007 1.769
6.942558e-007 1.777
6.946558e-007 1.776
6.950558e-007 1.776
6.954558e-007 1.776
6.958558e-007 1.784
6.962558e-007 1.781
6.966558e-007 1.778
6.970558e-007 1.783
6.974558e-007 1.778
6.978558e-007 1.757
6.982558e-007 1.719
6.986558e-007 1.625
6.990558e-007 1.533
6.994558e-007 1.438
6.998558e-007 1.357
7.002558e-007 1.289
7.006558e-007 1.245
7.010558e-007 1.217
7.014558e-007 1.192
7.018558e-007 1.162
7.022558e-007 1.156
7.026558e-007 1.142
7.030558e-007 1.14
7.034558e-007 1.13
7.038558e-007 1.124
7.042558e-007 1.116
7.046558e-007 1.108
7.050558e-007 1.097
7.054558e-007 1.08
7.058558e-007 1.053
7.062558e-007 1.029
7.066558e-007 1.003
7.070558e-007 0.989
7.074558e-007 0.973
7.078558e-007 0.968
7.082558e-007 0.967
7.086558e-007 0.972
7.090558e-007 0.975
7.094558e-007 0.979
7.098558e-007 0.99
7.102558e-007 0.993
7.106558e-007 0.996
7.110558e-007 1.01
7.114558e-007 1.024
7.118558e-007 1.04
7.122558e-007 1.053
7.126558e-007 1.075
7.130558e-007 1.081
7.134558e-007 1.096
7.138558e-007 1.103
7.142558e-007 1.106
7.146558e-007 1.103
7.150558e-007 1.101
7.154558e-007 1.091
7.158558e-007 1.087
7.162558e-007 1.072
7.166558e-007 1.056
7.170558e-007 1.041
7.174558e-007 1.028
7.178558e-007 1.022
7.182558e-007 1.017
7.186558e-007 1.015
7.190558e-007 1.024
7.194558e-007 1.024
7.198558e-007 1.034
7.202558e-007 1.038
7.206558e-007 1.044
7.210558e-007 1.049
7.214558e-007 1.059
7.218558e-007 1.053
7.222558e-007 1.068
7.226558e-007 1.07
7.230558e-007 1.075
7.234558e-007 1.072
7.238558e-007 1.075
7.242558e-007 1.083
7.246558e-007 1.083
7.250558e-007 1.08
7.254558e-007 1.085
7.258558e-007 1.086
7.262558e-007 1.092
7.266558e-007 1.093
7.270558e-007 1.092
7.274558e-007 1.097
7.278558e-007 1.099
7.282558e-007 1.095
7.286558e-007 1.098
7.290558e-007 1.104
7.294558e-007 1.103
7.298558e-007 1.104
7.302558e-007 1.103
7.306558e-007 1.101
7.310558e-007 1.103
7.314558e-007 1.087
7.318558e-007 1.086
7.322558e-007 1.087
7.326558e-007 1.081
7.330558e-007 1.075
7.334558e-007 1.07
7.338558e-007 1.064
7.342558e-007 1.073
7.346558e-007 1.066
7.350558e-007 1.069
7.354558e-007 1.07
7.358558e-007 1.077
7.362558e-007 1.077
7.366558e-007 1.084
7.370558e-007 1.086
7.374558e-007 1.088
7.378558e-007 1.087
7.382558e-007 1.087
7.386558e-007 1.088
7.390558e-007 1.092
7.394558e-007 1.088
7.398558e-007 1.085
7.402558e-007 1.087
7.406558e-007 1.095
7.410558e-007 1.088
7.414558e-007 1.084
7.418558e-007 1.083
7.422558e-007 1.079
7.426558e-007 1.073
7.430558e-007 1.075
7.434558e-007 1.069
7.438558e-007 1.069
7.442558e-007 1.068
7.446558e-007 1.068
7.450558e-007 1.069
7.454558e-007 1.079
7.458558e-007 1.07
7.462558e-007 1.076
7.466558e-007 1.077
7.470558e-007 1.081
7.474558e-007 1.082
7.478558e-007 1.087
7.482558e-007 1.081
7.486558e-007 1.085
7.490558e-007 1.081
7.494558e-007 1.086
7.498558e-007 1.08
7.502558e-007 1.093
7.506558e-007 1.093
7.510558e-007 1.094
7.514558e-007 1.097
7.518558e-007 1.105
7.522558e-007 1.099
7.526558e-007 1.098
7.530558e-007 1.101
7.534558e-007 1.106
7.538558e-007 1.097
7.542558e-007 1.1
7.546558e-007 1.099
7.550558e-007 1.102
7.554558e-007 1.097
7.558558e-007 1.098
7.562558e-007 1.1
7.566558e-007 1.106
7.570558e-007 1.103
7.574558e-007 1.105
7.578558e-007 1.101
7.582558e-007 1.103
7.586558e-007 1.094
7.590558e-007 1.094
7.594558e-007 1.094
7.598558e-007 1.092
7.602558e-007 1.09
7.606558e-007 1.084
7.610558e-007 1.087
7.614558e-007 1.093
7.618558e-007 1.081
7.622558e-007 1.087
7.626558e-007 1.084
7.630558e-007 1.087
7.634558e-007 1.083
7.638558e-007 1.088
7.642558e-007 1.089
7.646558e-007 1.085
7.650558e-007 1.082
7.654558e-007 1.085
7.658558e-007 1.083
7.662558e-007 1.09
7.666558e-007 1.082
7.670558e-007 1.077
7.674558e-007 1.079
7.678558e-007 1.081
7.682558e-007 1.075
7.686558e-007 1.072
7.690558e-007 1.078
7.694558e-007 1.08
7.698558e-007 1.078
7.702558e-007 1.083
7.706558e-007 1.08
7.710558e-007 1.087
7.714558e-007 1.087
7.718558e-007 1.084
7.722558e-007 1.089
7.726558e-007 1.094
7.730558e-007 1.085
7.734558e-007 1.088
7.738558e-007 1.087
7.742558e-007 1.089
7.746558e-007 1.085
7.750558e-007 1.088
7.754558e-007 1.086
7.758558e-007 1.097
7.762558e-007 1.09
7.766558e-007 1.096
7.770558e-007 1.101
7.774558e-007 1.102
7.778558e-007 1.095
7.782558e-007 1.095
7.786558e-007 1.1
7.790558e-007 1.103
7.794558e-007 1.099
7.798558e-007 1.094
7.802558e-007 1.1
7.806558e-007 1.103
7.810558e-007 1.101
7.814558e-007 1.103
7.818558e-007 1.101
7.822558e-007 1.102
7.826558e-007 1.104
7.830558e-007 1.097
7.834558e-007 1.099
7.838558e-007 1.101
7.842558e-007 1.093
7.846558e-007 1.089
7.850558e-007 1.09
7.854558e-007 1.089
7.858558e-007 1.086
7.862558e-007 1.085
7.866558e-007 1.086
7.870558e-007 1.089
7.874558e-007 1.086
7.878558e-007 1.089
7.882558e-007 1.087
7.886558e-007 1.089
7.890558e-007 1.089
7.894558e-007 1.088
7.898558e-007 1.089
7.902558e-007 1.091
7.906558e-007 1.084
7.910558e-007 1.088
7.914558e-007 1.086
7.918558e-007 1.08
7.922558e-007 1.08
7.926558e-007 1.076
7.930558e-007 1.069
7.934558e-007 1.071
7.938558e-007 1.068
7.942558e-007 1.073
7.946558e-007 1.074
7.950558e-007 1.083
7.954558e-007 1.08
7.958558e-007 1.086
7.962558e-007 1.093
7.966558e-007 1.097
7.970558e-007 1.101
7.974558e-007 1.108
7.978558e-007 1.125
7.982558e-007 1.165
7.986558e-007 1.207
7.990558e-007 1.253
7.994558e-007 1.291
7.998558e-007 1.347
8.002558e-007 1.402
8.006558e-007 1.447
8.010558e-007 1.472
8.014558e-007 1.509
8.018558e-007 1.548
8.022558e-007 1.59
8.026558e-007 1.619
8.030558e-007 1.643
8.034558e-007 1.669
8.038558e-007 1.679
8.042558e-007 1.696
8.046558e-007 1.702
8.050558e-007 1.696
8.054558e-007 1.693
8.058558e-007 1.684
8.062558e-007 1.677
8.066558e-007 1.668
8.070558e-007 1.664
8.074558e-007 1.663
8.078558e-007 1.666
8.082558e-007 1.678
8.086558e-007 1.687
8.090558e-007 1.698
8.094558e-007 1.709
8.098558e-007 1.708
8.102558e-007 1.715
8.106558e-007 1.716
8.110558e-007 1.722
8.114558e-007 1.715
8.118558e-007 1.707
8.122558e-007 1.702
8.126558e-007 1.692
8.130558e-007 1.682
8.134558e-007 1.676
8.138558e-007 1.664
8.142558e-007 1.663
8.146558e-007 1.657
8.150558e-007 1.659
8.154558e-007 1.666
8.158558e-007 1.674
8.162558e-007 1.682
8.166558e-007 1.695
8.170558e-007 1.707
8.174558e-007 1.717
8.178558e-007 1.726
8.182558e-007 1.727
8.186558e-007 1.733
8.190558e-007 1.745
8.194558e-007 1.747
8.198558e-007 1.752
8.202558e-007 1.756
8.206558e-007 1.76
8.210558e-007 1.757
8.214558e-007 1.757
8.218558e-007 1.749
8.222558e-007 1.752
8.226558e-007 1.751
8.230558e-007 1.747
8.234558e-007 1.745
8.238558e-007 1.748
8.242558e-007 1.743
8.246558e-007 1.742
8.250558e-007 1.743
8.254558e-007 1.754
8.258558e-007 1.748
8.262558e-007 1.759
8.266558e-007 1.75
8.270558e-007 1.755
8.274558e-007 1.749
8.278558e-007 1.749
8.282558e-007 1.753
8.286558e-007 1.756
8.290558e-007 1.753
8.294558e-007 1.764
8.298558e-007 1.769
8.302558e-007 1.776
8.306558e-007 1.781
8.310558e-007 1.793
8.314558e-007 1.799
8.318558e-007 1.807
8.322558e-007 1.814
8.326558e-007 1.812
8.330558e-007 1.809
8.334558e-007 1.81
8.338558e-007 1.805
8.342558e-007 1.809
8.346558e-007 1.796
8.350558e-007 1.8
8.354558e-007 1.792
8.358558e-007 1.788
8.362558e-007 1.786
8.366558e-007 1.779
8.370558e-007 1.785
8.374558e-007 1.783
8.378558e-007 1.775
8.382558e-007 1.78
8.386558e-007 1.774
8.390558e-007 1.773
8.394558e-007 1.77
8.398558e-007 1.773
8.402558e-007 1.77
8.406558e-007 1.77
8.410558e-007 1.775
8.414558e-007 1.77
8.418558e-007 1.771
8.422558e-007 1.772
8.426558e-007 1.766
8.430558e-007 1.77
8.434558e-007 1.765
8.438558e-007 1.761
8.442558e-007 1.767
8.446558e-007 1.77
8.450558e-007 1.775
8.454558e-007 1.777
8.458558e-007 1.779
8.462558e-007 1.783
8.466558e-007 1.78
8.470558e-007 1.79
8.474558e-007 1.793
8.478558e-007 1.791
8.482558e-007 1.792
8.486558e-007 1.79
8.490558e-007 1.787
8.494558e-007 1.791
8.498558e-007 1.784
8.502558e-007 1.783
8.506558e-007 1.783
8.510558e-007 1.791
8.514558e-007 1.785
8.518558e-007 1.793
8.522558e-007 1.793
8.526558e-007 1.795
8.530558e-007 1.798
8.534558e-007 1.798
8.538558e-007 1.797
8.542558e-007 1.796
8.546558e-007 1.8
8.550558e-007 1.8
8.554558e-007 1.806
8.558558e-007 1.811
8.562558e-007 1.81
8.566558e-007 1.814
8.570558e-007 1.813
8.574558e-007 1.81
8.578558e-007 1.807
8.582558e-007 1.813
8.586558e-007 1.81
8.590558e-007 1.81
8.594558e-007 1.806
8.598558e-007 1.805
8.602558e-007 1.798
8.606558e-007 1.796
8.610558e-007 1.796
8.614558e-007 1.797
8.618558e-007 1.795
8.622558e-007 1.798
8.626558e-007 1.788
8.630558e-007 1.792
8.634558e-007 1.797
8.638558e-007 1.796
8.642558e-007 1.794
8.646558e-007 1.795
8.650558e-007 1.79
8.654558e-007 1.789
8.658558e-007 1.785
8.662558e-007 1.786
8.666558e-007 1.785
8.670558e-007 1.782
8.674558e-007 1.777
8.678558e-007 1.772
8.682558e-007 1.773
8.686558e-007 1.774
8.690558e-007 1.767
8.694558e-007 1.777
8.698558e-007 1.774
8.702558e-007 1.781
8.706558e-007 1.784
8.710558e-007 1.787
8.714558e-007 1.787
8.718558e-007 1.792
8.722558e-007 1.786
8.726558e-007 1.788
8.730558e-007 1.79
8.734558e-007 1.791
8.738558e-007 1.789
8.742558e-007 1.789
8.746558e-007 1.789
8.750558e-007 1.793
8.754558e-007 1.794
8.758558e-007 1.793
8.762558e-007 1.79
8.766558e-007 1.799
8.770558e-007 1.802
8.774558e-007 1.801
8.778558e-007 1.804
8.782558e-007 1.802
