2.1482
2.148
2.1474
2.1474
2.1474
2.1484
2.148
2.1478
2.1484
2.1484
2.1482
2.1476
2.1478
2.1484
2.1484
2.1474
2.1488
2.1482
2.1484
2.1478
2.148
2.148
2.1482
2.1472
2.1488
2.1478
2.1476
2.1484
2.1482
2.1476
2.1484
2.1478
2.1482
2.1478
2.1482
2.1472
2.1474
2.1474
2.148
2.1474
2.1486
2.148
2.1468
2.1474
2.1474
2.148
2.1484
2.1472
2.149
2.148
2.1478
2.1486
2.1492
2.1492
2.1488
2.1482
2.1492
2.1488
2.149
2.148
2.149
2.1488
2.1486
2.1484
2.148
2.1476
2.1488
2.148
2.1484
2.1476
2.1482
2.1476
2.1476
2.1484
2.1486
2.1472
2.1484
2.148
2.1484
2.1482
2.149
2.1478
2.1478
2.1472
2.1488
2.148
2.1488
2.1474
2.1484
2.1484
2.1486
2.148
2.1492
2.1484
2.1484
2.148
2.1476
2.148
2.1488
2.1482
2.149
2.1488
2.1496
2.1478
2.1474
2.1488
2.148
2.1492
2.149
2.1492
2.1492
2.1484
2.1492
2.1484
2.1484
2.1484
2.1496
2.1496
2.149
2.1486
2.148
2.1496
2.1498
2.1482
2.1492
2.1486
2.1488
2.1482
2.1484
2.1488
2.1484
2.148
2.1488
2.1482
2.1484
2.1476
2.1486
2.1484
2.1484
2.149
2.1488
2.1484
2.1482
2.1478
2.1482
2.1486
2.1482
2.1472
2.1492
2.148
2.1474
2.1476
2.1492
2.148
2.1484
2.1484
2.1484
2.149
2.1486
2.1482
2.1482
2.1476
2.1484
2.1476
2.148
2.1488
2.1494
2.1488
2.1484
2.1484
2.1482
2.1482
2.1488
2.1478
2.148
2.1484
2.1488
2.1482
2.1486
2.147
2.1482
2.1482
2.1484
2.1474
2.1478
2.1482
2.1482
2.147
2.1486
2.1482
2.1484
2.1482
2.1492
2.1478
2.1488
2.1476
2.1476
2.1478
2.148
2.1478
2.1484
2.1484
2.1486
2.1476
2.149
2.148
2.1478
2.1474
2.1476
2.147
2.1486
2.1482
2.1486
2.1482
2.1484
2.147
2.1484
2.148
2.1488
2.1478
2.1476
2.1478
2.1482
2.1478
2.1482
2.1472
2.1466
2.1476
2.148
2.1472
2.1484
2.1462
2.1478
2.1476
2.1482
2.1472
2.1482
2.1478
2.1482
2.147
2.1478
2.1472
2.1476
2.1476
2.148
2.1484
2.1478
2.1468
2.1486
2.1478
2.1468
2.1468
2.1476
2.1478
2.1486
2.1478
2.149
2.1476
2.1476
2.1478
2.1472
2.1484
2.148
2.1482
2.148
2.1486
2.148
2.1476
2.1472
2.1478
2.148
2.1458
2.1476
2.147
2.1474
2.147
2.1468
2.1482
2.1474
2.1476
2.1472
2.147
2.1478
2.1464
2.147
2.1466
2.1474
2.1474
2.1476
2.1474
2.1484
2.1472
2.1468
2.147
2.1464
2.1474
2.1478
2.1474
2.1474
2.1464
2.1472
2.1474
2.1466
2.1464
2.1462
2.1462
2.147
2.1466
2.147
2.1476
2.1474
2.1464
2.1472
2.1466
2.1472
2.1466
2.1476
2.1468
2.147
2.1466
2.1468
2.1472
2.1464
2.1468
2.1466
2.1462
2.1474
2.1464
2.1466
2.1468
2.1478
2.1466
2.148
2.1468
2.1472
2.1464
2.1482
2.147
2.1472
2.1468
2.1468
2.1474
2.147
2.1474
2.1466
2.1472
2.1474
2.1468
2.1468
2.1462
2.147
2.1456
2.1474
2.1474
2.1472
2.1464
2.1468
2.1468
2.147
2.1474
2.1474
2.1472
2.147
2.147
2.147
2.1474
2.1482
2.1466
2.1476
2.148
2.1472
2.148
2.1474
2.1478
2.147
2.1456
2.1474
2.1466
2.1476
2.1476
2.1468
2.1478
2.1474
2.1472
2.1474
2.146
2.1472
2.1464
2.147
2.1468
2.1462
2.1468
2.1474
2.1466
2.147
2.1462
2.148
2.1472
2.147
2.1462
2.1468
2.1472
2.1472
2.1466
2.1484
2.148
2.1456
2.1468
2.1468
2.1466
2.147
2.146
2.1472
2.1462
2.1466
2.1472
2.1474
2.1472
2.1466
2.1454
2.1484
2.1464
2.1464
2.1474
2.148
2.1472
2.1474
2.1462
2.1484
2.1468
2.1478
2.147
2.1472
2.1468
2.1472
2.1466
2.1476
2.1464
2.1476
2.1468
2.1472
2.1472
2.1466
2.1468
2.1478
2.147
2.1476
2.1468
2.1472
2.1468
2.1466
2.1472
2.1486
2.1474
2.148
2.1472
2.1472
2.1474
2.1482
2.1474
2.1482
2.1476
2.147
2.1464
2.1476
2.1478
2.148
2.1468
2.1466
2.1468
2.1468
2.146
2.1468
2.148
2.1474
2.147
2.1472
2.147
2.1468
2.1466
2.1468
2.1474
2.1468
2.1468
2.148
2.148
2.1472
2.1476
2.1482
2.1478
2.1474
2.1466
2.1468
2.1476
2.1478
2.1466
2.1484
2.1472
2.1472
2.1466
2.1466
2.1478
2.1472
2.1464
2.1474
2.1468
2.1482
2.146
2.147
2.1476
2.147
2.1462
2.147
2.1478
2.1478
2.1464
2.1472
2.1488
2.1478
2.1472
2.1466
2.1478
2.1476
2.1472
2.1482
2.1468
2.1474
2.1472
2.1476
2.148
2.1476
2.1462
2.1472
2.1472
2.1468
2.1472
2.148
2.1476
2.1474
2.1474
2.1482
2.1482
2.1478
2.1466
2.1476
2.1476
2.147
2.1466
2.1482
2.1484
2.1482
2.1472
2.1476
2.1486
2.147
2.1474
2.1476
2.1476
2.1466
2.1472
2.1484
2.1472
2.1474
2.1476
2.1476
2.147
2.148
2.1466
2.1476
2.149
2.1474
2.1462
2.1478
2.1476
2.1472
2.1468
2.148
2.1472
2.147
2.1472
2.1476
2.1468
2.1484
2.1458
2.1476
2.147
2.1472
2.147
2.1472
2.1474
2.1476
2.1468
2.1478
2.1484
2.1476
2.1472
2.1478
2.1478
2.1478
2.1476
2.1476
2.1466
2.1476
2.1474
2.1476
2.1478
2.147
2.1474
2.1486
2.1478
2.147
2.1474
2.1482
2.1486
2.1482
2.1474
2.1476
2.1478
2.1482
2.1478
2.1478
2.1476
2.1484
2.1466
2.148
2.1472
2.1476
2.1474
2.1482
2.1478
2.1484
2.1464
2.1476
2.1472
2.1472
2.1474
2.1478
2.1468
2.1474
2.1474
2.1482
2.1478
2.1482
2.1472
2.1474
2.148
2.1476
2.1472
2.1476
2.1474
2.1484
2.147
2.1484
2.1472
2.147
2.1472
2.1476
2.1464
2.1484
2.147
2.1482
2.1468
2.1476
2.1478
2.147
2.148
2.148
2.1476
2.148
2.1478
2.1482
2.1472
2.1476
2.147
2.1472
2.1472
2.1472
2.1468
2.1472
2.1474
2.147
2.1476
2.1482
2.147
2.1482
2.147
2.1476
2.1474
2.1472
2.1468
2.1478
2.1476
2.1478
2.1476
2.1476
2.1462
2.1478
2.1478
2.1466
2.1466
2.1476
2.1476
2.1478
2.1464
2.147
2.1476
2.1478
2.147
2.147
2.147
2.148
2.1468
2.1472
2.147
2.1474
2.1474
2.1472
2.147
2.1478
2.1458
2.1478
2.1474
2.1466
2.148
2.147
2.1472
2.1472
2.1472
2.147
2.1476
2.1474
2.1464
2.148
2.1474
2.147
2.1472
2.1482
2.1474
2.1474
2.1462
2.147
2.1474
2.1466
2.1476
2.1478
2.1472
2.1484
2.1478
2.1486
2.1476
2.1474
2.1472
2.1482
2.1482
2.1476
2.1466
2.1476
2.1482
2.1468
2.1468
2.1486
2.1472
2.1468
2.1472
2.1482
2.1476
2.148
2.148
2.1474
2.1482
2.1484
2.1462
2.1474
2.1474
2.1472
2.1472
2.1478
2.147
2.148
2.1472
2.1476
2.147
2.1474
2.1472
2.1484
2.1468
2.1466
2.1466
2.1476
2.1476
2.1476
2.1472
2.1472
2.1472
2.1478
2.1474
2.1482
2.1474
2.148
2.1476
2.148
2.1478
2.147
2.1476
2.1486
2.1466
2.1478
2.1462
2.1474
2.1486
2.147
2.1478
2.148
2.1472
2.1482
2.1472
2.1468
2.1476
2.1484
2.1474
2.1482
2.1474
2.1476
2.147
2.147
2.1474
2.1472
2.1468
2.1474
2.1482
2.1478
2.146
2.1484
2.1476
2.1482
2.148
2.1478
2.148
2.1474
2.1472
2.148
2.1486
2.1472
2.1484
2.1468
2.1486
2.148
2.1472
2.148
2.1478
2.148
2.147
2.1482
2.1486
2.1482
2.1476
2.148
2.1486
2.1484
2.147
2.1476
2.1476
2.1476
2.1478
2.149
2.1478
2.1482
2.1472
2.1486
2.1482
2.1484
2.1468
2.1484
2.148
2.1476
2.1476
2.1476
2.1474
2.1484
2.1476
2.1486
2.1478
2.1466
2.1472
2.1486
2.1486
2.1492
2.147
2.1486
2.1484
2.1484
2.148
2.1486
2.1478
2.148
2.148
2.1476
2.1478
2.1486
2.1468
2.1474
2.1476
2.147
2.1478
2.1472
2.1476
2.1478
2.1474
2.1482
2.1478
2.1474
2.1482
2.1488
2.1478
2.1484
2.1478
2.148
2.1478
2.1482
2.1472
2.1492
2.1488
2.1472
2.1476
2.1486
2.1478
2.148
2.1478
2.1486
2.149
2.148
2.1476
2.148
2.1476
2.1474
2.1478
2.1488
2.1482
2.1482
2.1482
2.1482
2.1484
2.148
2.1476
2.1482
2.1482
2.148
2.1486
2.1486
2.1486
2.1492
2.1476
2.149
2.1478
2.1486
2.1482
2.1484
2.1492
2.1494
2.1478
2.1488
2.148
2.1484
2.1482
2.1486
2.1486
2.1486
2.1486
2.1486
2.1482
2.1484
2.1478
2.1486
2.148
2.148
2.148
2.1476
2.1486
2.1484
2.1482
2.1484
2.1482
2.1486
2.1482
2.1484
2.1492
2.1484
2.1476
2.1484
2.1488
2.1484
2.1478
2.148
2.1484
2.1484
2.148
2.1492
2.1492
2.1478
2.1484
2.1482
2.1478
2.148
2.1472
2.1482
2.1488
2.1492
2.1488
2.1496
2.148
2.1488
2.1468
2.1484
2.148
2.1486
2.1476
2.1482
2.1496
2.149
2.1476
2.1486
2.1474
2.1484
2.1476
2.1484
2.148
2.1486
2.1482
2.1486
2.1476
2.1488
2.147
2.148
2.149
2.1478
2.1478
2.1488
2.1482
2.149
2.1478
2.1486
2.1486
2.1478
2.1476
2.1486
2.1496
2.1488
2.148
2.1492
2.1488
2.1494
2.1482
2.1486
2.1482
2.149
2.1476
2.1484
2.1478
2.1482
2.1478
2.1482
2.1492
2.1494
2.1472
2.1494
2.148
2.1486
2.1478
2.1486
2.1484
2.1496
2.1476
2.1478
2.1488
2.1486
2.148
2.1494
2.149
2.1486
2.1488
2.1482
2.1482
2.1486
2.1482
2.1488
2.148
2.1482
2.1476
2.149
2.1476
2.1484
2.1474
2.1486
2.1478
2.1478
2.1482
2.148
2.148
2.1482
2.1476
2.1484
2.1482
2.148
2.1478
2.148
2.148
2.1486
2.1478
2.1492
2.1488
2.1486
2.1478
2.1476
2.1486
2.1484
2.147
2.149
2.1472
2.1484
2.1482
2.148
2.1488
2.149
2.1482
2.1486
2.148
2.148
2.148
2.1486
2.1482
2.1488
2.1476
2.1492
2.148
2.1482
2.148
2.1486
2.148
2.1484
2.1478
2.149
2.149
2.1494
2.148
2.1476
2.148
2.1484
2.1474
2.1482
2.1478
2.1488
2.1478
2.1478
2.1484
2.1478
2.1476
2.149
2.148
2.148
2.1472
2.148
2.148
2.148
2.147
2.1482
2.148
2.1488
2.1468
2.1476
2.147
2.1482
2.1476
2.148
2.1486
2.1482
2.1476
2.1478
2.148
2.1464
2.1472
2.1488
2.1482
2.1478
2.1474
2.1478
2.1482
2.1486
2.1474
2.1472
2.1476
2.148
2.1466
2.1476
2.1474
2.1472
2.1472
2.1484
2.1486
2.1474
2.1466
2.1478
2.1478
2.1476
2.1466
2.1476
2.148
2.1478
2.1478
2.1482
2.147
2.1484
2.1476
2.1474
2.1472
2.1486
2.147
2.1478
2.1474
2.148
2.1472
2.1484
2.1482
2.148
2.1476
2.1484
2.1472
2.1484
2.147
2.1484
2.1482
2.148
2.147
2.1476
2.1488
2.1484
2.1466
2.1482
2.1494
2.1484
2.1472
2.1486
2.1476
2.1478
2.1476
2.1474
2.1484
2.1476
2.1476
2.1478
2.1476
2.1478
2.1476
2.1476
2.147
2.1478
2.1462
2.1482
2.1484
2.1478
2.1476
2.1482
2.148
2.147
2.1476
2.1478
2.1476
2.1476
2.1474
2.1482
2.148
2.1478
2.1474
2.1476
2.1478
2.1482
2.148
2.1484
2.1482
2.1478
2.1472
2.1488
2.1478
2.1472
2.148
2.1476
2.1476
2.1484
2.1468
2.1482
2.1472
2.1472
2.1478
2.1476
2.1472
2.1478
2.1462
2.1472
2.1466
2.1476
2.1472
2.1474
2.1472
2.1486
2.147
2.1486
2.1478
2.1486
2.1476
2.1486
2.1478
2.148
2.1472
2.1478
2.1474
2.1474
2.1472
2.1478
2.1476
2.1474
2.1468
2.149
2.1472
2.148
2.1472
2.148
2.1478
2.1484
2.1464
2.1474
2.1478
2.1478
2.1468
2.1478
2.1474
2.1476
2.1476
2.1476
2.148
2.1488
2.1476
2.149
2.1488
2.1476
2.1472
2.147
2.1474
2.1484
2.1468
2.1484
2.1482
2.1486
2.1482
2.148
2.1484
2.1482
2.1468
2.1474
2.1476
2.148
2.148
2.1484
2.1482
2.148
2.1472
2.1478
2.148
2.1482
2.148
2.1484
2.1478
2.1474
2.147
2.1484
2.1472
2.1486
2.1472
2.1468
2.1482
2.1484
2.147
2.1494
2.1478
2.1488
2.1472
2.148
2.1478
2.147
2.1474
2.1486
2.1482
2.1484
2.1482
2.1488
2.148
2.1484
2.148
2.1484
2.1478
2.1488
2.1478
2.148
2.1484
2.1476
2.148
2.1482
2.1482
2.1486
2.1472
2.1482
2.1486
2.148
2.147
2.1482
2.1482
2.1482
2.148
2.1482
2.1474
2.1474
2.147
2.1486
2.1482
2.148
2.1484
2.1488
2.1478
2.149
2.1478
2.148
2.1484
2.1484
2.1476
2.1492
2.1486
2.1476
2.1482
2.1474
2.1478
2.149
2.1468
2.148
2.1482
2.148
2.1494
2.1484
2.1486
2.1498
2.1478
2.1484
2.1476
2.1486
2.1478
2.1486
2.1486
2.148
2.148
2.1484
2.1474
2.1486
2.1474
2.1484
2.1482
2.1478
2.1474
2.1484
2.1482
2.1486
2.1482
2.1484
2.1486
2.148
2.1472
2.1484
2.1484
2.1484
2.1478
2.1486
2.1488
2.1486
2.1482
2.1476
2.1484
2.1484
2.147
2.1488
2.148
2.1488
2.1476
2.1484
2.1484
2.148
2.1478
2.1478
2.1482
2.148
2.148
2.1484
2.1488
2.1486
2.1472
2.1484
2.1484
2.1474
2.148
2.1476
2.1484
2.1484
2.1472
2.1476
2.1482
2.1488
2.148
2.1478
2.1482
2.148
2.1474
2.148
2.1492
2.1484
2.1482
2.1486
2.1482
2.1482
2.147
2.1472
2.1476
2.1478
2.1476
2.1484
2.1486
2.1484
2.1476
2.1482
2.148
2.1478
2.1476
2.1482
2.1472
2.1478
2.1466
2.148
2.1484
2.1478
2.1474
2.1484
2.1474
2.1478
2.1476
2.1486
2.148
2.1482
2.1476
2.1474
2.1474
2.1482
2.1468
2.1476
2.1474
2.1482
2.148
2.1484
2.147
2.1476
2.1468
2.1486
2.149
2.1486
2.1482
2.1482
2.1484
2.1482
2.1468
2.1478
2.148
2.1474
2.1484
2.1486
2.1476
2.148
2.1476
2.148
2.147
2.1474
2.1478
2.1476
2.148
2.1478
2.1466
2.1486
2.1466
2.148
2.1478
2.148
2.1486
2.1482
2.1468
2.1482
2.1472
2.1484
2.1472
2.1474
2.1472
2.1482
2.147
2.1482
2.1472
2.1486
2.1476
2.148
2.1474
2.1478
2.1478
2.1482
2.1474
2.1478
2.1476
2.148
2.1478
2.1478
2.1476
2.1482
2.148
2.1484
2.1474
2.1478
2.1472
2.1478
2.1468
2.1476
2.1466
2.148
2.1476
2.148
2.148
2.1476
2.1474
2.147
2.1472
2.1476
2.1464
2.1484
2.1482
2.1484
2.1468
2.1474
2.1474
2.1476
2.1476
2.1478
2.1474
2.1484
2.1472
2.1476
2.1468
2.1486
2.1468
2.1478
2.1476
2.1478
2.1474
2.1474
2.1476
2.1476
2.147
2.1486
2.1474
2.149
2.1472
2.1474
2.1476
2.1476
2.1476
2.1482
2.1472
2.1484
2.1476
2.1478
2.1472
2.1472
2.1472
2.147
2.1476
2.1472
2.1464
2.1484
2.147
2.1474
2.1468
2.1472
2.1472
2.1464
2.1474
2.148
2.148
2.1482
2.1474
2.1476
2.1468
2.1472
2.1466
2.147
2.1474
2.1472
2.1478
2.1482
2.1472
2.1482
2.1462
2.1484
2.1472
2.148
2.1474
2.1476
2.1478
2.1474
2.1478
2.1478
2.1476
2.1482
2.1472
2.147
2.148
2.1474
2.1468
2.1482
2.147
2.1476
2.147
2.1484
2.1474
2.1472
2.1462
2.1484
2.1478
2.1488
2.1472
2.149
2.1476
2.1472
2.1474
2.148
2.1472
2.148
2.1474
2.1484
2.148
2.1482
2.1482
2.1478
2.1472
2.148
2.1472
2.148
2.148
2.1476
2.1472
2.1482
2.1482
2.1484
2.1462
2.148
2.1472
2.1478
2.1478
2.1486
2.1478
2.148
2.1478
2.1482
2.1484
2.1488
2.148
2.1486
2.1486
2.1484
2.1476
2.1476
2.1486
2.1482
2.1474
2.1482
2.148
2.1476
2.1474
2.148
2.1476
2.1476
2.147
2.1474
2.1476
2.1478
2.1472
2.1478
2.1472
2.1478
2.1476
2.1482
2.1482
2.1482
2.1478
2.1478
2.148
2.148
2.1474
2.1482
2.1486
2.1488
2.1478
2.148
2.1484
2.1484
2.148
2.149
2.1476
2.1486
2.1484
2.1478
2.148
2.1486
2.1478
2.1486
2.1478
2.147
2.1472
2.1472
2.1482
2.1484
2.1472
2.1476
2.1486
2.149
2.148
2.1494
2.1482
2.1482
2.1468
2.1486
2.1476
2.1476
2.147
2.1484
2.1482
2.1482
2.1482
2.148
2.1482
2.148
2.1472
2.1484
2.149
2.1484
2.1472
2.1486
2.1482
2.1486
2.1478
2.1478
2.1482
2.1474
2.1476
2.1486
2.148
2.1494
2.1484
2.1484
2.1486
2.1482
2.1482
2.1484
2.1482
2.1484
2.147
2.149
2.1482
2.1486
2.1484
2.1478
2.1476
2.1476
2.1464
2.1472
2.1486
2.1486
2.1476
2.1482
2.1482
2.148
2.1474
2.1484
2.1488
2.1468
2.1466
2.1482
2.147
2.1468
2.1472
2.1484
2.1476
2.1476
2.1476
2.1482
2.1486
2.148
2.148
2.148
2.149
2.1482
2.1462
2.1476
2.1488
2.1484
2.1472
2.1482
2.1476
2.148
2.147
2.1482
2.1482
2.1478
2.1476
2.148
2.1482
2.1476
2.1464
2.1484
2.1472
2.147
2.1464
2.1468
2.1474
2.1486
2.1462
2.1472
2.1476
2.147
2.1468
2.148
2.1472
2.1472
2.1456
2.1468
2.1476
2.1462
2.1464
2.1464
2.147
2.1452
2.1462
2.145
2.1462
2.1468
2.1456
2.1462
2.1458
2.1462
2.1452
2.1454
2.1454
2.1456
2.144
2.1454
2.1446
2.1444
2.1438
2.1442
2.1448
2.1444
2.1444
2.1444
2.144
2.144
2.1432
2.143
2.1438
2.1434
2.142
2.1432
2.1424
2.1416
2.1422
2.1408
2.1408
2.1418
2.141
2.1418
2.1404
2.1406
2.14
2.14
2.1398
2.1388
2.1388
2.1388
2.1388
2.1382
2.1378
2.1376
2.1374
2.1366
2.1362
2.1364
2.1358
2.1362
2.1354
2.1356
2.135
2.1342
2.134
2.1344
2.1334
2.1332
2.1326
2.1328
2.1336
2.1316
2.1312
2.1318
2.1308
2.131
2.1294
2.1294
2.1282
2.1282
2.1276
2.1276
2.1266
2.1254
2.1252
2.1254
2.1246
2.1248
2.1232
2.123
2.1226
2.1228
2.1212
2.1216
2.12
2.1202
2.119
2.1192
2.1178
2.117
2.1168
2.117
2.1158
2.1158
2.1138
2.1148
2.1138
2.114
2.1126
2.113
2.111
2.1104
2.1102
2.1102
2.1086
2.1088
2.108
2.1086
2.1066
2.1066
2.1042
2.105
2.1042
2.103
2.1036
2.1024
2.1014
2.1004
2.0994
2.0992
2.0984
2.0968
2.0974
2.0972
2.0956
2.0956
2.0944
2.0942
2.0932
2.0918
2.0918
2.0912
2.0902
2.0902
2.088
2.0886
2.0874
2.0866
2.0862
2.0864
2.0846
2.0838
2.0832
2.0832
2.0816
2.0802
2.0796
2.0792
2.0788
2.079
2.0774
2.0776
2.076
2.0748
2.0742
2.074
2.0734
2.0718
2.0712
2.0718
2.0702
2.07
2.068
2.0684
2.0672
2.0674
2.065
2.0652
2.0652
2.064
2.0628
2.063
2.063
2.0612
2.0598
2.0604
2.0584
2.0586
2.057
2.057
2.0568
2.0556
2.0546
2.0542
2.0538
2.0534
2.0522
2.0516
2.051
2.0506
2.0498
2.0488
2.0488
2.0484
2.0468
2.048
2.047
2.0456
2.0444
2.0446
2.0438
2.0446
2.0426
2.042
2.042
2.0416
2.0396
2.0404
2.0398
2.0394
2.0382
2.0382
2.0372
2.0368
2.036
2.036
2.036
2.0358
2.0344
2.0354
2.0342
2.0336
2.0318
2.0328
2.032
2.031
2.0306
2.0314
2.0294
2.0308
2.0298
2.0288
2.0294
2.0286
2.0276
2.028
2.027
2.0268
2.026
2.0264
2.0254
2.025
2.024
2.024
2.0242
2.0244
2.0222
2.0228
2.0228
2.022
2.0212
2.022
2.021
2.0212
2.0204
2.0212
2.021
2.021
2.0202
2.0198
2.0182
2.0206
2.018
2.0192
2.0182
2.0176
2.0178
2.0174
2.0174
2.018
2.0166
2.0164
2.0162
2.0166
2.0158
2.0166
2.0156
2.0156
2.0142
2.0156
2.0154
2.016
2.0154
2.0158
2.0152
2.015
2.0146
2.0154
2.0142
2.0148
2.0152
2.015
2.0148
2.0144
2.0136
2.0152
2.0138
2.0142
2.0138
2.0136
2.0134
2.0136
2.0136
2.0142
2.0144
2.0142
2.0136
2.0148
2.0146
2.0136
2.0138
2.0142
2.0136
2.0146
2.014
2.0146
2.014
2.0138
2.0134
2.014
2.0136
2.0146
2.0134
2.0154
2.0146
2.0148
2.015
2.015
2.015
2.0154
2.0146
2.0158
2.0152
2.0164
2.0162
2.0154
2.016
2.0166
2.0156
2.018
2.0152
2.017
2.0174
2.0178
2.0176
2.018
2.0182
2.018
2.0182
2.018
2.0178
2.0184
2.0184
2.0198
2.0184
2.0204
2.0196
2.0206
2.0202
2.0206
2.0206
2.0208
2.0212
2.022
2.0218
2.0226
2.0218
2.0228
2.023
2.0232
2.0228
2.0236
2.0234
2.0246
2.0234
2.0246
2.0254
2.0252
2.0258
2.0268
2.0266
2.0276
2.0268
2.0268
2.0276
2.028
2.028
2.029
2.028
2.0294
2.0288
2.0304
2.0298
2.0304
2.0302
2.0304
2.031
2.0318
2.031
2.032
2.0322
2.0332
2.0324
2.033
2.0338
2.034
2.034
2.0348
2.0354
2.0358
2.0346
2.0364
2.0362
2.0362
2.0374
2.038
2.0386
2.0384
2.0382
2.0396
2.04
2.0402
2.0392
2.0404
2.0404
2.0422
2.0414
2.0426
2.0428
2.0428
2.0438
2.0446
2.044
2.0458
2.0444
2.045
2.0452
2.0452
2.0464
2.047
2.0464
2.047
2.047
2.0488
2.0482
2.049
2.0484
2.0498
2.0506
2.0506
2.0504
2.0512
2.0516
2.0526
2.052
2.0532
2.055
2.0538
2.054
2.0556
2.0554
2.0556
2.056
2.056
2.0574
2.0576
2.0566
2.0588
2.0584
2.059
2.0588
2.0596
2.06
2.0602
2.0612
2.0612
2.062
2.0628
2.0614
2.063
2.0638
2.0634
2.064
2.0642
2.0648
2.0646
2.065
2.0664
2.0674
2.0678
2.0682
2.068
2.069
2.0696
2.0686
2.0696
2.07
2.07
2.0706
2.0716
2.0718
2.0722
2.072
2.0734
2.073
2.0742
2.0736
2.075
2.0748
2.075
2.0754
2.0764
2.0766
2.0762
2.0776
2.0784
2.0784
2.079
2.0794
2.0814
2.0798
2.0808
2.0808
2.0822
2.082
2.083
2.082
2.084
2.0826
2.084
2.0836
2.0848
2.0848
2.0856
2.0858
2.0868
2.0864
2.0874
2.0872
2.0896
2.088
2.0886
2.0896
2.0892
2.0894
2.0904
2.09
2.0908
2.091
2.0908
2.091
2.0926
2.0922
2.0934
2.0938
2.094
2.094
2.094
2.0944
2.0956
2.0962
2.0952
2.0962
2.0974
2.098
2.0976
2.0978
2.0982
2.0988
2.0998
2.0992
2.0998
2.1004
2.1004
2.1016
2.1016
2.102
2.1024
2.1014
2.1032
2.1022
2.1038
2.1036
2.1044
2.1052
2.1058
2.1054
2.107
2.1066
2.1062
2.1072
2.1078
2.1082
2.1082
2.1082
2.11
2.11
2.1098
2.109
2.1102
2.1114
2.1108
2.111
2.1122
2.1112
2.113
2.112
2.113
2.1136
2.1122
2.113
2.1142
2.1138
2.115
2.1148
2.1168
2.1162
2.116
2.116
2.1172
2.1174
2.1174
2.1162
2.1184
2.118
2.119
2.119
2.1202
2.1196
2.1198
2.1194
2.1216
2.1202
2.1208
2.1216
2.122
2.1226
2.1222
2.1222
2.124
2.1242
2.124
2.1236
2.1244
2.1248
2.1248
2.1252
2.1256
2.1252
2.1256
2.1256
2.127
2.1268
2.1264
2.127
2.1274
2.128
2.1294
2.1274
2.129
2.13
2.1294
2.13
2.1304
2.1298
2.1308
2.1314
2.1324
2.1318
2.1314
2.1314
2.1324
2.133
2.1326
2.1328
2.1336
2.1338
2.1342
2.1338
2.1346
2.1348
2.135
2.135
2.1358
2.1352
2.1366
2.1354
2.1368
2.1376
2.1368
2.1364
2.1386
2.1376
2.1374
2.138
2.1384
2.1374
2.1386
2.138
2.1394
2.1396
2.14
2.1392
2.1406
2.1408
2.14
2.1408
2.1418
2.1414
2.1414
2.1412
2.1414
2.1426
2.1422
2.1418
2.1428
2.1422
2.1428
2.142
2.1438
2.144
2.143
2.144
2.1442
2.1434
2.1448
2.144
2.1452
2.1456
2.145
2.1446
2.146
2.1458
2.1466
2.1456
2.147
2.1474
2.1468
2.147
2.1474
2.1478
2.1474
2.1468
2.1484
2.1486
2.1486
2.1476
2.149
2.1496
2.1498
2.1482
2.15
2.1496
2.1496
2.149
2.1502
2.1504
2.1504
2.149
2.1502
2.1502
2.1516
2.1506
2.151
2.1516
2.1518
2.1512
2.151
2.152
2.1518
2.1514
2.152
2.153
2.1524
2.1528
2.1528
2.1532
2.1526
2.1528
2.1536
2.1538
2.1528
2.1526
2.1536
2.154
2.1542
2.1526
2.154
2.1536
2.1534
2.1544
2.1548
2.1544
2.1558
2.1536
2.155
2.1554
2.1544
2.155
2.1548
2.1556
2.156
2.1548
2.1562
2.157
2.1564
2.1566
2.1562
2.1564
2.1556
2.1562
2.1572
2.1572
2.1572
2.1566
2.1572
2.1574
2.157
2.158
2.158
2.1574
2.1576
2.1572
2.1574
2.1582
2.158
2.1582
2.159
2.1574
2.1576
2.1574
2.1586
2.1596
2.1578
2.1578
2.1588
2.1582
2.1588
2.1586
2.1586
2.1596
2.1584
2.1586
2.1584
2.1598
2.1598
2.1602
2.1596
2.16
2.1588
2.1594
2.1592
2.1598
2.1596
2.16
2.1606
2.1598
2.1596
2.1596
2.1588
2.1598
2.161
2.1596
2.1602
2.16
2.16
2.1604
2.1608
2.16
2.16
2.16
2.1602
2.16
2.1608
2.1606
2.1604
2.1614
2.1604
2.161
2.1612
2.1604
2.1602
2.1606
2.1604
2.1606
2.1614
2.161
2.1616
2.1606
2.161
2.1614
2.1608
2.1612
2.1612
2.1612
2.1606
2.1612
2.1608
2.1604
2.1606
2.1606
2.1608
2.1608
2.1602
2.161
2.161
2.1604
2.1612
2.1612
2.1606
2.161
2.1606
2.1618
2.1612
2.1604
2.162
2.1614
2.1598
2.1612
2.1612
2.1606
2.1614
2.1608
2.1616
2.1616
2.1606
2.161
2.161
2.161
2.161
2.1604
2.1622
2.1608
2.1612
2.1604
2.1604
2.1616
2.1608
2.1608
2.1606
2.1608
2.1606
2.161
2.1608
2.1614
2.1602
2.1608
2.1606
2.1602
2.1604
2.1608
2.1602
2.161
2.1606
2.1606
2.161
2.1608
2.16
2.1594
2.1602
2.16
2.161
2.1596
2.1606
2.1604
2.1592
2.1602
2.1606
2.1606
2.1602
2.161
2.16
2.1606
2.1598
2.1592
2.1608
2.1594
2.1596
2.1594
2.1608
2.1604
2.1606
2.1598
2.159
2.1604
2.1588
2.1596
2.16
2.16
2.1588
2.1594
2.16
2.1592
2.159
2.1586
2.1592
2.1594
2.1588
2.1602
2.1594
2.1582
2.1588
2.1588
2.1592
2.1594
2.1584
2.1588
2.159
2.158
2.1582
2.1588
2.1584
2.1596
2.159
2.158
2.1586
2.1592
2.1586
2.158
2.1586
2.1574
2.1578
2.1588
2.1586
2.1582
2.1582
2.1578
2.1582
2.1578
2.1578
2.158
2.1582
2.1572
2.1578
2.1564
2.1586
2.1576
2.1574
2.1574
2.1576
2.158
2.1574
2.1562
2.1578
2.1566
2.1564
2.157
2.1574
2.1572
2.157
2.157
2.1568
2.1564
2.157
2.1566
2.1568
2.1564
2.1564
2.1564
2.156
2.156
2.1562
2.1554
2.1566
2.1564
2.156
2.1558
2.1566
2.1552
2.1562
2.1554
2.1556
2.155
2.1558
2.1556
2.1556
2.1556
2.156
2.1544
2.1552
2.1548
2.1556
2.1558
2.1562
2.1558
2.1546
2.1548
2.1548
2.1546
2.1552
2.1552
2.1552
2.1552
2.1556
2.1544
2.1554
2.1558
2.1556
2.154
2.1544
2.1538
2.1544
2.1554
2.1548
2.1546
2.1542
2.1534
2.1544
2.1548
2.1546
2.1534
2.1548
2.154
2.1552
2.1546
2.1544
2.1548
2.1544
2.1542
2.1534
2.1536
2.1538
2.153
2.1544
2.1542
2.1536
2.1542
2.1538
2.1528
2.154
2.1528
2.1534
2.1536
2.1534
2.1538
2.154
2.1536
2.1536
2.153
2.1532
2.153
2.1534
2.1538
2.153
2.153
2.1526
2.152
2.1536
2.1526
2.1526
2.1524
2.1536
2.1526
2.1532
2.153
2.153
2.152
2.1518
2.1522
2.1522
2.152
2.1526
2.152
2.1534
2.1524
2.1526
2.1522
2.1524
2.153
2.1524
2.1528
2.1534
2.1526
2.1524
2.1514
2.1528
2.1538
2.1528
2.1524
2.1526
2.1524
2.152
2.1516
2.1528
2.152
2.152
2.1524
2.1522
2.1522
2.1518
2.1514
2.1524
2.1516
2.1512
2.1514
2.1512
2.1516
2.151
2.1514
2.1516
2.152
2.1512
2.151
2.1512
2.1512
2.151
2.1508
2.1508
2.1512
2.1514
2.1514
2.1504
2.1514
2.1514
2.1516
2.1508
2.1514
2.1518
2.1506
2.1518
2.1514
2.1518
2.1512
2.1516
2.1514
2.1514
2.1514
2.151
2.1518
2.1512
2.151
2.151
2.151
2.1508
2.1504
2.151
2.1508
2.151
2.1504
2.1516
2.1518
2.1516
2.151
2.151
2.151
2.1502
2.151
2.15
2.151
2.1504
2.1502
2.151
2.1502
2.1508
2.1508
2.1514
2.1516
2.1512
2.1498
2.1518
2.1518
2.1506
2.1504
2.1506
2.1514
2.1514
2.1508
2.151
2.1506
2.1516
2.1502
2.1506
2.1512
2.151
2.151
2.1506
2.151
2.1512
2.1506
2.1508
2.1516
2.1508
2.1504
2.1504
2.1506
2.1508
2.1506
2.1504
2.1504
2.1506
2.15
2.1512
2.1512
2.1512
2.1508
2.1514
2.151
2.1502
2.1498
2.151
2.151
2.1514
2.1506
2.1514
2.1516
2.1504
2.1518
2.1506
2.1508
2.1518
2.151
2.1508
2.1504
2.151
2.1506
2.1508
2.151
2.1506
2.1498
2.1514
2.1506
2.1508
2.1508
2.1514
2.1514
2.1516
2.1506
2.1508
2.1508
2.1514
2.1508
2.151
2.1512
2.151
2.1502
2.151
2.1508
2.1518
2.1514
2.1506
2.1502
2.1494
2.1506
2.1512
2.1504
2.1516
2.1504
2.1508
2.1518
2.1504
2.1506
2.1506
2.1514
2.1514
2.1504
2.1516
2.15
2.15
2.1506
2.1508
2.151
2.151
2.1498
2.1508
2.1502
2.151
2.1512
2.1514
2.1512
2.1516
2.151
2.1514
2.1514
2.152
2.151
2.1506
2.1508
2.1516
2.1498
2.1514
2.151
2.1508
2.1504
2.1506
2.1506
2.1508
2.1516
2.1512
2.151
2.1518
2.151
2.1514
2.1512
2.151
2.151
2.1512
2.1506
2.1514
2.1512
2.1516
2.1512
2.1508
2.1498
2.1518
2.1508
2.1506
2.151
2.1508
2.152
2.1512
2.15
2.1514
2.1518
2.1514
2.1508
2.1516
2.1514
2.1516
2.1514
2.1516
2.151
2.1514
2.1514
2.1518
2.1516
2.152
2.1514
2.1524
2.152
2.1516
2.1512
2.1518
2.1514
2.1506
2.1506
2.1522
2.1514
2.1514
2.1518
2.1512
2.1516
2.1518
2.1522
2.1516
2.1534
2.1528
2.1516
2.1522
2.1518
2.1524
2.152
2.1514
2.1524
2.1528
2.1522
2.152
2.152
2.1518
2.1516
2.1514
2.152
2.1518
2.1514
2.152
2.152
2.1514
2.1512
2.152
2.1526
2.1518
2.152
2.1518
2.1516
2.1526
2.152
2.1534
2.152
2.1516
2.1518
2.1532
2.1522
2.153
2.1524
2.152
2.1522
2.1518
2.1514
2.1526
2.1518
2.1518
2.1516
2.1526
2.153
2.1526
2.152
2.1518
2.1516
2.1526
2.1524
2.154
2.1532
2.1528
2.1526
2.1526
2.153
2.152
2.1522
2.153
2.1526
2.1526
2.1538
2.153
2.1522
2.1534
2.152
2.1538
2.1522
2.1526
2.1532
2.1534
2.1538
2.153
2.1526
2.153
2.1532
2.1526
2.1526
2.1522
2.1526
2.1522
2.153
2.1528
2.153
2.1538
2.1528
2.1536
2.1528
2.152
2.1526
2.1534
2.153
2.1534
2.1524
2.1536
2.1534
2.1524
2.1532
2.1538
2.1542
2.153
2.1526
2.154
2.1534
2.1538
2.1528
2.1536
2.1536
2.1534
2.1534
2.1528
2.1534
2.1542
2.1538
2.1526
2.1534
2.152
2.1524
2.1546
2.1536
2.1534
2.1534
2.153
2.1528
2.154
2.1532
2.1542
2.1532
2.1542
2.153
2.154
2.1534
2.1542
2.1538
2.1536
2.154
2.1536
2.1536
2.1548
2.1534
2.153
2.153
2.1536
2.1544
2.1542
2.1538
2.1544
2.155
2.1528
2.1536
2.1536
2.154
2.1544
2.1534
2.1534
2.1534
2.1536
2.1546
2.1538
2.154
2.1538
2.1534
2.154
2.1542
2.1542
2.154
2.1536
2.154
2.1538
2.1532
2.154
2.154
2.154
2.1534
2.1546
2.1544
2.1538
2.1548
2.1548
2.1534
2.1556
2.1544
2.155
2.1542
2.1536
2.1532
2.1542
2.1544
2.1536
2.1534
2.154
2.154
2.153
2.1536
2.1542
2.153
2.1542
2.1528
2.1544
2.1542
2.1534
2.1546
2.1548
2.1548
2.1534
2.1538
2.1554
2.1542
2.1546
2.1548
2.1542
2.1542
2.154
2.1538
2.1544
2.1538
2.1546
2.1548
2.1548
2.1546
2.1536
2.1544
2.1554
2.1542
2.1542
2.1548
2.1544
2.1546
2.1548
2.154
2.1548
2.1542
2.154
2.154
2.1544
2.1546
2.155
2.1548
2.1546
2.1534
2.1548
2.1542
2.1544
2.1544
2.1536
2.1546
2.1538
2.154
2.1542
2.1538
2.1554
2.1544
2.1542
2.1546
2.1554
2.154
2.1544
2.1534
2.1548
2.1544
2.1542
2.1548
2.1552
2.1546
2.154
2.154
2.1544
2.1538
2.154
2.1536
2.1542
2.154
2.154
2.1544
2.156
2.1546
2.1542
2.155
2.1544
2.1546
2.1538
2.1542
2.1556
2.1546
2.155
2.154
2.1542
2.1552
2.1542
2.1544
2.1546
2.1542
2.1544
2.1544
2.1548
2.1548
2.1542
2.1546
2.1552
2.1546
2.1546
2.1542
2.1548
2.1552
2.1546
2.1538
2.1544
2.1542
2.1556
2.1548
2.155
2.155
2.154
2.1554
2.1552
2.1546
2.1548
2.1546
2.1552
2.155
2.1546
2.1544
2.1548
2.1538
2.1546
2.155
2.1556
2.1558
2.1542
2.1542
2.154
2.1546
2.1542
2.1542
2.155
2.1542
2.1544
2.155
2.1548
2.1542
2.1544
2.1546
2.1554
2.1542
2.1536
2.1538
2.1546
2.1542
2.1542
2.1548
2.1544
2.1544
2.1536
2.1542
2.155
2.1546
2.1544
2.1534
2.1544
2.1536
2.1532
2.155
2.1534
2.1542
2.1534
2.1544
2.1546
2.154
2.154
2.1528
2.1544
2.1548
2.1534
2.1546
2.1542
2.1538
2.1542
2.1538
2.1544
2.1542
2.154
2.1542
2.1544
2.1544
2.1536
2.1544
2.155
2.1546
2.1542
2.1544
2.155
2.1542
2.154
2.1538
2.154
2.1534
2.1538
2.154
2.1542
2.1538
2.1548
2.1534
2.1546
2.1546
2.1538
2.1538
2.1538
2.1536
2.1552
2.1532
2.1548
2.1542
2.1538
2.1544
2.1548
2.1548
2.1544
2.1542
2.154
2.1542
2.1542
2.1536
2.1544
2.1536
2.1544
2.1532
2.1536
2.154
2.1542
2.1532
2.1546
2.1544
2.1542
2.1546
2.155
2.1536
2.1546
2.1546
2.155
2.1544
2.1548
2.1546
2.1544
2.1542
2.1548
2.1536
2.1546
2.1548
2.1542
2.1552
2.1546
2.1542
2.1542
2.1528
2.1548
2.1556
2.154
2.1538
2.154
2.1546
2.1538
2.1536
2.155
2.1542
2.1542
2.154
2.1548
2.1548
2.1534
2.154
2.1542
2.1548
2.1548
2.154
2.1546
2.1548
2.1542
2.1546
2.1548
2.154
2.1548
2.1536
2.1534
2.1542
2.154
2.1542
2.1542
2.154
2.1544
2.1544
2.1548
2.1546
2.1548
2.1548
2.1546
2.1544
2.1548
2.1536
2.1546
2.1546
2.1544
2.1554
2.1558
2.1554
2.154
2.1544
2.1554
2.1548
2.1542
2.1546
2.1554
2.1542
2.1548
2.1548
2.1554
2.154
2.1536
2.1544
2.1546
2.1552
2.1542
2.1548
2.1552
2.1542
2.1544
2.1548
2.1558
2.1548
2.1542
2.1558
2.155
2.1554
2.1554
2.1552
2.155
2.1562
2.155
2.1546
2.1548
2.1548
2.1548
2.155
2.156
2.156
2.1552
2.1546
2.155
2.155
2.1546
2.1556
2.1554
2.1542
2.1552
2.1554
2.1556
2.1554
2.1552
2.1552
2.1556
2.1556
2.1554
2.1556
2.1546
2.156
2.1554
2.1554
2.1558
2.1546
2.1548
2.154
2.1552
2.1558
2.1554
2.1548
2.156
2.155
2.1554
2.1552
2.1556
2.1562
2.1556
2.1552
2.1558
2.1554
2.1566
2.1566
2.1564
2.1552
2.155
2.1552
2.1556
2.1554
2.1546
2.1548
2.1558
2.155
2.155
2.1556
2.1554
2.1554
2.1556
2.1556
2.1564
2.156
2.1554
2.1552
2.1558
2.157
2.1548
2.1548
2.1556
2.1552
2.1556
2.1558
2.1568
2.156
2.1554
2.1546
2.156
2.1558
2.155
2.1558
2.1558
2.1552
2.1558
2.1554
2.1564
2.1558
2.1548
2.1558
2.1554
2.1554
2.156
2.1556
2.156
2.155
2.1548
2.1542
2.1562
2.1556
2.1552
2.1548
2.1552
2.1554
2.1554
2.155
2.1558
2.156
2.1554
2.156
2.156
2.1564
2.1556
2.156
2.1556
2.1552
2.1548
2.1552
2.1564
2.1554
2.1548
2.1556
2.1552
2.155
2.156
2.1562
2.1558
2.1562
2.1562
2.156
2.1558
2.1564
2.1552
2.1556
2.1562
2.1558
2.1558
2.1562
2.1554
2.156
2.1558
2.1556
2.1554
2.156
2.1558
2.1556
2.1558
2.1562
2.1558
2.156
2.1564
2.1562
2.1558
2.1548
2.156
2.156
2.1558
2.1552
2.1554
2.1562
2.1556
2.1556
2.156
2.1554
2.1552
2.1554
2.1556
2.1566
2.1558
2.1554
2.1562
2.1552
2.1562
2.155
2.1562
2.1568
2.1558
2.1566
2.155
2.1562
2.1552
2.1548
2.1558
2.1562
2.1556
2.1552
2.156
2.155
2.1566
2.1556
2.1564
2.1568
2.1554
2.1556
2.1558
2.1562
2.1566
2.156
2.157
2.1568
2.1556
2.156
2.1572
2.1568
2.1552
2.1554
2.1554
2.156
2.1558
2.156
2.1564
2.1562
2.1556
2.1558
2.1564
2.155
2.156
2.1558
2.1564
2.1556
2.1552
2.1558
2.1556
2.156
2.1556
2.1558
2.1552
2.1562
2.1562
2.1562
2.156
2.1566
2.156
2.1558
2.156
2.1566
2.1558
2.156
2.1556
2.1554
2.1556
2.1566
2.1562
2.1566
2.1556
2.1558
2.157
2.1566
2.1562
2.1564
2.1568
2.1556
2.1552
2.1554
2.1554
2.1558
2.1558
2.1556
2.1564
2.1564
2.1564
2.1564
2.156
2.1558
2.1556
2.1554
2.1564
2.1558
2.1558
2.1562
2.1556
2.1554
2.1556
2.1558
2.156
2.1562
2.1562
2.1556
2.1556
2.1566
2.1556
2.156
2.1564
2.1556
2.1564
2.1558
2.1568
2.1566
2.157
2.1558
2.1566
2.1566
2.1566
2.1564
2.1566
2.156
2.156
2.1558
2.156
2.155
2.156
2.1552
2.1562
2.1562
2.1552
2.1562
2.156
2.1568
2.1562
2.1558
2.1568
2.1562
2.1558
2.1564
2.1562
2.1568
2.1568
2.1554
2.156
2.1556
2.1552
2.1558
2.1564
2.1562
2.1554
2.1574
2.1572
2.1566
2.1562
2.1558
2.1566
2.1558
2.156
2.156
2.156
2.1568
2.1568
2.1556
2.1568
2.1554
2.1566
2.156
2.1558
2.1562
2.1566
2.1558
2.1564
2.1558
2.1556
2.1556
2.1552
2.1552
2.156
2.1556
2.1562
2.1554
2.1558
2.1564
2.1564
2.1556
2.1568
2.1564
2.1562
2.1562
2.156
2.1558
2.1566
2.1554
2.1558
2.1558
2.1562
2.1556
2.156
2.1562
2.1566
2.1558
2.156
2.156
2.1574
2.1562
2.1568
2.1562
2.1552
2.1562
2.1558
2.1554
2.1568
2.156
2.1558
2.1562
2.1562
2.1558
2.1546
2.1552
2.1572
2.156
2.1564
2.156
2.1566
2.1566
2.1566
2.1562
2.1562
2.1558
2.1564
2.1568
2.1572
2.157
2.1562
2.1558
2.1562
2.155
2.1562
2.1556
2.1558
2.1572
2.1566
2.1562
2.1574
2.1566
2.1564
2.1554
2.1564
2.1556
2.1556
2.1554
2.1566
2.156
2.1564
2.1558
2.1562
2.1568
2.157
2.1556
2.1564
2.157
2.1562
2.1564
2.156
2.1558
2.1556
2.1564
2.156
2.1558
2.1548
2.1558
2.1564
2.1566
2.1568
2.1566
2.157
2.156
2.1568
2.157
2.1572
2.1572
2.1562
2.1562
2.1556
2.1562
2.156
2.1554
2.156
2.1564
2.1564
2.1566
2.156
2.157
2.1564
2.1566
2.1582
2.1576
2.1568
2.156
2.1566
2.1568
2.1574
2.1562
2.1572
2.1568
2.1558
2.1572
2.1566
2.1554
2.1566
2.156
2.1564
2.1562
2.1568
2.1574
2.157
2.157
2.1568
2.157
2.1566
2.1564
2.1568
2.1572
2.1572
2.1566
2.1572
2.1568
2.157
2.157
2.1568
2.1572
2.1578
2.1578
2.1562
2.156
2.1574
2.1566
2.1568
2.1564
2.1568
2.157
2.1568
2.156
2.1568
2.1568
2.1574
2.1564
2.1574
2.1572
2.1564
2.1568
2.1574
2.1568
2.1572
2.1578
2.157
2.1562
2.1568
2.1568
2.1566
2.1562
2.157
2.1562
2.1572
2.1572
2.1584
2.157
2.1582
2.1572
2.1572
2.156
2.1572
2.1566
2.1576
2.1568
2.1582
2.1568
2.1566
2.1568
2.1564
2.1574
2.1566
2.1568
2.1574
2.1572
2.1568
2.1562
2.1574
2.1572
2.1566
2.1566
2.1572
2.1566
2.157
2.1558
2.1566
2.1578
2.157
2.1572
2.1568
2.1562
2.1572
2.1562
2.1574
2.158
2.157
2.157
2.1568
2.1572
2.1568
2.1566
2.157
2.158
2.1556
2.1562
2.1574
2.1568
2.1574
2.1568
2.1576
2.1572
2.1566
2.1564
2.1582
2.158
2.157
2.1562
2.1578
2.1572
2.1574
2.157
2.1568
2.1572
2.1568
2.1566
2.1584
2.1566
2.1572
2.1558
2.1572
2.1568
2.1568
2.1566
2.1578
2.1572
2.1568
2.1572
2.1574
2.157
2.1564
2.156
2.1578
2.157
2.1572
2.1566
2.1578
2.157
2.1572
2.1564
2.158
2.1564
2.1568
2.1554
2.1574
2.1576
2.1566
2.1576
2.1578
2.1572
2.157
2.1566
2.1574
2.1584
2.1574
2.157
2.1576
2.1574
2.1576
2.157
2.1578
2.1572
2.1566
2.157
2.1578
2.1578
2.1574
2.1564
2.1574
2.1564
2.1572
2.1574
2.1574
2.1574
2.1568
2.1568
2.1572
2.1572
2.156
2.1558
2.1564
2.1572
2.1566
2.1562
2.1576
2.1568
2.1574
2.1568
2.1574
2.1568
2.157
2.1568
2.1574
2.1568
2.1576
2.1568
2.1574
2.1568
2.1574
2.1572
2.1566
2.1568
2.1574
2.1562
2.1568
2.1584
2.1572
2.1576
2.157
2.157
2.1568
2.1568
2.1578
2.1576
2.1564
2.1568
2.1578
2.1582
2.1564
2.1572
2.1576
2.1576
2.1574
2.157
2.1578
2.1578
2.1574
2.157
2.1572
2.157
2.157
2.1568
2.1574
2.1576
2.1572
2.1576
2.157
2.1564
2.1576
2.1572
2.1566
2.1568
2.1568
2.1568
2.157
2.1568
2.1564
2.1566
2.1574
2.157
2.1566
2.1564
2.1574
2.157
2.1568
2.1566
2.1564
2.1568
2.156
2.1562
2.1566
2.1564
2.1574
2.157
2.1568
2.158
2.1564
2.1564
2.1572
2.1582
2.1568
2.1572
2.1572
2.1564
2.1562
2.1566
2.1568
2.1572
2.1568
2.1562
2.1576
2.1564
2.1564
2.1558
2.1566
2.158
2.1574
2.1566
2.1574
2.1562
2.1578
2.1572
2.1568
2.1572
2.1568
2.1564
2.1564
2.1568
2.1566
2.157
2.157
2.1576
2.1566
2.1564
2.1574
2.1562
2.1568
2.157
2.1566
2.1568
2.157
2.1566
2.1572
2.158
2.157
2.1564
2.1566
2.1578
2.156
2.156
2.1572
2.156
2.1572
2.1564
2.1562
2.157
2.1564
2.1564
2.1568
2.1564
2.1568
2.1568
2.1572
2.1566
2.1566
2.1568
2.1562
2.1578
2.157
2.156
2.1572
2.1568
2.1562
2.1566
2.1564
2.1568
2.1566
2.156
2.1574
2.1572
2.1566
2.1568
2.1572
2.1572
2.1572
2.1558
2.1562
2.1556
2.1566
2.1572
2.1566
2.1568
2.1562
2.1566
2.1566
2.157
2.1568
2.1558
2.1574
2.157
2.1558
2.1558
2.1564
2.157
2.156
2.1558
2.1562
2.1566
2.1564
2.1562
2.1576
2.1574
2.157
2.1568
2.1566
2.1564
2.1566
2.1566
2.1568
2.1568
2.1572
2.156
2.1568
2.1576
2.1576
2.1562
2.1566
2.1564
2.1562
2.156
2.157
2.1568
2.1566
2.156
2.1564
2.1566
2.156
2.1574
2.1568
2.1568
2.1566
2.1564
2.1566
2.1566
2.1558
2.1552
2.1564
2.1556
2.1552
2.155
2.1558
2.1566
2.1562
2.1568
2.1562
2.1564
2.1568
2.1554
2.1558
2.1564
2.1564
2.156
2.1558
2.1564
2.1564
2.156
2.1558
2.157
2.1556
2.1562
2.1566
2.156
2.1556
2.156
2.1564
2.1568
2.1566
2.1562
2.1564
2.157
2.156
2.155
2.1562
2.1572
2.156
2.1562
2.1564
2.1556
2.1554
2.1554
2.1558
2.1562
2.1564
2.1562
2.1556
2.1564
2.1568
2.1556
2.156
2.1556
2.1562
2.1558
2.1568
2.1562
2.1564
2.1562
2.156
2.156
2.1562
2.156
2.1564
2.1562
2.1552
2.1556
2.1572
2.156
2.156
2.156
2.1574
2.157
2.156
2.1558
2.156
2.1566
2.1566
2.1556
2.1572
2.1568
2.156
2.1564
2.1566
2.1558
2.156
2.1558
2.1562
2.1552
2.1566
2.1562
2.1564
2.1564
2.1558
2.155
2.1566
2.155
2.155
2.1562
2.1562
2.156
2.1556
2.1552
2.1556
2.1558
2.1556
2.1562
2.1554
2.155
2.1552
2.155
2.1564
2.1562
2.1564
2.156
2.1562
2.1562
2.1552
2.156
2.1562
2.1562
2.156
2.1562
2.1564
2.156
2.1556
2.1556
2.1562
2.1564
2.1562
2.156
2.155
2.1562
2.1568
2.156
2.1562
2.1562
2.1554
2.1562
2.1568
2.1556
2.1566
2.1556
2.1566
2.1558
2.157
2.1562
2.156
2.1554
