2.1484
2.1478
2.1488
2.1478
2.1476
2.1476
2.1488
2.1476
2.1476
2.1482
2.1488
2.1484
2.1482
2.1484
2.1478
2.1472
2.1482
2.148
2.1482
2.1478
2.149
2.1474
2.148
2.1484
2.1476
2.1478
2.1484
2.1478
2.1476
2.1478
2.1486
2.1474
2.1486
2.1468
2.1484
2.1476
2.148
2.1478
2.1482
2.1474
2.1486
2.1488
2.1484
2.1486
2.149
2.1478
2.1482
2.149
2.1478
2.1474
2.1486
2.1476
2.148
2.1474
2.1486
2.1478
2.148
2.1478
2.1492
2.1484
2.1478
2.148
2.1482
2.1486
2.1484
2.1476
2.1478
2.1472
2.1478
2.1476
2.1482
2.1482
2.148
2.1476
2.1476
2.1474
2.1484
2.1468
2.1486
2.149
2.1478
2.1474
2.1478
2.1478
2.148
2.1472
2.1482
2.1478
2.1478
2.1482
2.1478
2.1476
2.1488
2.1476
2.1482
2.148
2.1478
2.1476
2.149
2.1484
2.1482
2.1476
2.1494
2.1484
2.1484
2.148
2.1482
2.1476
2.1474
2.1476
2.1492
2.1488
2.1484
2.1484
2.1492
2.1478
2.148
2.147
2.1486
2.148
2.148
2.148
2.1486
2.1478
2.1476
2.1474
2.1472
2.147
2.1478
2.1474
2.1474
2.1474
2.1474
2.1476
2.1488
2.1486
2.1484
2.1472
2.1474
2.1476
2.1484
2.1478
2.149
2.1474
2.147
2.1476
2.1492
2.1478
2.148
2.1482
2.1482
2.1478
2.1484
2.148
2.1492
2.1478
2.1476
2.1474
2.1476
2.1476
2.147
2.148
2.1476
2.1484
2.1486
2.1478
2.1482
2.1478
2.1486
2.1482
2.1478
2.1478
2.1472
2.1474
2.1482
2.1474
2.148
2.1476
2.1486
2.1474
2.1484
2.1472
2.148
2.1472
2.1474
2.1478
2.1486
2.1482
2.1484
2.1482
2.1484
2.1478
2.147
2.1476
2.1482
2.148
2.148
2.1472
2.1482
2.148
2.1474
2.1482
2.1476
2.1474
2.1484
2.1478
2.1472
2.1472
2.1472
2.1478
2.1486
2.1474
2.1482
2.1478
2.1478
2.1474
2.1476
2.148
2.1482
2.1488
2.1482
2.1482
2.1488
2.1476
2.1476
2.1468
2.1484
2.1472
2.1486
2.148
2.1488
2.148
2.1478
2.1474
2.1482
2.148
2.1478
2.148
2.1478
2.1478
2.1484
2.1476
2.1474
2.1478
2.1484
2.148
2.1486
2.1478
2.1484
2.1482
2.1488
2.1476
2.1476
2.1476
2.148
2.1482
2.148
2.1474
2.1484
2.1476
2.1482
2.1474
2.1482
2.1474
2.1476
2.1478
2.1484
2.1472
2.1488
2.1478
2.1486
2.148
2.1472
2.1466
2.1482
2.1474
2.148
2.1472
2.148
2.147
2.1486
2.1476
2.1482
2.1474
2.1482
2.1472
2.1488
2.1466
2.1474
2.1476
2.1482
2.1476
2.1486
2.1468
2.148
2.1472
2.1468
2.1472
2.1486
2.147
2.1472
2.1472
2.1472
2.1476
2.1478
2.1464
2.1478
2.1474
2.1474
2.1476
2.1478
2.1482
2.148
2.147
2.1478
2.1472
2.1478
2.1474
2.1474
2.1466
2.148
2.1476
2.1478
2.1474
2.147
2.147
2.148
2.1472
2.147
2.147
2.1474
2.1476
2.1482
2.1462
2.1484
2.1472
2.1478
2.1478
2.1476
2.148
2.1478
2.1464
2.1482
2.147
2.1478
2.1476
2.1468
2.146
2.1478
2.1474
2.1484
2.1476
2.1474
2.1472
2.1488
2.1472
2.1474
2.147
2.1466
2.1476
2.1474
2.1466
2.1482
2.1472
2.1476
2.1472
2.148
2.1472
2.1472
2.1472
2.148
2.1476
2.147
2.1464
2.1466
2.1472
2.1478
2.146
2.1474
2.1474
2.1474
2.147
2.1468
2.1466
2.1474
2.1474
2.1482
2.1474
2.1478
2.147
2.1468
2.148
2.1476
2.1466
2.1474
2.1464
2.1472
2.1468
2.1474
2.147
2.1484
2.147
2.1484
2.1478
2.147
2.1474
2.1468
2.147
2.1478
2.1466
2.1472
2.1478
2.1474
2.147
2.147
2.147
2.1476
2.1466
2.1462
2.1474
2.1488
2.1462
2.1478
2.1474
2.1478
2.1472
2.1484
2.147
2.1484
2.1464
2.1468
2.1472
2.1466
2.1474
2.148
2.147
2.1476
2.1468
2.148
2.1474
2.1474
2.1472
2.1476
2.1472
2.1476
2.1472
2.1482
2.1472
2.1484
2.1468
2.1482
2.1476
2.1472
2.1466
2.1482
2.1472
2.1478
2.1458
2.147
2.147
2.1472
2.1468
2.1472
2.1468
2.1476
2.1466
2.1472
2.147
2.1474
2.1464
2.1474
2.1474
2.1468
2.1462
2.1478
2.1466
2.148
2.1476
2.147
2.1468
2.1476
2.1464
2.147
2.1478
2.1468
2.147
2.1468
2.147
2.1474
2.1462
2.1474
2.1468
2.1478
2.1468
2.148
2.147
2.147
2.147
2.147
2.1472
2.1472
2.1468
2.147
2.1476
2.1474
2.1466
2.1474
2.1472
2.1476
2.1468
2.1474
2.1472
2.1464
2.1466
2.1478
2.147
2.1476
2.1474
2.147
2.1474
2.1468
2.1466
2.1472
2.1472
2.1472
2.1472
2.1472
2.1466
2.1468
2.1468
2.147
2.1474
2.1472
2.1466
2.1474
2.1456
2.147
2.1472
2.1476
2.1476
2.1478
2.1458
2.1474
2.1474
2.1474
2.1464
2.1474
2.147
2.1476
2.1462
2.1464
2.1472
2.147
2.147
2.1472
2.147
2.1476
2.1464
2.1474
2.147
2.1476
2.1474
2.1478
2.1468
2.1466
2.1462
2.1464
2.1462
2.147
2.1468
2.1464
2.1464
2.1474
2.1466
2.148
2.1466
2.1476
2.1462
2.147
2.1476
2.1472
2.1458
2.1476
2.147
2.147
2.147
2.1472
2.1472
2.1478
2.1466
2.147
2.147
2.1476
2.1466
2.147
2.1476
2.1484
2.1458
2.1476
2.147
2.1464
2.1466
2.1478
2.1464
2.1476
2.1468
2.147
2.1474
2.1464
2.1468
2.1478
2.1466
2.1474
2.1474
2.1474
2.1472
2.147
2.1462
2.148
2.1462
2.1474
2.1466
2.148
2.1478
2.1474
2.1462
2.1468
2.1472
2.1472
2.1466
2.147
2.1474
2.1476
2.1476
2.1474
2.147
2.148
2.147
2.1478
2.1472
2.1464
2.1464
2.1478
2.1468
2.1482
2.1474
2.1478
2.1472
2.1486
2.1468
2.1478
2.1474
2.147
2.1462
2.1478
2.1468
2.1468
2.1474
2.1482
2.1468
2.1466
2.1472
2.1486
2.1474
2.1472
2.1474
2.1464
2.1478
2.1478
2.1474
2.1484
2.1476
2.1474
2.1476
2.1472
2.1474
2.1484
2.1472
2.1474
2.1476
2.1468
2.147
2.1478
2.1474
2.148
2.1474
2.1482
2.1472
2.1474
2.1476
2.1478
2.1472
2.1478
2.1462
2.1476
2.1468
2.1476
2.1474
2.1486
2.1478
2.148
2.1472
2.1476
2.1476
2.1486
2.1474
2.1478
2.1482
2.1484
2.1482
2.1496
2.1476
2.1484
2.1472
2.1488
2.1478
2.1482
2.1482
2.1488
2.1476
2.1478
2.147
2.1478
2.1478
2.148
2.1476
2.1476
2.1478
2.1484
2.1466
2.148
2.1474
2.1474
2.1472
2.1482
2.1484
2.1478
2.149
2.1494
2.1476
2.1472
2.1468
2.1484
2.147
2.1484
2.1478
2.1488
2.1482
2.1484
2.1474
2.1482
2.1478
2.148
2.1474
2.1474
2.1474
2.148
2.147
2.147
2.1478
2.148
2.147
2.149
2.1468
2.1486
2.1472
2.1486
2.1482
2.147
2.148
2.1476
2.1474
2.1496
2.1472
2.148
2.1484
2.1484
2.1484
2.1486
2.1478
2.1486
2.1476
2.1488
2.1482
2.1478
2.148
2.1468
2.148
2.1488
2.1478
2.1486
2.1484
2.1482
2.1484
2.1478
2.1478
2.1476
2.1488
2.1488
2.1474
2.1474
2.1474
2.148
2.1488
2.1478
2.1474
2.148
2.1482
2.149
2.148
2.1478
2.1492
2.1482
2.1466
2.1484
2.1478
2.148
2.1478
2.1476
2.1476
2.1478
2.147
2.148
2.1478
2.1482
2.1484
2.1474
2.1474
2.1472
2.1474
2.1486
2.1472
2.1486
2.1472
2.1484
2.1476
2.1478
2.1482
2.1476
2.1472
2.1472
2.1474
2.148
2.1474
2.1476
2.1466
2.1482
2.1472
2.1468
2.147
2.1476
2.1474
2.147
2.1474
2.1476
2.1474
2.1482
2.147
2.1474
2.1468
2.148
2.1476
2.1474
2.1478
2.1478
2.147
2.1474
2.1472
2.1476
2.1472
2.1482
2.1484
2.1474
2.1482
2.1484
2.1482
2.148
2.1472
2.148
2.1472
2.148
2.1472
2.1484
2.1478
2.1474
2.147
2.1474
2.1474
2.148
2.148
2.1484
2.1482
2.1486
2.1468
2.1478
2.1476
2.1476
2.1484
2.1486
2.1482
2.148
2.1474
2.148
2.1482
2.1472
2.1472
2.1478
2.1478
2.1484
2.148
2.1478
2.1478
2.1482
2.1474
2.1482
2.148
2.1484
2.147
2.148
2.1484
2.1476
2.147
2.1478
2.1486
2.1478
2.1468
2.1486
2.1486
2.1478
2.148
2.1486
2.1478
2.1484
2.148
2.1482
2.147
2.147
2.1474
2.1484
2.1486
2.148
2.1474
2.1476
2.1468
2.1482
2.1474
2.1476
2.1482
2.1474
2.1474
2.148
2.1468
2.1474
2.147
2.1478
2.1482
2.1476
2.1478
2.1476
2.1484
2.1484
2.1474
2.1482
2.1478
2.1492
2.1484
2.149
2.1488
2.1486
2.1484
2.1484
2.1476
2.1498
2.1482
2.1486
2.1478
2.1488
2.1474
2.1482
2.1476
2.1484
2.1482
2.1478
2.148
2.1488
2.1474
2.148
2.1478
2.1482
2.148
2.1486
2.1484
2.149
2.1486
2.1482
2.1476
2.1484
2.148
2.149
2.1488
2.1486
2.1482
2.1484
2.1482
2.1494
2.1478
2.148
2.1478
2.1482
2.1472
2.148
2.1482
2.1488
2.1476
2.1484
2.1478
2.1476
2.1476
2.1486
2.1474
2.1482
2.147
2.1484
2.1482
2.1484
2.1486
2.149
2.1482
2.1484
2.1478
2.1494
2.1488
2.1492
2.1484
2.1484
2.1486
2.1488
2.1488
2.148
2.1474
2.1484
2.1476
2.1472
2.1476
2.1474
2.1478
2.1488
2.1476
2.1472
2.1472
2.1484
2.1482
2.1488
2.1488
2.149
2.149
2.149
2.148
2.1482
2.1482
2.1482
2.1478
2.1484
2.1478
2.149
2.1474
2.1488
2.1488
2.1484
2.148
2.1482
2.1478
2.1484
2.148
2.1496
2.149
2.1486
2.148
2.1488
2.1472
2.148
2.147
2.1484
2.148
2.1482
2.148
2.149
2.1486
2.1486
2.1474
2.1486
2.1482
2.1496
2.1476
2.149
2.148
2.1486
2.148
2.1482
2.1472
2.149
2.1484
2.149
2.1488
2.1472
2.1472
2.1488
2.148
2.1484
2.148
2.1482
2.148
2.1488
2.1486
2.1488
2.1492
2.1484
2.1478
2.1488
2.148
2.1486
2.148
2.1488
2.1484
2.1478
2.1478
2.1486
2.148
2.1488
2.148
2.1484
2.1482
2.1486
2.1478
2.1484
2.1482
2.1476
2.1478
2.1484
2.148
2.1478
2.1476
2.1474
2.1476
2.1484
2.1474
2.1476
2.148
2.148
2.1478
2.149
2.1474
2.1478
2.148
2.1478
2.149
2.1486
2.148
2.1482
2.1476
2.148
2.147
2.1482
2.1482
2.148
2.1476
2.148
2.1472
2.1478
2.1474
2.1478
2.1472
2.1482
2.1482
2.1484
2.1476
2.1488
2.1474
2.1474
2.1474
2.1472
2.1482
2.149
2.1474
2.1484
2.1476
2.1484
2.1476
2.1476
2.1472
2.1482
2.1474
2.1482
2.1472
2.1492
2.1478
2.1478
2.1476
2.1482
2.1476
2.1486
2.1478
2.1486
2.1478
2.148
2.1476
2.1484
2.149
2.1486
2.1478
2.1484
2.1482
2.148
2.1482
2.1486
2.1472
2.1482
2.1478
2.1478
2.1472
2.1476
2.1464
2.1474
2.148
2.1474
2.1476
2.1488
2.1478
2.149
2.1482
2.1484
2.1476
2.1488
2.147
2.1478
2.1484
2.1474
2.147
2.1478
2.148
2.1484
2.1472
2.1486
2.1474
2.148
2.1478
2.1484
2.1478
2.1476
2.1474
2.1488
2.1482
2.149
2.1482
2.1482
2.1478
2.1478
2.148
2.1486
2.1484
2.1482
2.1474
2.1472
2.1478
2.1478
2.147
2.148
2.1478
2.1476
2.1484
2.1482
2.1478
2.1472
2.1478
2.148
2.1476
2.1478
2.1474
2.1482
2.1472
2.1478
2.147
2.1474
2.147
2.1468
2.1474
2.1478
2.1478
2.1476
2.1474
2.148
2.1478
2.1476
2.1472
2.1482
2.1478
2.1486
2.1474
2.1482
2.147
2.1476
2.1464
2.1478
2.1476
2.1474
2.1482
2.1488
2.1486
2.1484
2.1472
2.1484
2.1482
2.147
2.1476
2.1496
2.1476
2.147
2.147
2.1474
2.1478
2.1476
2.1468
2.1478
2.1476
2.1478
2.148
2.1476
2.1482
2.1482
2.147
2.148
2.1468
2.1472
2.1482
2.1484
2.148
2.1476
2.1468
2.1472
2.1478
2.1478
2.1474
2.1478
2.1472
2.1468
2.1472
2.149
2.1482
2.1486
2.1474
2.1482
2.1476
2.1482
2.1474
2.1486
2.1478
2.1488
2.1474
2.1476
2.1468
2.1468
2.1474
2.1482
2.1474
2.1472
2.1464
2.1484
2.1478
2.1472
2.148
2.1472
2.1468
2.148
2.1472
2.1482
2.1474
2.1478
2.1476
2.1484
2.148
2.148
2.146
2.1472
2.147
2.1476
2.1474
2.1488
2.1474
2.1472
2.1468
2.1478
2.1482
2.1474
2.1476
2.1478
2.1474
2.148
2.1464
2.148
2.1474
2.1472
2.1472
2.1476
2.1474
2.1484
2.147
2.1478
2.1474
2.1478
2.147
2.1476
2.148
2.1482
2.1486
2.1484
2.1482
2.1476
2.147
2.1482
2.1468
2.1466
2.147
2.1472
2.1472
2.1466
2.1466
2.1476
2.147
2.1482
2.1464
2.1476
2.1476
2.1478
2.1472
2.1482
2.1476
2.1482
2.148
2.1482
2.1474
2.1484
2.1472
2.1472
2.1476
2.1482
2.147
2.148
2.1474
2.147
2.1474
2.1476
2.1472
2.1474
2.1476
2.1488
2.1484
2.1472
2.1476
2.1478
2.1472
2.1478
2.1466
2.1478
2.148
2.1476
2.1476
2.1478
2.147
2.1474
2.1474
2.1478
2.1468
2.1476
2.1466
2.1474
2.1476
2.1476
2.1458
2.1482
2.1474
2.1482
2.1482
2.1472
2.1474
2.1476
2.148
2.1486
2.1478
2.148
2.1476
2.1474
2.1474
2.1484
2.1476
2.1484
2.1476
2.1474
2.1472
2.1476
2.148
2.1486
2.1474
2.1488
2.1478
2.1472
2.147
2.148
2.1482
2.1474
2.1472
2.1474
2.1482
2.1468
2.1474
2.1476
2.1468
2.1474
2.1468
2.1476
2.1476
2.1474
2.1472
2.1482
2.1474
2.147
2.1472
2.1478
2.1472
2.1472
2.1466
2.1478
2.1474
2.1478
2.1474
2.1472
2.1468
2.1474
2.1468
2.1476
2.147
2.1466
2.1472
2.1474
2.1468
2.1478
2.147
2.1478
2.148
2.149
2.1472
2.1476
2.1482
2.1482
2.1482
2.1496
2.1476
2.148
2.1476
2.147
2.1476
2.1472
2.1474
2.1482
2.147
2.1474
2.1472
2.1476
2.1474
2.147
2.147
2.1482
2.1476
2.1486
2.1476
2.148
2.1478
2.1476
2.147
2.1482
2.1478
2.1476
2.147
2.1484
2.147
2.1482
2.1464
2.1474
2.1468
2.1466
2.1472
2.1476
2.1484
2.1478
2.1476
2.1482
2.1472
2.1476
2.1466
2.147
2.1476
2.1474
2.1476
2.1484
2.1482
2.1486
2.148
2.1482
2.148
2.1482
2.1474
2.1478
2.1486
2.1478
2.1476
2.1488
2.1474
2.1474
2.147
2.147
2.1474
2.1478
2.1476
2.1484
2.147
2.1484
2.147
2.148
2.1482
2.1474
2.1476
2.148
2.1482
2.1484
2.1474
2.1484
2.1482
2.1484
2.1474
2.148
2.1478
2.1472
2.147
2.1482
2.148
2.1484
2.1478
2.1488
2.1492
2.1488
2.1478
2.1486
2.148
2.149
2.1474
2.148
2.148
2.148
2.1476
2.1476
2.1478
2.1486
2.1474
2.1482
2.1476
2.148
2.146
2.1474
2.148
2.1484
2.148
2.1482
2.1474
2.1474
2.147
2.1482
2.147
2.1482
2.147
2.1474
2.1476
2.1478
2.1476
2.147
2.1478
2.148
2.148
2.1482
2.1472
2.148
2.1476
2.148
2.1476
2.1478
2.1474
2.1478
2.1468
2.1478
2.1474
2.1488
2.148
2.1478
2.1474
2.1482
2.148
2.1476
2.148
2.1474
2.1484
2.1478
2.147
2.1474
2.147
2.1472
2.1474
2.1478
2.1478
2.1476
2.1476
2.1484
2.1484
2.1484
2.148
2.148
2.1478
2.1478
2.1474
2.1484
2.1476
2.1466
2.1478
2.1482
2.1474
2.1484
2.1474
2.1478
2.148
2.1484
2.1474
2.1482
2.1486
2.1476
2.1476
2.1482
2.1472
2.148
2.147
2.148
2.1474
2.1482
2.1478
2.149
2.148
2.1478
2.146
2.1482
2.1476
2.1488
2.1488
2.148
2.1476
2.1478
2.147
2.1484
2.1472
2.148
2.1474
2.1476
2.1482
2.1476
2.1478
2.1478
2.1476
2.1482
2.1486
2.148
2.1486
2.1482
2.1472
2.149
2.1484
2.1482
2.1476
2.148
2.1474
2.148
2.147
2.1486
2.1476
2.1472
2.1478
2.1484
2.1476
2.1486
2.1472
2.1478
2.1476
2.1478
2.1472
2.1482
2.1484
2.1476
2.1482
2.148
2.1478
2.1486
2.147
2.148
2.1484
2.1486
2.147
2.1478
2.1476
2.1486
2.1482
2.1484
2.1474
2.147
2.1466
2.1484
2.1474
2.1474
2.1476
2.1494
2.1488
2.1484
2.1472
2.1486
2.1474
2.1482
2.1472
2.1482
2.1476
2.1486
2.1472
2.1486
2.148
2.1486
2.1476
2.1482
2.1472
2.1482
2.1476
2.148
2.1468
2.148
2.147
2.1472
2.1474
2.1474
2.147
2.1476
2.1468
2.1476
2.1466
2.1474
2.1468
2.1482
2.1468
2.1464
2.1464
2.1466
2.1474
2.1462
2.1468
2.146
2.146
2.146
2.1456
2.1454
2.1444
2.146
2.1446
2.1458
2.145
2.1448
2.1456
2.1446
2.144
2.1448
2.144
2.1438
2.1434
2.144
2.1438
2.144
2.1428
2.143
2.1428
2.1434
2.1416
2.1416
2.1412
2.1416
2.1396
2.1414
2.141
2.1404
2.1396
2.1392
2.1386
2.1384
2.1378
2.1394
2.1372
2.1368
2.1364
2.1372
2.1356
2.1358
2.1344
2.134
2.1334
2.1332
2.1318
2.1326
2.1312
2.1312
2.13
2.1306
2.1296
2.1292
2.1274
2.1276
2.1262
2.1264
2.1248
2.1254
2.1234
2.123
2.1222
2.1218
2.121
2.1202
2.1182
2.1198
2.117
2.1174
2.1158
2.115
2.1136
2.1126
2.1114
2.1112
2.11
2.1102
2.109
2.1086
2.1072
2.1068
2.1044
2.1042
2.1018
2.1018
2.1
2.0992
2.0974
2.0966
2.095
2.095
2.0926
2.0922
2.091
2.0906
2.0886
2.087
2.085
2.085
2.083
2.082
2.0802
2.0792
2.0774
2.0768
2.0758
2.075
2.0728
2.071
2.0698
2.0688
2.0664
2.066
2.0638
2.0634
2.0612
2.0602
2.0586
2.0572
2.0546
2.0542
2.0516
2.05
2.0496
2.0476
2.0452
2.0454
2.0438
2.0416
2.0396
2.0386
2.0366
2.0356
2.0332
2.033
2.0306
2.0288
2.0272
2.0258
2.024
2.023
2.021
2.0202
2.0178
2.0166
2.015
2.0138
2.012
2.0098
2.0084
2.0074
2.0052
2.0044
2.0024
2.0004
1.999
1.997
1.9962
1.9948
1.9936
1.9914
1.9898
1.9884
1.9866
1.9852
1.9826
1.9826
1.9802
1.9796
1.9774
1.9764
1.9746
1.972
1.9718
1.9698
1.9676
1.9674
1.965
1.9632
1.9622
1.9616
1.96
1.959
1.9576
1.9572
1.9544
1.9534
1.9516
1.9504
1.9482
1.9476
1.9456
1.945
1.9436
1.9428
1.941
1.9398
1.9382
1.9376
1.936
1.9348
1.9336
1.9334
1.9308
1.9302
1.9294
1.9278
1.9258
1.925
1.9234
1.9238
1.9216
1.9212
1.9188
1.919
1.9178
1.9162
1.916
1.9158
1.9124
1.9128
1.9116
1.9104
1.9098
1.9086
1.9078
1.9072
1.9058
1.905
1.9044
1.9038
1.9028
1.9018
1.9004
1.9012
1.8998
1.8994
1.8986
1.897
1.8966
1.8956
1.8952
1.8958
1.8942
1.893
1.8916
1.8926
1.892
1.891
1.8902
1.8902
1.889
1.8888
1.8878
1.8878
1.8864
1.8858
1.8856
1.8854
1.885
1.8842
1.8834
1.884
1.882
1.8816
1.8816
1.8816
1.8806
1.8796
1.8794
1.8796
1.8794
1.8782
1.8788
1.879
1.8772
1.8776
1.878
1.8778
1.8766
1.8762
1.8764
1.8774
1.8762
1.8752
1.8752
1.8764
1.875
1.875
1.8748
1.8758
1.8748
1.8736
1.874
1.875
1.874
1.8738
1.874
1.875
1.8744
1.8736
1.8738
1.8742
1.873
1.8738
1.8738
1.8742
1.8742
1.875
1.8742
1.8752
1.8742
1.8748
1.8748
1.8754
1.875
1.8748
1.8754
1.8754
1.8754
1.876
1.8752
1.8768
1.8754
1.8764
1.8764
1.8774
1.8774
1.8776
1.877
1.878
1.8776
1.8784
1.8784
1.8798
1.8798
1.8796
1.8796
1.8814
1.8806
1.8806
1.8814
1.8818
1.882
1.8822
1.8826
1.8846
1.8832
1.8842
1.8848
1.8852
1.8852
1.8858
1.8866
1.8864
1.8868
1.8884
1.8888
1.8902
1.8902
1.89
1.8904
1.8914
1.8912
1.8924
1.8924
1.893
1.8936
1.8946
1.8952
1.8952
1.895
1.8958
1.8962
1.8978
1.898
1.8984
1.8986
1.9002
1.9
1.9004
1.901
1.903
1.9022
1.9024
1.9046
1.9048
1.9056
1.9058
1.9064
1.9084
1.908
1.909
1.9096
1.911
1.9106
1.91
1.9114
1.9132
1.9126
1.9134
1.9146
1.916
1.916
1.917
1.9176
1.9192
1.9186
1.9204
1.9206
1.9208
1.9216
1.9232
1.9234
1.9252
1.925
1.9266
1.9262
1.9282
1.9282
1.9286
1.9298
1.9316
1.9302
1.9328
1.9334
1.9344
1.9338
1.9358
1.9362
1.9378
1.9382
1.9386
1.9392
1.9408
1.941
1.9412
1.943
1.9432
1.9436
1.9448
1.9462
1.9474
1.9462
1.9488
1.9498
1.9508
1.951
1.9514
1.9526
1.9542
1.9544
1.9556
1.9562
1.9572
1.9576
1.9586
1.9594
1.9604
1.961
1.9622
1.9632
1.9636
1.9646
1.9662
1.9662
1.967
1.967
1.9696
1.9696
1.9704
1.9722
1.9728
1.973
1.9738
1.975
1.9762
1.977
1.978
1.9786
1.9788
1.9798
1.9816
1.9818
1.983
1.9834
1.9842
1.9848
1.9858
1.987
1.9878
1.9892
1.9894
1.9908
1.9912
1.9924
1.9936
1.9936
1.9956
1.995
1.997
1.9976
1.9984
1.9988
1.9996
2.0004
2.0012
2.0028
2.0038
2.0034
2.005
2.005
2.0062
2.0074
2.0084
2.009
2.0098
2.0108
2.012
2.0124
2.0136
2.0136
2.0156
2.0158
2.017
2.0178
2.019
2.0194
2.0206
2.0204
2.022
2.0228
2.0234
2.0238
2.0258
2.026
2.0276
2.0272
2.028
2.0286
2.0294
2.031
2.0318
2.0322
2.0328
2.0328
2.0352
2.036
2.0366
2.0362
2.0378
2.0384
2.0402
2.0394
2.041
2.0416
2.0428
2.0426
2.0444
2.0444
2.0462
2.046
2.048
2.047
2.0482
2.0488
2.0508
2.0512
2.0524
2.0524
2.0548
2.0542
2.0548
2.055
2.0556
2.057
2.058
2.0572
2.06
2.0586
2.0602
2.0614
2.0614
2.064
2.063
2.0638
2.0656
2.066
2.0668
2.0664
2.0676
2.068
2.0704
2.0702
2.0712
2.0716
2.073
2.0722
2.0738
2.0744
2.075
2.0758
2.0764
2.0772
2.0782
2.0776
2.0794
2.0802
2.08
2.081
2.0822
2.082
2.0832
2.0844
2.0848
2.0838
2.0852
2.0862
2.0872
2.0874
2.0878
2.0882
2.0894
2.0894
2.0902
2.0908
2.0912
2.0914
2.0926
2.0926
2.093
2.0934
2.0954
2.0958
2.0968
2.0966
2.097
2.0976
2.0992
2.0986
2.1002
2.0996
2.1012
2.1016
2.1022
2.1016
2.1038
2.1034
2.1036
2.104
2.1046
2.1064
2.1056
2.1062
2.1084
2.1074
2.1084
2.1086
2.111
2.1106
2.11
2.1104
2.1122
2.1116
2.1128
2.1126
2.1138
2.114
2.1152
2.1152
2.1162
2.1152
2.117
2.1162
2.1188
2.118
2.1188
2.119
2.12
2.1194
2.1208
2.1198
2.1214
2.1216
2.1222
2.1224
2.1234
2.1236
2.1242
2.124
2.1258
2.1256
2.1262
2.1264
2.1276
2.1276
2.1278
2.1284
2.1284
2.1286
2.1304
2.1304
2.1304
2.131
2.1302
2.1314
2.132
2.1318
2.1328
2.132
2.1334
2.1332
2.1342
2.135
2.1358
2.1354
2.1364
2.1364
2.1368
2.1372
2.1386
2.1388
2.1386
2.1382
2.139
2.1392
2.1404
2.1404
2.1414
2.1408
2.1412
2.1404
2.1424
2.1414
2.1428
2.143
2.1428
2.1426
2.1444
2.1446
2.1452
2.1442
2.1458
2.1456
2.1456
2.147
2.1474
2.1468
2.147
2.1468
2.1472
2.1472
2.1474
2.1474
2.1492
2.15
2.1502
2.1502
2.1506
2.1506
2.1516
2.151
2.1518
2.152
2.152
2.152
2.1528
2.1524
2.1538
2.1536
2.1538
2.1534
2.1542
2.155
2.1548
2.1542
2.155
2.1554
2.1552
2.1568
2.1566
2.1564
2.1568
2.1562
2.1576
2.157
2.1576
2.1582
2.1574
2.1588
2.1584
2.1588
2.1588
2.1578
2.1594
2.1588
2.1594
2.1604
2.1602
2.1606
2.161
2.161
2.162
2.1616
2.1608
2.1616
2.1614
2.1616
2.1624
2.1622
2.1634
2.1632
2.1624
2.1622
2.1636
2.1632
2.1638
2.1634
2.164
2.164
2.1644
2.1654
2.1654
2.1656
2.1658
2.1646
2.1648
2.1658
2.1662
2.1662
2.1658
2.1662
2.1664
2.1666
2.1668
2.1666
2.1668
2.1674
2.1668
2.1672
2.1676
2.1676
2.1674
2.1684
2.1674
2.1674
2.1688
2.1678
2.1686
2.169
2.1692
2.1698
2.169
2.1692
2.169
2.1686
2.1694
2.1696
2.17
2.1712
2.1704
2.1694
2.17
2.1702
2.1698
2.1704
2.1696
2.1706
2.1714
2.1698
2.172
2.1718
2.1718
2.1706
2.1716
2.172
2.1712
2.171
2.1706
2.1724
2.1716
2.1714
2.1726
2.1722
2.1722
2.1718
2.172
2.172
2.1724
2.1714
2.1726
2.1732
2.1738
2.1728
2.1734
2.173
2.1726
2.172
2.173
2.174
2.1728
2.1728
2.1738
2.173
2.1728
2.1728
2.1726
2.1734
2.173
2.173
2.1738
2.1746
2.1736
2.1734
2.1742
2.1734
2.1744
2.1746
2.1734
2.1742
2.1744
2.1738
2.1746
2.1736
2.1748
2.1746
2.1736
2.174
2.1738
2.1734
2.1742
2.1736
2.1732
2.1742
2.1742
2.1744
2.1738
2.1744
2.1746
2.1732
2.1738
2.174
2.1746
2.1746
2.1742
2.1744
2.174
2.173
2.1744
2.1732
2.1742
2.174
2.1746
2.174
2.174
2.1738
2.1734
2.174
2.174
2.1728
2.1736
2.174
2.1732
2.1742
2.1736
2.1738
2.174
2.1742
2.1732
2.1732
2.174
2.1728
2.1738
2.1736
2.1742
2.1744
2.1734
2.1736
2.1738
2.1732
2.1722
2.1726
2.1724
2.1716
2.1726
2.172
2.1734
2.1736
2.1728
2.1728
2.1718
2.171
2.1734
2.1722
2.172
2.1722
2.1724
2.1726
2.1728
2.1724
2.1724
2.172
2.1722
2.1728
2.1724
2.1726
2.1716
2.1714
2.171
2.1714
2.172
2.1716
2.1714
2.172
2.1712
2.1712
2.1708
2.1714
2.1714
2.1708
2.1706
2.1708
2.1706
2.1702
2.1708
2.1704
2.1708
2.1712
2.1708
2.1704
2.172
2.1704
2.1702
2.1704
2.1704
2.1688
2.1704
2.1698
2.1692
2.1694
2.1702
2.1696
2.17
2.169
2.1688
2.169
2.169
2.1694
2.1694
2.169
2.1684
2.1692
2.1688
2.1674
2.1682
2.168
2.1678
2.1676
2.169
2.1682
2.1676
2.1672
2.1676
2.1676
2.1672
2.1666
2.1674
2.1666
2.1668
2.1664
2.167
2.167
2.166
2.1664
2.1664
2.1664
2.1664
2.1656
2.1666
2.166
2.166
2.1666
2.165
2.1656
2.1652
2.1656
2.166
2.1656
2.165
2.1648
2.1652
2.1638
2.165
2.1648
2.1654
2.1642
2.1642
2.1632
2.164
2.1634
2.1644
2.1632
2.1638
2.1636
2.1626
2.1636
2.1638
2.163
2.164
2.1636
2.1636
2.162
2.1632
2.1632
2.1634
2.1624
2.1616
2.162
2.1622
2.1622
2.1616
2.1622
2.162
2.162
2.1618
2.1612
2.1614
2.1614
2.1612
2.161
2.162
2.1616
2.1612
2.16
2.1604
2.1608
2.1596
2.161
2.1608
2.1608
2.16
2.1604
2.1602
2.16
2.1596
2.1602
2.1598
2.1594
2.1598
2.1602
2.16
2.159
2.1606
2.159
2.1592
2.1602
2.1588
2.1592
2.1588
2.1594
2.1584
2.1582
2.1586
2.1578
2.1574
2.1572
2.1582
2.1576
2.1574
2.1582
2.1584
2.1578
2.1576
2.1574
2.157
2.1572
2.1572
2.1574
2.1572
2.1564
2.157
2.1576
2.1576
2.158
2.157
2.1568
2.1578
2.1568
2.1568
2.1564
2.1562
2.1564
2.1568
2.1556
2.157
2.1566
2.1554
2.1552
2.1562
2.1546
2.1562
2.1566
2.1558
2.156
2.1562
2.1562
2.1566
2.1554
2.1558
2.1556
2.1556
2.1562
2.1564
2.155
2.1558
2.1542
2.1556
2.1554
2.1562
2.155
2.1548
2.1556
2.155
2.1548
2.1548
2.1548
2.1556
2.1542
2.154
2.154
2.155
2.1542
2.1544
2.1546
2.1556
2.1544
2.1536
2.1548
2.155
2.1542
2.154
2.154
2.1558
2.1538
2.1534
2.1544
2.1544
2.1544
2.154
2.1542
2.155
2.1536
2.1536
2.1546
2.1546
2.1538
2.1536
2.1534
2.154
2.1542
2.1542
2.1534
2.1538
2.1536
2.1546
2.1534
2.154
2.153
2.1528
2.1526
2.1534
2.1526
2.1524
2.1532
2.1542
2.153
2.1536
2.1526
2.1538
2.1526
2.1536
2.1524
2.1534
2.1526
2.1532
2.1532
2.1532
2.1524
2.1534
2.1526
2.1534
2.153
2.1532
2.1532
2.1536
2.1528
2.1526
2.152
2.1534
2.1526
2.1536
2.1534
2.154
2.153
2.1536
2.1524
2.1532
2.153
2.1532
2.1522
2.1532
2.1522
2.1524
2.1524
2.1528
2.1522
2.153
2.1518
2.1524
2.1518
2.1534
2.1518
2.1526
2.1528
2.1532
2.153
2.1536
2.1526
2.1522
2.1528
2.153
2.1522
2.1524
2.1526
2.1534
2.1526
2.1522
2.153
2.1524
2.1536
2.1528
2.1532
2.1534
2.1536
2.153
2.1522
2.1526
2.153
2.1532
2.1532
2.1528
2.153
2.153
2.153
2.1528
2.1518
2.1522
2.1522
2.152
2.153
2.153
2.1528
2.1532
2.1524
2.1532
2.1524
2.153
2.1528
2.1536
2.152
2.1532
2.1532
2.1532
2.1528
2.1544
2.1534
2.1534
2.1524
2.1536
2.1528
2.1534
2.1538
2.154
2.154
2.1532
2.1524
2.1536
2.1526
2.1534
2.1522
2.1524
2.1524
2.1534
2.1534
2.1536
2.153
2.1536
2.1526
2.1542
2.154
2.1532
2.1532
2.1548
2.153
2.154
2.1546
2.154
2.1536
2.1544
2.1536
2.1546
2.154
2.153
2.1534
2.154
2.154
2.1546
2.1536
2.1546
2.1544
2.1534
2.1534
2.1548
2.1536
2.1542
2.1538
2.1542
2.1534
2.1538
2.1528
2.1552
2.1546
2.1538
2.1546
2.1548
2.1534
2.1538
2.1546
2.1548
2.1546
2.1548
2.1544
2.1548
2.155
2.1542
2.1552
2.1548
2.154
2.155
2.1544
2.1554
2.155
2.1542
2.1552
2.1556
2.1548
2.1546
2.1548
2.155
2.1548
2.1546
2.1554
2.1556
2.1554
2.1552
2.156
2.1554
2.155
2.1558
2.1554
2.1564
2.1564
2.155
2.1554
2.1564
2.1562
2.1558
2.1568
2.1562
2.1554
2.1562
2.1554
2.1562
2.1558
2.156
2.1558
2.1564
2.1558
2.1558
2.1562
2.1564
2.1546
2.157
2.1564
2.1562
2.1566
2.156
2.1564
2.1566
2.156
2.156
2.156
2.1572
2.1562
2.1566
2.1568
2.1576
2.1566
2.157
2.1564
2.1572
2.1566
2.1566
2.1568
2.1568
2.1564
2.1572
2.1566
2.1572
2.1568
2.1572
2.157
2.157
2.1566
2.1574
2.157
2.1574
2.1568
2.1576
2.1566
2.1576
2.1572
2.1566
2.1574
2.1578
2.157
2.1574
2.1574
2.1572
2.1572
2.1572
2.1588
2.1576
2.1576
2.1586
2.1576
2.1576
2.1584
2.1572
2.1566
2.159
2.158
2.1576
2.1574
2.159
2.159
2.1598
2.1586
2.1594
2.1574
2.1582
2.158
2.158
2.1584
2.1588
2.1598
2.1586
2.1586
2.1592
2.1586
2.1592
2.1586
2.1578
2.159
2.1594
2.1584
2.1588
2.1582
2.159
2.1586
2.1588
2.1596
2.1598
2.1584
2.159
2.1576
2.159
2.1586
2.159
2.1596
2.16
2.1598
2.1602
2.1594
2.1596
2.159
2.1588
2.1594
2.1592
2.16
2.1598
2.1594
2.16
2.1598
2.1596
2.1598
2.1594
2.1598
2.16
2.1594
2.1596
2.1594
2.1602
2.1598
2.1598
2.1592
2.1588
2.1598
2.1598
2.16
2.16
2.1606
2.1602
2.1598
2.1602
2.16
2.1602
2.16
2.1602
2.1594
2.1606
2.161
2.1602
2.161
2.161
2.1598
2.1602
2.1604
2.1606
2.1608
2.1602
2.1608
2.1604
2.161
2.1606
2.1598
2.1608
2.1602
2.1604
2.1612
2.1604
2.1602
2.161
2.1606
2.1616
2.1604
2.1606
2.1608
2.1606
2.1608
2.1608
2.1614
2.1614
2.1604
2.161
2.161
2.1612
2.1602
2.161
2.1606
2.1612
2.1608
2.1604
2.1606
2.161
2.1612
2.1606
2.1612
2.1602
2.1612
2.1614
2.1616
2.1614
2.162
2.1608
2.1616
2.1616
2.1602
2.1608
2.1608
2.1606
2.162
2.1612
2.1614
2.1612
2.1618
2.1616
2.1608
2.161
2.1612
2.1602
2.1616
2.1602
2.1618
2.1624
2.1616
2.162
2.1616
2.1612
2.1606
2.1616
2.161
2.1608
2.1606
2.1622
2.1618
2.1618
2.162
2.1618
2.1612
2.1616
2.1614
2.162
2.1612
2.1616
2.1628
2.1618
2.1618
2.1622
2.1612
2.1624
2.162
2.1622
2.1612
2.1614
2.1612
2.1614
2.1614
2.1622
2.1616
2.1612
2.162
2.1622
2.1624
2.162
2.1616
2.1628
2.1626
2.1618
2.1622
2.1614
2.1624
2.162
2.1616
2.1624
2.162
2.1624
2.1618
2.1628
2.162
2.1622
2.1616
2.1626
2.1618
2.162
2.161
2.1624
2.162
2.1616
2.1624
2.1622
2.1624
2.1614
2.1618
2.163
2.1626
2.1626
2.1614
2.1624
2.1622
2.1622
2.1624
2.1632
2.162
2.1618
2.1626
2.1624
2.1628
2.1622
2.1622
2.1634
2.1622
2.1618
2.1622
2.1628
2.1628
2.162
2.1616
2.1628
2.1626
2.1634
2.163
2.163
2.163
2.1626
2.163
2.1638
2.163
2.1628
2.1616
2.1632
2.1626
2.163
2.1628
2.1628
2.1634
2.163
2.1624
2.164
2.1632
2.1622
2.1624
2.1632
2.1626
2.1636
2.1634
2.1634
2.1638
2.163
2.1634
2.1634
2.1628
2.1622
2.1626
2.164
2.1624
2.163
2.163
2.1634
2.164
2.163
2.163
2.1636
2.1632
2.1632
2.1628
2.1636
2.164
2.1634
2.1634
2.1636
2.1626
2.1632
2.1634
2.163
2.1634
2.1636
2.1636
2.1632
2.162
2.1636
2.1638
2.164
2.164
2.1632
2.162
2.1636
2.1632
2.1636
2.1636
2.1642
2.1634
2.1638
2.1638
2.164
2.1636
2.1632
2.1634
2.1638
2.1638
2.163
2.1628
2.1636
2.1642
2.1642
2.1642
2.1646
2.1646
2.1646
2.1636
2.1646
2.1642
2.1642
2.1636
2.1646
2.1642
2.1642
2.1632
2.1646
2.1646
2.164
2.1644
2.1648
2.164
2.1642
2.1636
2.1638
2.1642
2.1644
2.1634
2.1646
2.1646
2.1646
2.1638
2.1644
2.1646
2.1638
2.1638
2.1648
2.1642
2.1646
2.1634
2.1646
2.1644
2.164
2.1646
2.1636
2.1638
2.1634
2.1636
2.1644
2.1642
2.1636
2.1638
2.1646
2.1648
2.165
2.1644
2.1642
2.1638
2.164
2.1644
2.1648
2.1646
2.1646
2.1632
2.1656
2.1644
2.1638
2.164
2.164
2.1644
2.1646
2.1646
2.1646
2.1634
2.1648
2.1644
2.1642
2.1642
2.1638
2.1644
2.1654
2.1642
2.1648
2.1638
2.1646
2.1656
2.1656
2.1644
2.165
2.165
2.165
2.1644
2.1646
2.1648
2.165
2.1644
2.165
2.1646
2.165
2.1646
2.165
2.1654
2.1652
2.1652
2.166
2.165
2.1652
2.1644
2.1648
2.165
2.1652
2.1654
2.165
2.1648
2.164
2.1644
2.1654
2.1646
2.165
2.1652
2.1654
2.1654
2.1658
2.1642
2.1656
2.1648
2.165
2.1646
2.1648
2.1652
2.1652
2.1644
2.1648
2.165
2.1654
2.165
2.1652
2.165
2.1644
2.1644
2.1654
2.165
2.1654
2.1652
2.166
2.1658
2.1648
2.1662
2.1654
2.1644
2.1652
2.164
2.165
2.1652
2.1644
2.166
2.1656
2.1654
2.1654
2.1642
2.1648
2.1644
2.1642
2.1644
2.1648
2.1644
2.1646
2.166
2.1652
2.1654
2.1652
2.164
2.1654
2.1652
2.1656
2.1654
2.166
2.1662
2.1652
2.1658
2.1646
2.165
2.1656
2.1646
2.1656
2.1652
2.1662
2.1656
2.1648
2.1662
2.1654
2.1648
2.1656
2.165
2.165
2.166
2.1656
2.166
2.1656
2.1648
2.1658
2.1646
2.1654
2.166
2.1654
2.1662
2.1648
2.1656
2.1662
2.1646
2.1654
2.165
2.166
2.1654
2.165
2.1652
2.166
2.166
2.166
2.1658
2.1654
2.1648
2.1654
2.1654
2.1662
2.1656
2.1662
2.165
2.167
2.1664
2.1652
2.165
2.1644
2.1644
2.1654
2.1652
2.1662
2.1662
2.1652
2.1652
2.1664
2.1656
2.1654
2.1654
2.1654
2.1642
2.1648
2.165
2.1652
2.1648
2.1648
2.1648
2.165
2.165
2.1648
2.165
2.1644
2.1648
2.1642
2.1644
2.1648
2.1648
2.1648
2.1646
2.1642
2.1646
2.1648
2.1652
2.1648
2.1648
2.1662
2.1642
2.1658
2.1654
2.1642
2.1648
2.1654
2.1648
2.1652
2.165
2.1656
2.1652
2.1642
2.1648
2.1652
2.1646
2.1652
2.164
2.1658
2.1656
2.1654
2.1654
2.165
2.1652
2.1648
2.1642
2.1642
2.1642
2.1648
2.1642
2.1656
2.165
2.1644
2.1644
2.1652
2.1652
2.1638
2.1644
2.1644
2.1648
2.1644
2.1642
2.1648
2.1646
2.1652
2.1644
2.165
2.1646
2.1646
2.1646
2.1646
2.165
2.1646
2.1642
2.1656
2.1654
2.1654
2.164
2.1644
2.165
2.1644
2.165
2.1652
2.165
2.165
2.164
2.1652
2.1648
2.1646
2.1642
2.1648
2.164
2.1646
2.1644
2.1652
2.1644
2.1654
2.1642
2.164
2.1646
2.1644
2.164
2.1648
2.1654
2.1648
2.1656
2.1648
2.1642
2.1636
2.1642
2.1644
2.1648
2.165
2.1642
2.1656
2.1642
2.1646
2.165
2.1652
2.165
2.1644
2.1644
2.164
2.1638
2.1646
2.1644
2.1654
2.1644
2.1646
2.1648
2.1646
2.164
2.1644
2.1642
2.1652
2.164
2.1642
2.1642
2.1646
2.1644
2.1636
2.1642
2.1646
2.1648
2.1644
2.1642
2.1644
2.1648
2.1642
2.164
2.1648
2.1642
2.164
2.1642
2.1644
2.1642
2.1642
2.164
2.1646
2.1646
2.1644
2.1646
2.1636
2.1634
2.1644
2.1638
2.1644
2.1636
2.1634
2.1638
2.1644
2.1644
2.1648
2.165
2.1648
2.1638
2.1644
2.1642
2.1638
2.1638
2.1638
2.1642
2.165
2.1636
2.164
2.1646
2.1644
2.165
2.1652
2.1646
2.1646
2.1638
2.1638
2.1632
2.164
2.1644
2.165
2.1638
2.1648
2.1644
2.1634
2.165
2.1644
2.1644
2.1646
2.1648
2.164
2.165
2.1646
2.1644
2.1642
2.1638
2.1636
2.1644
2.1646
2.1632
2.1636
2.1644
2.1652
2.1648
2.1648
2.1642
2.1638
2.1634
2.1644
2.1636
2.1644
2.165
2.1652
2.164
2.1644
2.1642
2.1638
2.163
2.164
2.1642
2.1644
2.1628
2.164
2.1652
2.1648
2.1644
2.1646
2.1632
2.1648
2.1636
2.1636
2.1644
2.1636
2.1634
2.1658
2.164
2.1642
2.164
2.1636
2.1644
2.1636
2.1646
2.165
2.1644
2.1644
2.1642
2.1648
2.1646
2.1636
2.164
2.1644
2.1634
2.1646
2.1642
2.1646
2.165
2.1644
2.164
2.1644
2.1638
2.1638
2.1636
2.1648
2.1642
2.1642
2.1644
2.1638
2.1638
2.1648
2.164
2.1646
2.1646
2.1646
2.1638
2.1644
2.1644
2.1642
2.164
2.164
2.1646
2.1642
2.1636
2.1648
2.1632
2.1622
2.1622
2.1644
2.1642
2.1644
2.1648
2.1648
2.1642
2.1642
2.1642
2.1652
2.1642
2.164
2.1646
2.164
2.1654
2.1636
2.1642
2.165
2.164
2.1642
2.1644
2.164
2.1646
2.1638
2.1642
2.1636
2.163
2.1644
2.1644
2.164
2.1648
2.1644
2.1644
2.1642
2.1648
2.1648
2.164
2.1654
2.1642
2.1646
2.1646
2.1638
2.1646
2.164
2.1642
2.1638
2.1636
2.1632
2.1646
2.1642
2.1644
2.1654
2.1636
2.1652
2.1648
2.1644
2.1638
2.164
2.1642
2.1642
2.164
2.1646
2.1636
2.165
2.1646
2.165
2.1648
2.1644
2.1644
2.1656
2.165
2.1638
2.1642
2.1648
2.1652
2.164
2.1646
2.1646
2.1636
2.1638
2.1644
2.1648
2.1644
2.1636
2.1642
2.1646
2.164
2.165
2.1646
2.165
2.165
2.1646
2.1646
2.1654
2.1648
2.164
2.1642
2.1652
2.1644
2.165
2.1658
2.1652
2.1642
2.1648
2.1652
2.1656
2.165
2.1652
2.1646
2.1644
2.165
2.1652
2.1644
2.1654
2.1654
2.165
2.1646
2.1654
2.1644
2.1646
2.1644
2.1648
2.1652
2.1656
2.1646
2.1652
2.1652
2.1654
2.1654
2.1654
2.1656
2.1656
2.165
2.165
2.1646
2.1648
2.1648
2.166
2.1656
2.1658
2.165
2.1648
2.1652
2.1654
2.1656
2.1658
2.1666
2.1654
2.165
2.1656
2.1652
2.165
2.1652
2.1652
2.1654
2.1656
2.1656
2.1656
2.165
2.1656
2.1646
2.1646
2.1654
2.1652
2.1648
2.1654
2.1654
2.1654
2.165
2.1644
2.1652
2.1652
2.164
2.1664
2.165
2.1654
2.1642
2.165
2.1654
2.1642
2.1652
2.1652
2.1646
2.1658
2.1652
2.1662
2.166
2.166
2.1648
2.1658
2.1656
2.1654
2.1654
2.166
2.1656
2.166
2.1652
2.1654
2.1656
2.1658
2.1652
2.1662
2.165
2.1658
2.1652
2.1656
2.166
2.1658
2.166
2.1658
2.1652
2.1668
2.1658
2.166
2.1658
2.1654
2.165
2.1658
2.1658
2.1664
2.1662
2.1666
2.1658
2.1664
2.166
2.166
2.1658
2.1664
2.1666
2.1658
2.166
2.166
2.1652
2.1658
2.165
2.1652
2.1644
2.1658
2.1658
2.1652
2.1646
2.1658
2.1662
2.1652
2.166
2.1654
2.1656
2.1658
2.1658
2.1656
2.1656
2.1656
2.1654
2.166
2.1656
2.166
2.166
2.1656
2.1654
2.1664
2.1652
2.1672
2.166
2.166
2.1668
2.166
2.1662
2.1668
2.166
2.1674
2.1662
2.167
2.1658
2.166
2.1666
2.1658
2.1646
2.1662
2.166
2.167
2.1656
2.167
2.1664
2.1654
2.1654
2.167
2.166
2.167
2.166
2.1664
2.1662
2.1658
2.1646
2.166
2.1664
2.1664
2.1654
2.1654
2.1658
2.1652
2.1662
2.1664
2.1662
2.1662
2.166
2.1666
2.1654
2.1654
2.1664
2.1666
2.1668
2.1668
2.1658
2.167
2.1662
2.1662
2.1658
2.1668
2.1662
2.1668
2.166
2.1674
2.1658
2.1654
2.1668
2.1666
2.1662
2.1662
2.1658
2.1664
2.1666
2.1668
2.1668
2.1666
2.1664
2.1662
2.166
2.1676
2.166
2.166
2.1662
2.1662
2.1668
2.1658
2.166
2.166
2.1658
2.1664
2.1658
2.1668
2.1668
2.166
2.1664
2.1664
2.1664
2.167
2.1662
2.1672
2.1662
2.1662
2.1664
2.1664
2.1664
2.1668
2.1664
2.1676
2.167
2.167
2.1656
2.166
2.1664
2.166
2.1664
2.1668
2.1664
2.1666
2.1666
2.1656
2.1662
2.1662
2.1658
2.1666
2.1664
2.1662
2.167
2.1678
2.1662
2.1674
2.1662
2.1674
2.1668
2.1668
2.1664
2.1664
2.1662
2.1666
2.1668
2.1668
2.1672
2.167
2.1668
2.1664
2.1664
2.1672
2.1668
2.167
2.1664
2.1666
2.1664
2.167
2.1664
2.1664
2.1666
2.1672
2.1662
2.1668
2.1664
2.1666
2.1672
2.1668
2.1666
2.1664
2.1664
2.1666
2.1656
2.167
2.1664
2.1668
2.1672
2.1664
2.1666
2.1674
2.166
2.1666
2.1664
2.1666
2.1668
2.1664
2.166
2.1666
2.165
2.1662
2.1666
2.1664
2.1676
2.1668
2.1662
2.1666
2.1664
2.1674
2.1666
2.167
2.1672
2.1674
2.1674
2.1668
2.1664
2.1666
2.1666
2.1676
2.167
2.1662
2.1668
2.1662
2.1656
2.1682
2.1668
2.1668
2.1662
2.1666
2.1664
2.1666
2.1658
2.167
2.1658
2.167
2.1666
2.1666
2.1668
2.1666
2.1664
2.1666
2.1668
2.1674
2.1658
2.167
2.1672
2.1662
2.1662
2.1672
2.1676
2.1666
2.1656
2.1668
2.1668
2.1662
2.1674
2.1674
2.1668
2.166
2.1666
2.1668
2.1662
2.1662
2.166
2.1666
2.1668
2.1668
2.166
2.1676
2.1664
2.1662
2.1664
2.1658
2.1652
2.1664
2.1654
2.1658
2.1664
2.1664
2.1664
2.1674
2.1664
2.1666
2.1664
2.166
2.1662
2.1652
2.166
2.1674
2.1666
2.1666
2.166
2.1656
2.1662
2.1664
2.1654
2.1658
2.1658
2.1658
2.1658
2.1664
2.1658
2.1658
2.1654
2.1658
2.1664
2.1664
2.1654
2.1664
2.1664
2.1666
2.166
2.1666
2.1658
2.1662
2.167
2.1664
2.1666
2.1666
2.1662
2.166
2.1664
2.1658
2.165
2.1662
2.1662
2.1656
2.1652
2.1656
2.1658
2.1656
2.1656
2.1658
2.166
2.1662
2.1656
2.166
2.166
2.1656
2.1652
2.166
2.1656
2.1654
2.166
2.1664
2.1656
2.166
2.1656
2.1654
2.1662
2.166
2.165
2.1662
2.1654
2.1658
2.1656
2.1658
2.166
2.1662
2.165
2.1656
2.166
2.1654
2.1654
2.165
2.1654
2.1658
2.1648
2.166
2.165
2.1656
2.165
2.1654
2.1656
2.1656
2.1648
2.1656
2.1652
2.165
2.165
2.1664
2.1658
2.1644
2.1648
2.165
2.166
2.1644
2.1642
2.1654
2.1644
2.1656
2.1652
2.165
2.1644
2.1654
2.1646
2.1664
2.1662
2.165
2.1658
2.166
2.1656
2.1648
2.1646
2.1652
2.1656
2.166
2.1648
2.1654
2.1648
2.1642
2.1644
2.1662
2.1648
2.1644
2.165
2.165
2.165
2.1646
2.1642
2.1652
2.165
2.165
2.1644
2.1656
2.1656
2.1648
2.1652
2.1646
2.1658
2.1656
2.164
2.1644
2.1638
2.1652
2.165
2.1648
2.1642
2.1642
2.1648
2.1654
2.1642
2.165
2.165
2.165
2.1656
2.1656
2.1644
2.1646
2.1652
2.1646
2.165
2.165
2.1654
2.1646
2.1648
2.165
2.164
2.1648
2.1646
