2.1474
2.1466
2.1476
2.1474
2.1476
2.147
2.1478
2.1474
2.1466
2.146
2.148
2.1476
2.1476
2.1476
2.1474
2.1482
2.1478
2.1464
2.147
2.1474
2.1474
2.1472
2.1482
2.147
2.147
2.147
2.1476
2.1482
2.1462
2.1468
2.1468
2.147
2.1474
2.1468
2.1476
2.1476
2.1474
2.147
2.1482
2.1474
2.1476
2.1472
2.1474
2.147
2.1474
2.1476
2.1478
2.1486
2.1468
2.1474
2.1482
2.1474
2.1476
2.1476
2.1474
2.148
2.147
2.147
2.1476
2.1476
2.1472
2.1476
2.1486
2.1476
2.1474
2.1476
2.1484
2.1474
2.1482
2.148
2.1492
2.1488
2.1472
2.1472
2.1482
2.1478
2.148
2.1466
2.148
2.1472
2.1476
2.1464
2.1476
2.1472
2.1472
2.1466
2.1484
2.1472
2.1478
2.1478
2.1476
2.1476
2.1474
2.1474
2.1484
2.1476
2.1484
2.1478
2.148
2.1474
2.1476
2.1472
2.1476
2.148
2.1476
2.1468
2.1474
2.1488
2.148
2.1472
2.1484
2.1482
2.1488
2.147
2.148
2.149
2.148
2.148
2.1478
2.1468
2.1482
2.1472
2.1482
2.1472
2.1482
2.148
2.1478
2.1472
2.1476
2.1472
2.1482
2.148
2.1484
2.1472
2.1488
2.1476
2.1472
2.1472
2.1488
2.147
2.1482
2.148
2.1484
2.1482
2.1486
2.1474
2.1478
2.1478
2.147
2.1472
2.1484
2.1482
2.1486
2.1466
2.1486
2.1478
2.1468
2.1472
2.1478
2.1474
2.1474
2.147
2.1484
2.1474
2.1478
2.1472
2.1476
2.1478
2.1482
2.1478
2.1476
2.1476
2.1476
2.1472
2.1486
2.1478
2.148
2.1474
2.148
2.1466
2.1486
2.1474
2.148
2.147
2.1472
2.1474
2.1482
2.1468
2.148
2.147
2.1486
2.1472
2.148
2.1482
2.148
2.1472
2.1472
2.1466
2.1482
2.148
2.148
2.147
2.1478
2.1472
2.1472
2.1464
2.1484
2.1476
2.148
2.147
2.1468
2.1472
2.147
2.147
2.1472
2.1476
2.1484
2.1476
2.147
2.1478
2.1482
2.1474
2.1476
2.1474
2.1474
2.1468
2.1472
2.1474
2.1478
2.1468
2.1476
2.1476
2.148
2.1478
2.148
2.1484
2.1476
2.1466
2.1482
2.147
2.147
2.1474
2.1478
2.1474
2.1474
2.1466
2.1478
2.1472
2.1476
2.1456
2.1472
2.1472
2.1468
2.147
2.1476
2.1472
2.1484
2.1466
2.1476
2.1468
2.1476
2.1466
2.1476
2.1478
2.1468
2.1476
2.148
2.1468
2.1472
2.1474
2.147
2.1478
2.1466
2.1474
2.148
2.1472
2.1478
2.1474
2.1472
2.147
2.1472
2.1458
2.148
2.1472
2.148
2.1466
2.1476
2.1468
2.147
2.1478
2.147
2.1474
2.148
2.1466
2.1484
2.148
2.1466
2.1474
2.1474
2.1474
2.1476
2.1458
2.1474
2.148
2.1478
2.1478
2.1474
2.147
2.148
2.1472
2.148
2.148
2.1466
2.147
2.1466
2.1476
2.1478
2.1466
2.1476
2.1468
2.1468
2.1468
2.147
2.1478
2.147
2.1468
2.1472
2.1466
2.1472
2.1474
2.1468
2.1474
2.1474
2.1462
2.1474
2.1472
2.1464
2.1468
2.1458
2.1462
2.1476
2.1468
2.148
2.1464
2.1478
2.1474
2.147
2.1474
2.1468
2.1468
2.1476
2.1468
2.1478
2.1472
2.1468
2.1468
2.147
2.1466
2.1484
2.1484
2.1468
2.1466
2.147
2.1472
2.1468
2.147
2.1472
2.146
2.1472
2.1466
2.1476
2.1472
2.147
2.146
2.1468
2.1476
2.1476
2.1472
2.1482
2.1478
2.1466
2.1452
2.1476
2.1472
2.1468
2.1466
2.1468
2.1482
2.1474
2.1464
2.1466
2.1478
2.1468
2.1472
2.1476
2.1478
2.1476
2.1472
2.1468
2.1472
2.1472
2.1474
2.1476
2.1474
2.147
2.1472
2.1476
2.1476
2.1474
2.1472
2.1464
2.1468
2.148
2.1466
2.1474
2.1478
2.1476
2.147
2.1476
2.1474
2.148
2.1464
2.147
2.147
2.147
2.1462
2.1474
2.1478
2.1474
2.147
2.1482
2.1474
2.148
2.147
2.1476
2.148
2.148
2.1466
2.1478
2.1472
2.1482
2.1472
2.1478
2.1478
2.1472
2.1468
2.147
2.1476
2.1472
2.1468
2.1474
2.1472
2.1466
2.1468
2.148
2.1474
2.1478
2.1478
2.1474
2.1474
2.147
2.1466
2.1478
2.1478
2.1486
2.1468
2.1478
2.1472
2.1462
2.1474
2.1476
2.1482
2.1484
2.1466
2.148
2.1472
2.1468
2.1474
2.1482
2.148
2.1474
2.1462
2.148
2.1472
2.1484
2.1474
2.1466
2.1472
2.1472
2.1464
2.1474
2.1474
2.1468
2.1476
2.1464
2.1472
2.1484
2.1472
2.1482
2.1476
2.148
2.1464
2.1474
2.1476
2.1472
2.1476
2.1478
2.1478
2.148
2.1474
2.1472
2.1476
2.1484
2.1474
2.148
2.1474
2.1486
2.1468
2.1482
2.148
2.148
2.1474
2.1486
2.1478
2.148
2.148
2.1474
2.148
2.1474
2.1476
2.1476
2.1476
2.1472
2.146
2.1476
2.1482
2.1482
2.1482
2.1478
2.1478
2.1486
2.1468
2.1474
2.1474
2.1482
2.1478
2.1474
2.1474
2.1482
2.1472
2.1474
2.1478
2.1484
2.1478
2.1478
2.1476
2.1482
2.1474
2.148
2.1478
2.1476
2.1472
2.1482
2.1484
2.1476
2.147
2.1476
2.148
2.1478
2.1474
2.147
2.1472
2.1478
2.1474
2.1482
2.1488
2.1486
2.147
2.148
2.1474
2.1474
2.1466
2.1464
2.1466
2.1476
2.1472
2.1474
2.148
2.1476
2.148
2.148
2.1472
2.1484
2.1466
2.1472
2.148
2.147
2.1476
2.1476
2.1474
2.1484
2.1474
2.1486
2.1474
2.1478
2.1472
2.1486
2.148
2.1476
2.1468
2.1488
2.147
2.1476
2.148
2.1476
2.148
2.1476
2.147
2.1486
2.1472
2.148
2.1474
2.1478
2.1474
2.147
2.1474
2.1486
2.1474
2.1482
2.1466
2.1476
2.1478
2.1478
2.147
2.1476
2.147
2.148
2.1468
2.1474
2.149
2.1476
2.1472
2.1486
2.1474
2.1478
2.1472
2.147
2.1478
2.1466
2.147
2.1472
2.1474
2.1482
2.147
2.1476
2.1474
2.1474
2.1474
2.1476
2.1474
2.1486
2.1472
2.1476
2.148
2.1476
2.147
2.1472
2.147
2.1478
2.1466
2.1488
2.1472
2.1468
2.1478
2.1468
2.147
2.148
2.147
2.1474
2.1476
2.1484
2.1472
2.1478
2.1482
2.1472
2.147
2.1476
2.147
2.1476
2.1472
2.1472
2.148
2.1472
2.1474
2.1476
2.1478
2.1476
2.1478
2.1472
2.1486
2.1472
2.1474
2.1484
2.1484
2.1478
2.147
2.1468
2.1476
2.1476
2.1468
2.1488
2.1482
2.1474
2.1474
2.1476
2.1468
2.1474
2.147
2.1474
2.1468
2.1476
2.1464
2.1476
2.1474
2.147
2.147
2.1478
2.1472
2.1484
2.146
2.1478
2.1484
2.1476
2.1474
2.1478
2.148
2.1482
2.1466
2.148
2.147
2.147
2.1466
2.1478
2.1476
2.1476
2.1476
2.1484
2.1472
2.1478
2.147
2.147
2.147
2.1466
2.1466
2.1476
2.1472
2.1472
2.147
2.1464
2.147
2.1472
2.1464
2.1468
2.1472
2.1476
2.1464
2.1468
2.1472
2.147
2.1474
2.1478
2.1474
2.1476
2.1462
2.1476
2.1472
2.1474
2.1464
2.1482
2.1474
2.1474
2.147
2.1474
2.1478
2.1476
2.1478
2.147
2.1462
2.147
2.1466
2.1482
2.1474
2.1464
2.1478
2.148
2.1472
2.1476
2.1456
2.1462
2.1474
2.1462
2.1458
2.147
2.1468
2.147
2.1464
2.1464
2.1466
2.147
2.1466
2.1476
2.1476
2.147
2.1458
2.147
2.1466
2.147
2.1468
2.1466
2.1474
2.1474
2.146
2.148
2.147
2.1472
2.1472
2.1478
2.1474
2.1474
2.1468
2.1466
2.1472
2.1472
2.1458
2.1486
2.1472
2.1476
2.148
2.1484
2.1478
2.1484
2.1472
2.1478
2.147
2.1474
2.1468
2.1472
2.1468
2.1472
2.1458
2.1474
2.147
2.1476
2.1466
2.1472
2.1476
2.147
2.146
2.1474
2.1466
2.1474
2.1456
2.1474
2.1474
2.1468
2.1462
2.1472
2.1466
2.1478
2.1472
2.1482
2.1478
2.1476
2.1472
2.147
2.1474
2.1474
2.1472
2.1482
2.1476
2.1466
2.1472
2.1472
2.1472
2.1472
2.146
2.1466
2.1472
2.147
2.1464
2.1468
2.1462
2.148
2.1462
2.148
2.1474
2.1472
2.147
2.1468
2.1468
2.147
2.1466
2.1472
2.147
2.1466
2.147
2.1464
2.1474
2.1474
2.146
2.1468
2.1462
2.1458
2.1458
2.1462
2.147
2.1462
2.1454
2.1476
2.1474
2.1474
2.1474
2.1474
2.1476
2.1478
2.1464
2.147
2.1464
2.147
2.146
2.1462
2.147
2.146
2.1468
2.1462
2.1464
2.1468
2.1462
2.1474
2.1474
2.147
2.1456
2.1474
2.1468
2.1466
2.1462
2.1464
2.1468
2.147
2.1468
2.147
2.1464
2.1464
2.146
2.1462
2.147
2.1472
2.1462
2.146
2.1462
2.1472
2.1462
2.1464
2.147
2.1462
2.1472
2.1466
2.1478
2.1472
2.1458
2.1472
2.1466
2.147
2.147
2.1458
2.1472
2.1474
2.1474
2.1476
2.1478
2.147
2.1474
2.1464
2.1474
2.147
2.1458
2.1464
2.146
2.1468
2.146
2.147
2.1464
2.1462
2.1472
2.147
2.147
2.1474
2.1462
2.1476
2.1468
2.1474
2.1452
2.1468
2.147
2.1476
2.1466
2.148
2.1476
2.1472
2.1472
2.1466
2.1462
2.1472
2.1466
2.1474
2.1472
2.1468
2.1452
2.1464
2.1472
2.1468
2.1466
2.1474
2.147
2.1468
2.1466
2.1472
2.147
2.147
2.1464
2.1464
2.1468
2.1476
2.1466
2.1468
2.147
2.1466
2.1462
2.147
2.1466
2.148
2.1456
2.1464
2.1462
2.1468
2.1466
2.1466
2.1464
2.1476
2.1466
2.1474
2.147
2.1476
2.147
2.1478
2.1476
2.1472
2.1476
2.1474
2.1472
2.1474
2.147
2.1464
2.1468
2.1468
2.1472
2.1472
2.1476
2.146
2.1466
2.1472
2.1474
2.147
2.1458
2.1478
2.1486
2.1476
2.1472
2.1468
2.1468
2.1476
2.1464
2.1482
2.1472
2.147
2.1478
2.1474
2.148
2.1474
2.1458
2.148
2.1466
2.1472
2.146
2.147
2.1484
2.1478
2.146
2.1482
2.1472
2.1472
2.147
2.1476
2.1476
2.1476
2.1462
2.1474
2.1478
2.147
2.1464
2.148
2.1474
2.1474
2.147
2.1486
2.1474
2.1484
2.1464
2.1478
2.1482
2.1478
2.1472
2.149
2.1472
2.147
2.1472
2.1474
2.1472
2.147
2.1476
2.1468
2.1468
2.1472
2.147
2.147
2.1472
2.1464
2.1472
2.1486
2.147
2.1472
2.147
2.1476
2.1472
2.148
2.1472
2.148
2.1466
2.1468
2.147
2.147
2.1476
2.1472
2.1474
2.148
2.1478
2.1474
2.1472
2.1476
2.1482
2.1474
2.1468
2.1474
2.1482
2.1484
2.1478
2.1474
2.147
2.148
2.1474
2.1478
2.1478
2.1486
2.1476
2.1476
2.148
2.1476
2.1472
2.1482
2.1478
2.147
2.1472
2.147
2.148
2.1476
2.1468
2.1484
2.1474
2.147
2.1472
2.1478
2.1476
2.1486
2.1464
2.1478
2.1468
2.1476
2.1462
2.147
2.148
2.1478
2.1472
2.1478
2.1484
2.1484
2.1468
2.148
2.148
2.147
2.1468
2.1484
2.1474
2.148
2.1478
2.1472
2.1476
2.1474
2.1468
2.1484
2.1486
2.1478
2.148
2.147
2.1474
2.148
2.1478
2.1482
2.1474
2.1474
2.1466
2.1474
2.1476
2.1474
2.1472
2.1476
2.1476
2.1472
2.147
2.1482
2.147
2.1472
2.147
2.1472
2.148
2.1478
2.1468
2.1478
2.1482
2.1486
2.147
2.148
2.1482
2.1474
2.1476
2.1494
2.1486
2.1484
2.1474
2.148
2.1476
2.1482
2.1464
2.1488
2.1484
2.1484
2.1474
2.1486
2.1478
2.147
2.1474
2.1484
2.1478
2.1476
2.1484
2.1482
2.1488
2.1476
2.1476
2.1488
2.1478
2.147
2.1474
2.1486
2.1486
2.1482
2.1486
2.1486
2.1472
2.1476
2.1476
2.1482
2.1478
2.1474
2.1478
2.1492
2.148
2.1478
2.148
2.1484
2.1496
2.1476
2.1482
2.1486
2.1478
2.1486
2.1468
2.148
2.1478
2.1478
2.1478
2.1488
2.1476
2.1478
2.147
2.1474
2.148
2.1482
2.1474
2.1478
2.148
2.1486
2.1478
2.1482
2.1472
2.1474
2.1478
2.1482
2.1476
2.1482
2.1472
2.1474
2.1474
2.1486
2.1482
2.148
2.1482
2.1472
2.1472
2.1484
2.1476
2.1484
2.1474
2.148
2.1476
2.1476
2.1478
2.1474
2.1484
2.1492
2.149
2.1486
2.1488
2.1488
2.1476
2.148
2.1486
2.1484
2.1476
2.1484
2.1484
2.1484
2.1484
2.1484
2.1476
2.1476
2.1472
2.1484
2.1482
2.1472
2.1472
2.1488
2.1486
2.1474
2.1468
2.1478
2.1472
2.1474
2.1486
2.1488
2.1482
2.1492
2.1476
2.1478
2.1482
2.149
2.1478
2.1484
2.1478
2.1486
2.1474
2.1484
2.1482
2.1482
2.1482
2.1478
2.1488
2.1482
2.1468
2.1484
2.1478
2.1488
2.1482
2.1474
2.1476
2.1482
2.1476
2.1478
2.148
2.1494
2.1482
2.1488
2.1478
2.148
2.1482
2.1486
2.1486
2.148
2.1468
2.1488
2.1496
2.1484
2.1486
2.1484
2.1484
2.1484
2.1468
2.149
2.1484
2.1482
2.1478
2.1486
2.1492
2.1478
2.1478
2.1486
2.1492
2.148
2.148
2.1478
2.1474
2.149
2.148
2.1482
2.1486
2.1478
2.1478
2.1484
2.1478
2.1472
2.1472
2.148
2.1482
2.1486
2.1476
2.1488
2.1492
2.1486
2.1492
2.1486
2.1478
2.1484
2.1476
2.1492
2.1482
2.1484
2.148
2.1482
2.1482
2.1486
2.1472
2.148
2.148
2.1484
2.1488
2.1488
2.1484
2.1478
2.1472
2.1486
2.1476
2.1476
2.148
2.1482
2.1478
2.1488
2.1478
2.1488
2.1488
2.1488
2.1486
2.1478
2.1494
2.1482
2.147
2.1482
2.148
2.148
2.1476
2.1484
2.1478
2.1478
2.1474
2.1488
2.1486
2.1484
2.1482
2.1478
2.1478
2.1484
2.1476
2.1484
2.1484
2.1494
2.1478
2.1486
2.148
2.1476
2.1474
2.1486
2.1478
2.1494
2.1472
2.149
2.148
2.1484
2.1478
2.1486
2.1484
2.1486
2.1476
2.1478
2.1462
2.147
2.1474
2.1468
2.1484
2.148
2.1472
2.1486
2.1476
2.1478
2.1482
2.1472
2.1474
2.148
2.1478
2.149
2.1482
2.1482
2.1476
2.148
2.1482
2.148
2.1474
2.1486
2.1476
2.148
2.1472
2.1474
2.1484
2.1476
2.1472
2.1476
2.1472
2.1482
2.147
2.1476
2.1482
2.1478
2.148
2.149
2.148
2.1478
2.1464
2.1474
2.1482
2.1488
2.147
2.1476
2.1476
2.1478
2.1468
2.1482
2.1486
2.1484
2.1478
2.1484
2.1474
2.1484
2.1478
2.1476
2.1474
2.147
2.1474
2.1484
2.1484
2.1486
2.1476
2.1478
2.1478
2.1482
2.1482
2.148
2.1478
2.1476
2.1472
2.1494
2.1484
2.1484
2.1474
2.1476
2.1476
2.1482
2.147
2.1486
2.1474
2.1478
2.1472
2.148
2.148
2.1472
2.148
2.147
2.148
2.1478
2.1474
2.1484
2.1478
2.1482
2.1468
2.1484
2.1474
2.149
2.1472
2.1474
2.1472
2.1468
2.1474
2.1482
2.1474
2.1482
2.1476
2.1476
2.1474
2.1472
2.1472
2.1474
2.1484
2.1474
2.1474
2.1488
2.148
2.1482
2.1476
2.1478
2.1476
2.147
2.1466
2.1476
2.1464
2.1476
2.1474
2.148
2.1476
2.1466
2.1466
2.1474
2.1472
2.1478
2.1474
2.1478
2.1478
2.1476
2.147
2.1478
2.1468
2.147
2.1464
2.1474
2.1468
2.1464
2.1458
2.1472
2.1466
2.147
2.1462
2.1464
2.1468
2.146
2.146
2.1472
2.1466
2.1476
2.1466
2.148
2.1476
2.1472
2.1474
2.1472
2.1468
2.1476
2.1458
2.1472
2.1478
2.1482
2.1474
2.1482
2.1474
2.1476
2.1456
2.1478
2.147
2.1472
2.1462
2.148
2.1476
2.1476
2.1472
2.1474
2.1468
2.1468
2.1466
2.1472
2.1466
2.147
2.147
2.1474
2.1464
2.147
2.1458
2.1474
2.1474
2.1474
2.1464
2.1478
2.1468
2.1472
2.1456
2.1472
2.1466
2.1466
2.1466
2.1476
2.147
2.1472
2.1464
2.1468
2.147
2.1462
2.146
2.1466
2.147
2.1472
2.146
2.1468
2.1476
2.1462
2.147
2.147
2.1468
2.1476
2.1466
2.1474
2.1474
2.1468
2.1464
2.1458
2.1462
2.1472
2.1456
2.147
2.1474
2.1474
2.1472
2.147
2.147
2.1474
2.1454
2.1484
2.147
2.147
2.1464
2.147
2.1478
2.1474
2.146
2.1472
2.1472
2.1482
2.1466
2.147
2.1468
2.1472
2.1464
2.1474
2.1466
2.147
2.1458
2.1476
2.1472
2.147
2.1452
2.1462
2.1468
2.148
2.1474
2.1478
2.1472
2.147
2.147
2.1476
2.1458
2.147
2.1458
2.1466
2.1466
2.1464
2.1462
2.1474
2.1462
2.147
2.1462
2.1476
2.1462
2.1454
2.1466
2.1462
2.146
2.147
2.145
2.147
2.1468
2.146
2.146
2.146
2.1458
2.1452
2.145
2.146
2.1452
2.1448
2.1448
2.1448
2.1454
2.1438
2.1434
2.144
2.1426
2.1434
2.1434
2.1432
2.143
2.1426
2.1424
2.143
2.1424
2.1422
2.1408
2.1416
2.1408
2.1406
2.1402
2.1402
2.1386
2.139
2.1382
2.1384
2.138
2.1372
2.1368
2.1372
2.1364
2.1356
2.1342
2.1354
2.1348
2.1348
2.1328
2.133
2.1322
2.1318
2.1304
2.1308
2.1292
2.1294
2.1272
2.1276
2.1266
2.1264
2.1238
2.1254
2.1238
2.1224
2.122
2.1212
2.1196
2.119
2.1174
2.1182
2.1156
2.1152
2.114
2.1132
2.112
2.1112
2.1086
2.1094
2.1076
2.1066
2.1042
2.1034
2.1022
2.101
2.1
2.0992
2.0966
2.0958
2.0936
2.0928
2.0926
2.0912
2.0878
2.0884
2.0856
2.0846
2.0824
2.0808
2.0794
2.0774
2.0758
2.074
2.0714
2.0706
2.0682
2.0668
2.065
2.0624
2.0606
2.0594
2.057
2.0552
2.0528
2.0518
2.049
2.047
2.0454
2.0428
2.0408
2.0388
2.0358
2.0348
2.0326
2.0302
2.0282
2.0262
2.0238
2.0222
2.0182
2.018
2.0148
2.013
2.0102
2.0076
2.006
2.0032
1.9996
1.9988
1.996
1.9938
1.9912
1.9892
1.9872
1.9844
1.982
1.9806
1.9768
1.9756
1.9722
1.9702
1.9676
1.9654
1.9618
1.9614
1.9572
1.9556
1.9532
1.9506
1.9484
1.9458
1.944
1.9412
1.9394
1.9378
1.9344
1.933
1.9304
1.9274
1.9252
1.924
1.921
1.9186
1.915
1.914
1.9108
1.9086
1.907
1.9038
1.9024
1.8994
1.8978
1.8962
1.8924
1.8912
1.8894
1.8874
1.8842
1.8828
1.8798
1.8788
1.876
1.8736
1.8718
1.8698
1.8678
1.8642
1.8628
1.8622
1.8592
1.8574
1.8554
1.8534
1.852
1.8494
1.8478
1.8468
1.844
1.8424
1.84
1.8388
1.8368
1.8346
1.8326
1.8318
1.8282
1.828
1.8258
1.8252
1.823
1.8206
1.8192
1.8184
1.8164
1.8148
1.8126
1.8122
1.8106
1.8082
1.8072
1.806
1.8044
1.8028
1.801
1.7998
1.798
1.7964
1.7948
1.795
1.7932
1.7914
1.7902
1.7894
1.7874
1.7872
1.7844
1.7844
1.783
1.7822
1.7804
1.781
1.7796
1.7772
1.7774
1.776
1.775
1.7738
1.7728
1.7718
1.771
1.7694
1.7684
1.7684
1.7676
1.7656
1.7646
1.7644
1.7626
1.7624
1.761
1.7614
1.761
1.7596
1.7592
1.7592
1.7576
1.7572
1.7566
1.7564
1.7556
1.7552
1.7538
1.7542
1.7532
1.7534
1.7528
1.7522
1.7512
1.7516
1.7504
1.7514
1.7492
1.749
1.7494
1.75
1.7488
1.7474
1.7478
1.748
1.7468
1.7474
1.7474
1.7478
1.7474
1.7468
1.746
1.7464
1.7464
1.7458
1.7464
1.7466
1.7462
1.7458
1.746
1.7464
1.7456
1.7456
1.746
1.7468
1.7468
1.746
1.746
1.7474
1.7468
1.7468
1.7472
1.7476
1.7476
1.7476
1.748
1.749
1.7478
1.7482
1.7488
1.7496
1.7486
1.7494
1.7508
1.7502
1.7506
1.7506
1.7504
1.7524
1.7524
1.7524
1.7528
1.7534
1.7542
1.7542
1.7532
1.7552
1.7558
1.7568
1.7558
1.7578
1.7584
1.758
1.7588
1.7596
1.7598
1.76
1.76
1.762
1.7626
1.7628
1.7634
1.7638
1.7646
1.7656
1.7666
1.767
1.7678
1.768
1.769
1.77
1.771
1.7704
1.7716
1.7738
1.7738
1.774
1.7752
1.7766
1.7768
1.7772
1.7776
1.78
1.7794
1.7804
1.7824
1.7826
1.7834
1.7842
1.7844
1.7854
1.786
1.7876
1.7884
1.7896
1.7904
1.7908
1.7914
1.7936
1.7942
1.7954
1.796
1.7986
1.7988
1.7986
1.8006
1.8014
1.8012
1.8042
1.8046
1.8062
1.8064
1.807
1.808
1.81
1.8106
1.8112
1.813
1.814
1.8144
1.8158
1.817
1.8178
1.8184
1.8196
1.821
1.8228
1.8232
1.824
1.8242
1.8272
1.828
1.8286
1.831
1.8334
1.8324
1.8332
1.8344
1.8368
1.8372
1.838
1.8392
1.8408
1.8422
1.8422
1.8436
1.8456
1.8468
1.847
1.8484
1.8504
1.851
1.8518
1.8536
1.8558
1.8568
1.8572
1.8596
1.8608
1.8606
1.8628
1.8634
1.866
1.8662
1.867
1.869
1.8698
1.8712
1.8726
1.8738
1.8758
1.8764
1.8774
1.879
1.8806
1.882
1.882
1.884
1.8858
1.887
1.8874
1.8898
1.8914
1.8912
1.8928
1.8942
1.896
1.8964
1.898
1.8994
1.9008
1.9016
1.9026
1.905
1.9064
1.907
1.9086
1.9096
1.91
1.9112
1.9134
1.9138
1.9158
1.9166
1.9186
1.9192
1.9216
1.9228
1.9232
1.9242
1.9262
1.9272
1.929
1.93
1.9312
1.9316
1.9336
1.9352
1.9368
1.9374
1.9384
1.939
1.941
1.942
1.943
1.945
1.9462
1.9474
1.949
1.949
1.9506
1.9526
1.9532
1.955
1.956
1.9584
1.9584
1.9596
1.962
1.9624
1.9644
1.965
1.9658
1.9672
1.9676
1.9696
1.9706
1.972
1.9732
1.975
1.9764
1.9768
1.9778
1.9788
1.9816
1.9822
1.9838
1.984
1.986
1.9868
1.9882
1.9884
1.9908
1.9918
1.9926
1.9942
1.9946
1.9958
1.9978
1.9984
2.0004
2.001
2.0026
2.0034
2.004
2.0052
2.007
2.007
2.0098
2.0094
2.0108
2.0112
2.0134
2.0142
2.0156
2.0164
2.0174
2.0186
2.0196
2.0204
2.0228
2.0224
2.0244
2.025
2.0264
2.028
2.0288
2.0288
2.0316
2.0314
2.0324
2.0336
2.0358
2.0364
2.0374
2.0376
2.0388
2.0402
2.0412
2.0414
2.044
2.044
2.0452
2.045
2.0486
2.0476
2.0496
2.0502
2.0506
2.0524
2.053
2.0536
2.0556
2.0556
2.0564
2.0572
2.0594
2.0604
2.0606
2.0608
2.0626
2.0638
2.0652
2.0648
2.0668
2.0668
2.0674
2.0688
2.0706
2.0712
2.0718
2.0724
2.0738
2.074
2.0746
2.0762
2.078
2.0778
2.079
2.0794
2.0814
2.0806
2.0826
2.0828
2.0834
2.0844
2.0858
2.0862
2.0872
2.0884
2.0894
2.0896
2.09
2.0906
2.0912
2.092
2.0934
2.0942
2.095
2.095
2.0972
2.0972
2.0988
2.0982
2.1002
2.0994
2.1008
2.1012
2.1028
2.102
2.1042
2.1042
2.1048
2.1064
2.1066
2.1072
2.1084
2.1094
2.1094
2.1102
2.1118
2.1112
2.112
2.113
2.1148
2.114
2.1148
2.1142
2.1166
2.116
2.117
2.1178
2.1194
2.119
2.1208
2.12
2.1208
2.1226
2.123
2.1226
2.1238
2.1248
2.1254
2.1252
2.1264
2.127
2.1276
2.1276
2.1284
2.1292
2.13
2.1292
2.1316
2.1312
2.1326
2.1326
2.1332
2.1338
2.134
2.1344
2.1346
2.1356
2.136
2.1372
2.1376
2.1374
2.139
2.138
2.1396
2.1402
2.1406
2.1404
2.1428
2.1428
2.143
2.143
2.1438
2.1456
2.1452
2.1452
2.146
2.1462
2.1472
2.1468
2.148
2.148
2.149
2.149
2.1504
2.1506
2.1508
2.1504
2.1518
2.1522
2.153
2.1518
2.1534
2.1536
2.1536
2.155
2.1546
2.1548
2.1552
2.1552
2.1562
2.1576
2.1574
2.157
2.1578
2.1588
2.1592
2.1586
2.1596
2.1596
2.1596
2.1606
2.1614
2.1616
2.162
2.1618
2.1636
2.1632
2.1634
2.164
2.1644
2.1644
2.1654
2.1656
2.167
2.1668
2.167
2.1666
2.1664
2.167
2.168
2.1682
2.169
2.1692
2.17
2.1694
2.1704
2.1702
2.1706
2.1702
2.172
2.172
2.1722
2.1722
2.1722
2.1728
2.1728
2.1728
2.1728
2.1736
2.1742
2.1742
2.1748
2.1746
2.1752
2.1758
2.1756
2.1756
2.1756
2.1768
2.177
2.1764
2.177
2.1772
2.1782
2.1786
2.1788
2.1782
2.1802
2.179
2.1792
2.18
2.1804
2.1812
2.1802
2.1808
2.1818
2.1822
2.1824
2.1822
2.182
2.1826
2.1818
2.1828
2.1834
2.1842
2.1838
2.1834
2.184
2.1848
2.1846
2.1854
2.1848
2.185
2.1854
2.1852
2.186
2.1862
2.1864
2.1854
2.1874
2.1872
2.187
2.187
2.1874
2.187
2.188
2.1874
2.1888
2.1878
2.1884
2.189
2.1892
2.1894
2.1894
2.1888
2.1902
2.1896
2.19
2.1902
2.1894
2.1906
2.191
2.1904
2.1914
2.1918
2.191
2.1902
2.192
2.1922
2.1908
2.1922
2.193
2.1924
2.1928
2.1924
2.1934
2.1928
2.1934
2.1932
2.1942
2.1936
2.1938
2.1936
2.1934
2.1946
2.1948
2.1944
2.194
2.1944
2.194
2.1946
2.195
2.1946
2.195
2.1944
2.1958
2.1952
2.1944
2.1958
2.1962
2.1956
2.1968
2.1962
2.1954
2.1966
2.1966
2.1952
2.1972
2.1966
2.197
2.1964
2.1964
2.1956
2.196
2.1956
2.1966
2.1964
2.1976
2.1962
2.197
2.1976
2.1974
2.197
2.1978
2.1974
2.1976
2.1978
2.1986
2.1974
2.1976
2.1984
2.1988
2.1972
2.1982
2.1976
2.1986
2.1978
2.1976
2.198
2.1982
2.1982
2.1988
2.1976
2.1974
2.1988
2.1974
2.198
2.1972
2.1984
2.199
2.1982
2.1988
2.1974
2.1984
2.198
2.1984
2.1976
2.1978
2.1978
2.1982
2.1976
2.1978
2.198
2.1976
2.1974
2.1978
2.1976
2.1986
2.1978
2.1978
2.1978
2.198
2.1976
2.1978
2.1976
2.1982
2.1966
2.1984
2.1984
2.1976
2.1982
2.1972
2.1968
2.1978
2.197
2.1974
2.1962
2.1968
2.1982
2.1976
2.1984
2.1982
2.1968
2.1974
2.1976
2.1982
2.1976
2.1968
2.197
2.1962
2.1966
2.1974
2.1966
2.1964
2.1958
2.196
2.1956
2.1962
2.1956
2.1962
2.1946
2.1954
2.1954
2.196
2.1952
2.1958
2.1952
2.1958
2.1942
2.195
2.1952
2.1954
2.1944
2.1942
2.1948
2.1946
2.1942
2.1942
2.1926
2.1944
2.1932
2.1934
2.1936
2.193
2.1928
2.1926
2.1928
2.1936
2.1918
2.1928
2.1922
2.1916
2.1918
2.1922
2.193
2.1924
2.1914
2.192
2.1924
2.192
2.191
2.1914
2.191
2.1906
2.1908
2.1912
2.1914
2.1904
2.1904
2.1908
2.1896
2.1888
2.1884
2.1902
2.1898
2.1894
2.1888
2.1892
2.189
2.1886
2.1884
2.1892
2.189
2.1888
2.1882
2.1884
2.1882
2.188
2.1868
2.188
2.1884
2.1874
2.187
2.1874
2.1876
2.187
2.1866
2.1866
2.1856
2.1862
2.1854
2.1856
2.1864
2.1848
2.1842
2.1858
2.1856
2.1852
2.1846
2.1848
2.1842
2.1838
2.1834
2.1844
2.1838
2.1832
2.1838
2.184
2.1832
2.1832
2.1834
2.1838
2.1822
2.1828
2.1822
2.1828
2.183
2.1816
2.1812
2.1814
2.181
2.1822
2.1804
2.1818
2.1808
2.1806
2.1808
2.1802
2.1808
2.1812
2.179
2.1806
2.1796
2.1792
2.1792
2.18
2.1796
2.1788
2.177
2.1798
2.18
2.1782
2.1782
2.1772
2.1776
2.1778
2.1774
2.1788
2.178
2.178
2.1768
2.1766
2.177
2.1768
2.1754
2.1772
2.1758
2.1756
2.1756
2.1758
2.1766
2.1754
2.175
2.176
2.1744
2.175
2.1746
2.1738
2.1756
2.1738
2.1742
2.1744
2.1746
2.1752
2.1728
2.1738
2.1744
2.1738
2.1722
2.1732
2.1732
2.1732
2.1722
2.1732
2.173
2.1726
2.1724
2.172
2.1716
2.1716
2.171
2.1714
2.1712
2.1708
2.171
2.1708
2.17
2.1716
2.1706
2.1718
2.1708
2.1704
2.1696
2.1706
2.171
2.1702
2.169
2.1708
2.1708
2.1696
2.1698
2.1698
2.1708
2.1696
2.1692
2.1716
2.1696
2.1696
2.1684
2.1688
2.1698
2.1688
2.1684
2.169
2.1692
2.1688
2.168
2.1684
2.1686
2.168
2.1684
2.1694
2.1686
2.1672
2.168
2.1688
2.1674
2.167
2.1672
2.1676
2.1674
2.1668
2.1674
2.1682
2.1674
2.1674
2.1668
2.1664
2.1666
2.1668
2.1664
2.1674
2.1676
2.1662
2.166
2.1668
2.167
2.1666
2.1654
2.1666
2.1666
2.166
2.1658
2.1658
2.166
2.1664
2.1658
2.1662
2.1656
2.1654
2.1652
2.1666
2.1656
2.165
2.1648
2.1662
2.1654
2.165
2.1644
2.165
2.1656
2.165
2.1656
2.166
2.1652
2.166
2.1642
2.165
2.1644
2.1642
2.1648
2.1652
2.1644
2.1644
2.164
2.1644
2.1644
2.1646
2.164
2.1646
2.1652
2.1652
2.1646
2.1654
2.1642
2.164
2.1638
2.1646
2.1648
2.1638
2.1642
2.165
2.1636
2.1644
2.164
2.164
2.1636
2.1644
2.1628
2.1648
2.164
2.164
2.164
2.164
2.1636
2.1638
2.1638
2.1644
2.1632
2.1636
2.1624
2.1632
2.1634
2.1636
2.163
2.1646
2.1638
2.163
2.1626
2.1638
2.1636
2.1638
2.1636
2.1638
2.1636
2.1634
2.1626
2.1632
2.164
2.1636
2.1636
2.1632
2.1626
2.1642
2.1626
2.1646
2.1634
2.1626
2.1632
2.163
2.1634
2.1644
2.1624
2.163
2.1634
2.1646
2.1636
2.164
2.1638
2.1628
2.1626
2.1634
2.1628
2.1632
2.163
2.163
2.1636
2.163
2.1636
2.1646
2.1638
2.163
2.163
2.163
2.1644
2.165
2.1638
2.164
2.1634
2.1634
2.1628
2.1638
2.164
2.1638
2.1634
2.1652
2.1638
2.1636
2.1638
2.1644
2.1636
2.1636
2.1638
2.1638
2.1634
2.1644
2.1634
2.1642
2.1654
2.1644
2.1646
2.1644
2.1634
2.1646
2.1626
2.1644
2.1644
2.1634
2.1636
2.1636
2.1644
2.1652
2.164
2.1656
2.1644
2.1646
2.1642
2.1646
2.164
2.1642
2.1638
2.165
2.1638
2.1648
2.1638
2.1646
2.165
2.1638
2.1636
2.1644
2.164
2.1636
2.164
2.1644
2.1656
2.1652
2.1638
2.1652
2.1644
2.1644
2.1644
2.1648
2.1654
2.1646
2.1638
2.1654
2.1642
2.1644
2.1644
2.1652
2.1656
2.166
2.1652
2.1658
2.1658
2.166
2.1642
2.165
2.166
2.1652
2.165
2.1652
2.1648
2.1652
2.1648
2.1664
2.1666
2.1658
2.166
2.1664
2.1662
2.1658
2.165
2.1656
2.1662
2.1658
2.166
2.1664
2.1662
2.166
2.1658
2.166
2.166
2.1662
2.1656
2.1656
2.1656
2.1658
2.165
2.166
2.1664
2.167
2.1658
2.1654
2.1664
2.1668
2.166
2.1668
2.1662
2.167
2.1668
2.1662
2.1668
2.167
2.1664
2.1674
2.1666
2.1662
2.1662
2.1668
2.1676
2.167
2.1662
2.1672
2.1662
2.1668
2.166
2.1654
2.1666
2.1664
2.1662
2.1674
2.1662
2.1666
2.1658
2.1662
2.167
2.1672
2.1662
2.1678
2.1678
2.1678
2.1666
2.1676
2.1672
2.1664
2.1682
2.1686
2.1672
2.1674
2.1666
2.1684
2.1686
2.1678
2.167
2.1676
2.167
2.1676
2.166
2.1678
2.1678
2.1674
2.1672
2.1674
2.1678
2.1678
2.1674
2.1684
2.1682
2.1684
2.1668
2.1684
2.1678
2.168
2.1674
2.1686
2.1684
2.168
2.1678
2.1682
2.1678
2.1676
2.168
2.1688
2.1686
2.169
2.168
2.1678
2.1688
2.1682
2.167
2.169
2.1682
2.1684
2.167
2.168
2.1686
2.1682
2.169
2.1682
2.1676
2.1678
2.1676
2.1688
2.1688
2.1682
2.1682
2.1688
2.1688
2.1686
2.1682
2.169
2.1682
2.1682
2.1678
2.1684
2.1688
2.1688
2.1688
2.1694
2.1682
2.169
2.169
2.1684
2.1696
2.1684
2.168
2.1688
2.1686
2.1682
2.1684
2.1694
2.169
2.1688
2.1686
2.1692
2.1692
2.1692
2.1684
2.1694
2.1696
2.169
2.1676
2.1684
2.1688
2.1688
2.1694
2.1694
2.169
2.1684
2.169
2.1684
2.1686
2.1692
2.1688
2.1698
2.1696
2.169
2.169
2.17
2.1696
2.1686
2.1688
2.1698
2.1696
2.1696
2.1696
2.1698
2.1708
2.1706
2.169
2.1704
2.17
2.1694
2.1692
2.1696
2.1696
2.1686
2.1694
2.169
2.1692
2.17
2.169
2.1692
2.1696
2.1684
2.1696
2.1702
2.1696
2.17
2.169
2.1696
2.1706
2.1684
2.1698
2.1694
2.169
2.169
2.1692
2.1706
2.1696
2.1696
2.1688
2.1692
2.1694
2.17
2.1682
2.1704
2.17
2.1684
2.17
2.1704
2.1702
2.17
2.1686
2.17
2.1704
2.1696
2.1708
2.1702
2.1702
2.17
2.1696
2.1702
2.1702
2.1696
2.1686
2.1692
2.1694
2.1694
2.1692
2.1702
2.1706
2.1696
2.1696
2.1702
2.1698
2.1692
2.1694
2.1706
2.1698
2.1704
2.171
2.1704
2.1706
2.1698
2.169
2.1702
2.1702
2.1698
2.1694
2.169
2.1702
2.1696
2.1692
2.17
2.1694
2.17
2.1696
2.1696
2.17
2.1694
2.1698
2.169
2.17
2.1692
2.1688
2.1702
2.169
2.17
2.17
2.1704
2.1698
2.1706
2.1694
2.1704
2.1704
2.1696
2.1698
2.1702
2.17
2.17
2.1696
2.1702
2.1702
2.1702
2.1704
2.1712
2.1702
2.1696
2.1694
2.171
2.1706
2.1698
2.1698
2.171
2.1698
2.17
2.17
2.171
2.1698
2.1702
2.1698
2.17
2.1704
2.1692
2.17
2.1704
2.1696
2.17
2.1688
2.1698
2.1694
2.1698
2.1698
2.171
2.1704
2.1698
2.1706
2.17
2.1692
2.1694
2.1696
2.17
2.1698
2.17
2.1696
2.1702
2.1702
2.1696
2.1698
2.1696
2.1694
2.17
2.1686
2.1704
2.1706
2.1692
2.1706
2.1704
2.1704
2.1706
2.17
2.17
2.1694
2.1692
2.1698
2.1704
2.1696
2.1692
2.1686
2.1692
2.1692
2.1698
2.1698
2.1704
2.1706
2.1702
2.1696
2.17
2.1704
2.1694
2.1692
2.1704
2.1706
2.1704
2.1702
2.1704
2.1702
2.1696
2.169
2.1706
2.1698
2.1702
2.1698
2.1702
2.1696
2.1702
2.1696
2.1694
2.1702
2.17
2.1694
2.1698
2.17
2.1698
2.169
2.1694
2.1694
2.171
2.1696
2.1702
2.17
2.1688
2.1692
2.1706
2.1698
2.17
2.1698
2.1696
2.17
2.1696
2.1698
2.1706
2.1706
2.17
2.1694
2.17
2.1694
2.1694
2.169
2.1712
2.17
2.1698
2.1694
2.1702
2.1704
2.169
2.17
2.1696
2.1694
2.1706
2.1688
2.171
2.1694
2.1688
2.1698
2.17
2.1696
2.1702
2.1696
2.1706
2.1702
2.1698
2.1692
2.1696
2.1694
2.17
2.1696
2.1698
2.1694
2.1686
2.1688
2.17
2.1696
2.17
2.1686
2.1698
2.1696
2.17
2.1698
2.1708
2.17
2.1698
2.1694
2.1698
2.1694
2.17
2.1696
2.1698
2.1702
2.1698
2.1698
2.1702
2.1694
2.17
2.169
2.17
2.1698
2.169
2.1688
2.1694
2.169
2.17
2.1688
2.1692
2.1692
2.17
2.1696
2.1702
2.17
2.1702
2.169
2.1708
2.1702
2.1692
2.1694
2.1698
2.169
2.1692
2.1686
2.1692
2.1692
2.1692
2.1688
2.1698
2.1696
2.1692
2.1688
2.1702
2.1696
2.1688
2.1686
2.1694
2.17
2.1692
2.1698
2.1698
2.169
2.1692
2.1692
2.1694
2.17
2.1698
2.1688
2.17
2.1686
2.169
2.1694
2.1698
2.1702
2.1704
2.1692
2.1702
2.1696
2.1702
2.1692
2.1698
2.1696
2.1688
2.1692
2.1698
2.1696
2.1696
2.169
2.1694
2.1706
2.1694
2.1692
2.1702
2.1694
2.1696
2.169
2.1698
2.1696
2.1704
2.1698
2.1698
2.1694
2.169
2.1684
2.1698
2.1696
2.1692
2.1694
2.1694
2.1698
2.1702
2.1694
2.1694
2.169
2.1692
2.1692
2.1694
2.1694
2.1694
2.1688
2.1704
2.1694
2.1688
2.1688
2.1686
2.1702
2.1688
2.1694
2.17
2.1696
2.1686
2.1696
2.1702
2.169
2.169
2.1686
2.1692
2.1696
2.1698
2.1698
2.1702
2.1696
2.1708
2.1694
2.1706
2.1706
2.1706
2.1698
2.1698
2.1702
2.1698
2.1696
2.1696
2.1698
2.1698
2.1692
2.1702
2.1706
2.169
2.1696
2.1706
2.17
2.1704
2.1692
2.1704
2.1694
2.1686
2.169
2.1698
2.1692
2.17
2.169
2.1704
2.1704
2.169
2.169
2.1698
2.17
2.1696
2.1692
2.17
2.1698
2.1696
2.1692
2.1698
2.17
2.1702
2.1696
2.1702
2.1694
2.1696
2.1698
2.1696
2.1692
2.1684
2.1686
2.1698
2.1698
2.169
2.1694
2.1692
2.1702
2.1696
2.1698
2.1696
2.1698
2.1694
2.1688
2.1704
2.1704
2.1692
2.1694
2.1708
2.1704
2.1704
2.1692
2.1704
2.1702
2.1694
2.1696
2.1698
2.1694
2.1694
2.1694
2.17
2.171
2.1702
2.1692
2.1694
2.1694
2.1698
2.169
2.1698
2.1702
2.1702
2.1692
2.1702
2.1696
2.1704
2.1692
2.17
2.17
2.17
2.169
2.1694
2.1696
2.1694
2.169
2.17
2.1696
2.1704
2.1696
2.1694
2.17
2.17
2.1692
2.1712
2.1696
2.1694
2.1686
2.17
2.17
2.1698
2.1704
2.1708
2.1698
2.1692
2.169
2.1702
2.1696
2.1698
2.1698
2.169
2.1694
2.1692
2.1698
2.1708
2.1702
2.1692
2.1694
2.1694
2.1698
2.1698
2.1688
2.1696
2.169
2.1698
2.17
2.1696
2.169
2.1696
2.1696
2.1698
2.1696
2.1704
2.1698
2.1702
2.1698
2.1692
2.1694
2.1702
2.1696
2.1704
2.17
2.169
2.1694
2.1688
2.17
2.1698
2.1692
2.1696
2.1698
2.1698
2.1704
2.1704
2.1694
2.1702
2.17
2.1694
2.17
2.1696
2.1692
2.1688
2.169
2.1698
2.1692
2.1698
2.1696
2.1694
2.17
2.1698
2.1692
2.1704
2.17
2.1688
2.1692
2.17
2.1696
2.1692
2.1692
2.1696
2.1698
2.1692
2.1688
2.1698
2.1688
2.1694
2.169
2.1706
2.1712
2.1702
2.1696
2.1704
2.1702
2.1702
2.1696
2.17
2.17
2.1698
2.1696
2.1698
2.1694
2.1688
2.1696
2.1692
2.17
2.1694
2.169
2.169
2.1692
2.1704
2.1698
2.17
2.17
2.1694
2.1688
2.1692
2.168
2.1696
2.17
2.1706
2.1698
2.1692
2.1692
2.169
2.1702
2.1692
2.1696
2.1706
2.1702
2.17
2.1692
2.169
2.1696
2.1694
2.169
2.17
2.1706
2.169
2.169
2.1698
2.1688
2.1688
2.169
2.1696
2.17
2.1694
2.17
2.1698
2.17
2.1696
2.1688
2.1704
2.1702
2.1686
2.1692
2.1698
2.1698
2.1694
2.1692
2.1694
2.1698
2.1694
2.1698
2.1704
2.1706
2.17
2.1698
2.1696
2.1694
2.1696
2.1688
2.1686
2.1696
2.1694
2.169
2.17
2.1692
2.1692
2.1694
2.1696
2.1702
2.1694
2.1698
2.1702
2.1698
2.1698
2.169
2.1708
2.1702
2.1696
2.1698
2.1698
2.169
2.1694
2.1688
2.1696
2.1694
2.1686
2.169
2.1692
2.169
2.1686
2.1676
2.1704
2.1694
2.169
2.1688
2.1694
2.1686
2.1694
2.169
2.1692
2.1698
2.1692
2.1694
2.1696
2.1694
2.1674
2.169
2.1712
2.1692
2.1698
2.1688
2.1692
2.1698
2.1696
2.1694
2.1696
2.1702
2.1696
2.1696
2.1694
2.17
2.1698
2.1696
2.1702
2.1692
2.169
2.1684
2.1684
2.1696
2.1694
2.1694
2.1692
2.1696
2.17
2.1684
2.1692
2.1694
2.1702
2.1696
2.1692
2.1702
2.1702
2.1692
2.1698
2.169
2.169
2.169
2.169
2.1698
2.17
2.1686
2.1704
2.1698
2.1696
2.1692
2.169
2.1702
2.1694
2.169
2.1692
2.1686
2.1692
2.1698
2.1694
2.1702
2.17
2.1682
2.1688
2.169
2.1686
2.1698
2.1698
2.169
2.1688
2.1698
2.1698
2.169
2.1696
2.1698
2.1698
2.1704
2.1694
2.1694
2.1702
2.1694
2.1696
2.1686
2.1694
2.1696
2.1688
2.1682
2.169
2.1692
2.17
2.1688
2.1698
2.1696
2.1694
2.1688
2.1694
2.1696
2.1702
2.1692
2.1698
2.1698
2.1694
2.169
2.17
2.1694
2.1696
2.1686
2.1688
2.1696
2.169
2.1692
2.1692
2.1698
2.17
2.1686
2.1692
2.1698
2.1692
2.1694
2.169
2.17
2.1694
2.169
2.17
2.1698
2.169
2.1692
2.1696
2.17
2.1688
2.169
2.1702
2.1704
2.1692
2.1696
2.1698
2.1696
2.1704
2.1698
2.1696
2.1688
2.1696
2.1688
2.1698
2.17
2.1686
2.169
2.1698
2.169
2.1698
2.169
2.1702
2.1694
2.169
2.1692
2.1694
2.17
2.1694
2.169
2.17
2.1692
2.169
2.1686
2.1698
2.1698
2.1698
2.1688
2.1702
2.1694
2.1692
2.1696
2.1702
2.1694
2.1688
2.1686
2.1692
2.1688
2.1702
2.169
2.1692
2.1702
2.1692
2.1694
2.17
2.1694
2.1696
2.169
2.1702
2.17
2.1698
2.17
2.1698
2.1698
2.1694
2.1694
2.1704
2.1696
2.17
2.1692
2.1696
2.1692
2.1696
2.1692
2.1702
2.1692
2.1694
2.1692
2.1688
2.1692
2.17
2.1684
2.1696
2.1698
2.1698
2.1694
2.1702
2.1696
2.1702
2.169
2.1694
2.1698
2.1696
2.1694
2.1694
2.1694
2.1692
2.1688
2.17
2.1692
2.17
2.1694
2.169
2.1692
2.1698
2.1688
2.1704
2.17
2.1696
2.1694
2.17
2.1702
2.17
2.1692
2.1692
2.1698
2.17
2.1692
2.1704
2.1696
2.17
2.1686
2.1688
2.1688
2.1696
2.169
2.1692
2.1696
2.1686
2.1684
2.1696
2.1692
2.1692
2.1688
2.1694
2.17
2.1692
2.1694
2.1704
2.17
2.17
2.1692
2.1696
2.1694
2.169
2.169
2.1702
2.1698
2.169
2.169
2.169
2.1698
2.1698
2.169
2.1702
2.1708
2.1688
2.1698
2.1696
2.1688
2.1696
2.1694
2.1694
2.1692
2.169
2.17
2.17
2.1692
2.1694
2.1692
2.17
2.17
2.1694
2.1694
2.1702
2.1698
2.1694
2.1688
2.1694
2.1684
2.1698
2.1698
2.17
2.1702
2.1686
2.169
2.1698
2.1694
2.1694
2.17
2.1698
2.1702
2.1692
2.1692
2.1702
2.1694
2.1696
2.169
2.1698
2.1696
2.1696
2.169
2.1706
2.17
2.1692
2.169
2.1702
2.1696
2.1694
2.1694
2.17
2.1696
2.17
2.1692
2.1698
2.1696
2.1694
2.169
2.1704
2.1692
2.1698
2.1688
2.1698
2.169
2.1686
2.1688
2.1694
2.1692
2.1698
2.1676
2.1694
2.1694
2.1688
2.1686
2.1692
2.1694
2.1688
2.169
2.17
2.1694
2.1694
2.1694
2.17
2.1696
2.1694
2.1682
2.17
2.169
2.1684
2.1694
2.1696
2.1694
2.1694
2.168
2.1692
2.1686
2.1692
2.1692
2.169
2.1694
2.1698
2.1676
2.1694
2.1698
2.169
2.1686
2.169
2.1694
2.1688
2.1688
2.17
2.1694
2.1696
2.1692
2.1698
2.1692
2.1686
2.1674
2.1694
2.169
2.1696
2.1688
2.1696
2.1702
2.1684
2.1692
2.1696
2.1696
2.1696
2.1694
2.1702
2.1698
2.1684
2.1684
2.1696
2.1686
2.1702
2.169
2.169
2.1696
2.1686
2.1694
2.17
2.1686
2.17
2.1684
2.1688
2.1696
2.1684
2.1684
2.1694
2.1692
2.1694
2.169
2.1696
2.1696
2.1692
2.1694
2.1696
2.1692
2.169
2.1682
2.1698
2.1694
2.1682
2.1692
2.1692
2.1692
2.1694
2.1674
2.1696
2.17
2.1694
2.1694
2.1698
2.1696
2.1694
2.1688
2.1698
2.1686
2.1696
2.1688
2.1692
2.1704
2.169
2.1688
2.1706
2.1694
2.1688
2.1684
2.1686
2.1692
2.1698
2.1682
2.1698
2.1698
2.1694
2.169
2.1696
2.1692
2.1686
2.168
2.169
2.169
2.1694
2.1686
2.17
2.169
2.1692
2.1692
2.1684
2.1686
2.1686
2.1694
2.1706
2.1688
2.1696
2.1692
2.1708
2.1692
2.1692
2.1692
2.1692
2.169
2.168
2.1694
2.1702
2.1704
2.1692
2.1694
2.1692
2.1692
2.1682
2.1684
2.1692
2.1694
2.1696
2.169
2.1692
2.1694
2.1692
2.169
2.1692
2.169
2.1686
2.1688
2.1704
2.1686
2.1692
2.169
2.1692
2.1682
2.1684
2.1688
2.1692
2.1684
2.1686
2.1682
2.1686
2.1694
2.1692
2.1686
2.1692
2.1682
2.1682
2.1686
2.1686
2.1694
2.1684
2.1678
2.1688
2.1686
2.1682
2.169
2.1694
2.1688
2.1684
2.1686
2.169
2.1692
2.1684
2.1684
2.1686
2.1686
2.1686
2.1694
2.1692
2.1694
2.1688
2.1688
2.1694
2.1698
2.1696
2.169
2.169
2.1686
2.169
2.1684
2.1694
2.1692
2.1688
2.1686
2.1686
2.169
2.1688
2.1678
2.1688
2.1694
2.1698
2.1688
2.169
2.1698
2.1676
2.1688
2.1702
2.1688
2.1686
2.1688
2.1682
2.1694
2.1688
2.169
2.1686
2.169
2.1688
2.1684
2.1684
2.1694
2.1684
2.1684
2.1684
2.169
2.1686
2.1678
2.1692
2.169
2.1682
2.168
2.1692
2.169
2.169
2.1684
2.1696
2.1686
2.1692
2.1684
2.169
2.1692
2.1698
2.1684
2.169
2.1688
2.1682
2.1672
2.1684
2.1688
2.1684
2.1684
2.1692
2.1684
2.1686
2.1688
2.1688
2.1688
2.1686
2.169
2.1694
2.168
2.1678
2.1682
2.1686
2.1692
2.1684
2.1692
2.1684
2.169
2.1688
2.1686
2.1684
2.1694
2.1688
2.169
2.1698
2.1688
2.1684
2.1688
2.168
2.1688
2.167
2.1674
2.1688
2.1672
2.1684
2.1678
2.168
2.169
2.1684
2.1674
2.1692
2.1682
2.1686
2.168
2.169
2.1688
2.1682
2.1684
2.1688
2.1684
2.168
2.1676
2.1686
2.169
2.168
2.1684
2.169
2.169
2.1688
2.1678
2.1686
2.1682
2.1684
2.1686
