2.1462
2.146
2.1466
2.1464
2.1458
2.1472
2.1468
2.1464
2.1456
2.1456
2.146
2.1468
2.1458
2.147
2.1468
2.146
2.1474
2.1472
2.1466
2.147
2.1462
2.1474
2.1472
2.1476
2.1468
2.1472
2.1466
2.1472
2.1464
2.1468
2.1472
2.1466
2.1458
2.1462
2.1458
2.147
2.1464
2.1464
2.147
2.1462
2.1464
2.1476
2.1474
2.1466
2.1462
2.1472
2.1474
2.147
2.1462
2.1474
2.147
2.1462
2.147
2.1476
2.147
2.1464
2.1458
2.147
2.1468
2.146
2.1466
2.1474
2.1464
2.1468
2.1466
2.1478
2.1476
2.1472
2.1466
2.1472
2.1472
2.1464
2.1462
2.1476
2.1476
2.1468
2.147
2.1482
2.147
2.1472
2.1468
2.1478
2.1472
2.1466
2.146
2.1472
2.147
2.1472
2.1472
2.1474
2.1468
2.1472
2.1466
2.1464
2.147
2.1478
2.1458
2.1468
2.1474
2.1472
2.1468
2.147
2.147
2.1468
2.147
2.1488
2.1466
2.1478
2.1472
2.1472
2.1478
2.1478
2.1466
2.1476
2.1472
2.1466
2.1466
2.1474
2.1474
2.1478
2.147
2.1472
2.1478
2.1476
2.1466
2.147
2.1482
2.1468
2.1466
2.1478
2.1478
2.1472
2.1472
2.1478
2.1484
2.1478
2.1476
2.1476
2.1468
2.1488
2.1468
2.1476
2.148
2.1468
2.1482
2.1476
2.147
2.1476
2.1466
2.1478
2.1472
2.148
2.1478
2.1478
2.1476
2.1468
2.1472
2.148
2.148
2.1478
2.1472
2.1484
2.1478
2.1488
2.1476
2.1478
2.1474
2.1486
2.1482
2.148
2.1486
2.1482
2.1472
2.1482
2.1476
2.1482
2.1476
2.1478
2.1488
2.1476
2.1468
2.1486
2.1484
2.149
2.1476
2.1478
2.1478
2.1472
2.148
2.1484
2.148
2.1484
2.1474
2.1486
2.148
2.1478
2.147
2.1476
2.1474
2.1484
2.1468
2.1486
2.1492
2.1484
2.1482
2.1476
2.1476
2.148
2.147
2.1496
2.1486
2.1488
2.1488
2.1488
2.1492
2.1484
2.1472
2.1478
2.1482
2.148
2.1478
2.1484
2.1478
2.149
2.1478
2.1486
2.148
2.1474
2.1476
2.148
2.1476
2.1486
2.1476
2.1488
2.1492
2.1496
2.149
2.1498
2.149
2.1486
2.148
2.15
2.1488
2.1492
2.1482
2.148
2.149
2.1488
2.148
2.1478
2.148
2.1484
2.1482
2.1476
2.149
2.1488
2.148
2.1486
2.1472
2.148
2.1478
2.148
2.1478
2.1476
2.1488
2.1486
2.1484
2.1476
2.1476
2.149
2.149
2.1478
2.1488
2.1488
2.1484
2.1486
2.1476
2.1482
2.148
2.1476
2.1476
2.1482
2.1482
2.1482
2.1476
2.1494
2.1488
2.1486
2.1474
2.1488
2.1482
2.1486
2.1492
2.1484
2.148
2.1482
2.1476
2.148
2.148
2.1488
2.1488
2.149
2.1494
2.1482
2.1486
2.1486
2.1488
2.1484
2.1472
2.1492
2.1476
2.147
2.147
2.1478
2.148
2.1472
2.1482
2.1482
2.1478
2.1484
2.1476
2.1486
2.1478
2.1486
2.1482
2.149
2.1482
2.1492
2.1478
2.1482
2.1482
2.1478
2.1468
2.1486
2.1486
2.1484
2.147
2.1482
2.1482
2.1484
2.1472
2.1486
2.1486
2.1482
2.1468
2.1484
2.148
2.1486
2.1484
2.1482
2.1488
2.1494
2.1478
2.1486
2.1484
2.1474
2.1482
2.1486
2.1486
2.1482
2.1482
2.1486
2.148
2.1474
2.1476
2.1488
2.1474
2.1484
2.1476
2.1482
2.1486
2.1484
2.1472
2.1486
2.1478
2.148
2.148
2.1496
2.149
2.1486
2.1476
2.1484
2.148
2.1476
2.1472
2.1486
2.1488
2.1476
2.148
2.1488
2.148
2.1486
2.148
2.1486
2.1494
2.1482
2.1472
2.1494
2.1484
2.1486
2.1488
2.1488
2.1488
2.1488
2.1482
2.1484
2.148
2.1482
2.1476
2.1492
2.1482
2.148
2.1478
2.1482
2.1484
2.1484
2.1474
2.1492
2.1494
2.148
2.148
2.1486
2.1484
2.1488
2.1478
2.149
2.1482
2.1484
2.1476
2.1486
2.1482
2.1484
2.1478
2.149
2.1492
2.1476
2.147
2.148
2.1476
2.1486
2.1474
2.1486
2.148
2.1474
2.1468
2.148
2.1482
2.1484
2.1472
2.1486
2.1486
2.1486
2.1478
2.1488
2.148
2.1474
2.148
2.149
2.148
2.1478
2.1474
2.1486
2.1482
2.1488
2.1474
2.1482
2.1476
2.1466
2.1472
2.1476
2.1482
2.1472
2.1474
2.1492
2.1478
2.148
2.1466
2.1488
2.1484
2.1484
2.148
2.1486
2.1482
2.149
2.148
2.1486
2.148
2.1478
2.1478
2.1472
2.1476
2.148
2.1472
2.1478
2.148
2.148
2.1476
2.1484
2.1476
2.1474
2.147
2.148
2.1478
2.1486
2.1474
2.148
2.1476
2.1478
2.1468
2.1478
2.1482
2.1476
2.1474
2.1484
2.149
2.1474
2.1474
2.1486
2.148
2.1482
2.1478
2.148
2.1478
2.1474
2.1472
2.149
2.1476
2.1486
2.1476
2.1474
2.1476
2.148
2.1476
2.1488
2.1476
2.1478
2.1476
2.1486
2.1472
2.1472
2.147
2.1476
2.1484
2.1486
2.1468
2.1476
2.1484
2.1468
2.1472
2.1476
2.1478
2.1472
2.1478
2.1476
2.148
2.1474
2.1462
2.1476
2.1474
2.1468
2.1468
2.148
2.147
2.1478
2.1476
2.1482
2.148
2.1482
2.1478
2.1482
2.148
2.148
2.1484
2.1488
2.1474
2.1474
2.146
2.1478
2.1478
2.1478
2.1464
2.1478
2.1474
2.1468
2.1464
2.1474
2.1474
2.1476
2.1464
2.1464
2.1474
2.1484
2.1472
2.148
2.1474
2.1486
2.1462
2.1468
2.1482
2.1476
2.1466
2.1482
2.1466
2.1482
2.148
2.1476
2.148
2.147
2.1474
2.1474
2.1474
2.1474
2.147
2.1478
2.147
2.1468
2.1466
2.1478
2.147
2.1482
2.1468
2.147
2.1474
2.1478
2.1472
2.147
2.1478
2.148
2.1464
2.1474
2.1474
2.1464
2.147
2.1478
2.147
2.1474
2.146
2.1472
2.1466
2.1482
2.1466
2.148
2.1478
2.147
2.1474
2.1484
2.1468
2.1482
2.1466
2.1468
2.1472
2.1468
2.1468
2.1478
2.1476
2.1472
2.147
2.1478
2.1484
2.1476
2.1464
2.1484
2.1474
2.1478
2.1464
2.148
2.1478
2.1472
2.1482
2.1474
2.148
2.1484
2.1462
2.1468
2.1478
2.1468
2.1466
2.1472
2.1472
2.147
2.1464
2.1476
2.1466
2.1468
2.1462
2.1472
2.1476
2.1464
2.1468
2.1476
2.1476
2.1472
2.147
2.1468
2.1466
2.1478
2.1474
2.1472
2.1478
2.1468
2.1468
2.147
2.1476
2.1476
2.147
2.1474
2.148
2.1482
2.1464
2.1476
2.1478
2.1466
2.1478
2.1486
2.1482
2.1478
2.1474
2.147
2.147
2.1478
2.1474
2.1472
2.148
2.148
2.1466
2.1476
2.1482
2.1466
2.148
2.1478
2.1482
2.147
2.1472
2.1484
2.1476
2.1476
2.1476
2.1474
2.1472
2.1474
2.147
2.1486
2.1474
2.147
2.1474
2.1474
2.1474
2.1484
2.1468
2.1466
2.1478
2.1472
2.148
2.1476
2.1476
2.1482
2.1476
2.1484
2.1484
2.1478
2.1476
2.1486
2.1478
2.1484
2.147
2.1478
2.1476
2.1472
2.147
2.1478
2.148
2.148
2.1474
2.1482
2.148
2.1482
2.1482
2.1476
2.1476
2.1474
2.1468
2.1482
2.1474
2.1484
2.1476
2.148
2.1474
2.1482
2.1468
2.1482
2.1474
2.148
2.1482
2.1484
2.1476
2.1486
2.1482
2.1488
2.148
2.1478
2.1466
2.1476
2.1474
2.1476
2.1476
2.148
2.1476
2.1474
2.148
2.1496
2.148
2.1478
2.1466
2.1478
2.1478
2.148
2.1474
2.148
2.1482
2.1486
2.148
2.1488
2.1478
2.148
2.1482
2.1484
2.1482
2.1486
2.1484
2.1482
2.1472
2.1472
2.1478
2.1486
2.1476
2.1478
2.148
2.1484
2.1472
2.1486
2.1482
2.1482
2.1474
2.1472
2.1472
2.1484
2.1484
2.148
2.1476
2.1484
2.1474
2.1476
2.1474
2.1482
2.1478
2.148
2.1478
2.1474
2.1484
2.147
2.1472
2.1486
2.1474
2.1472
2.1472
2.148
2.1482
2.1478
2.1472
2.1482
2.1478
2.1484
2.1476
2.1476
2.1472
2.1478
2.148
2.1488
2.1476
2.1488
2.1478
2.1484
2.1474
2.1476
2.147
2.1478
2.1478
2.1478
2.1472
2.1488
2.1472
2.1472
2.1472
2.1478
2.1482
2.148
2.1468
2.1476
2.1478
2.148
2.1476
2.1474
2.1476
2.1484
2.147
2.1478
2.1472
2.1472
2.1482
2.1478
2.149
2.149
2.1472
2.1492
2.148
2.1482
2.1482
2.1478
2.147
2.1472
2.1478
2.1482
2.1474
2.1484
2.1466
2.147
2.1476
2.1472
2.147
2.148
2.147
2.1474
2.147
2.1472
2.1486
2.1484
2.1472
2.148
2.1476
2.1482
2.1476
2.1482
2.1472
2.148
2.1476
2.1478
2.1488
2.1476
2.1476
2.1478
2.1478
2.1482
2.1474
2.1476
2.1478
2.149
2.1474
2.148
2.1482
2.1476
2.1478
2.1486
2.1478
2.1484
2.148
2.1476
2.1482
2.1474
2.1472
2.1482
2.1472
2.148
2.1476
2.148
2.1478
2.1482
2.148
2.1472
2.148
2.147
2.147
2.1472
2.1474
2.1484
2.1482
2.1486
2.1494
2.1476
2.1472
2.149
2.1486
2.1482
2.1472
2.1474
2.1476
2.147
2.147
2.1476
2.1468
2.1468
2.1468
2.1476
2.148
2.147
2.1474
2.1478
2.1476
2.1476
2.1474
2.1478
2.1474
2.1466
2.1474
2.1468
2.1474
2.1482
2.1472
2.1478
2.1482
2.147
2.1476
2.1486
2.1474
2.148
2.1476
2.148
2.148
2.1476
2.1478
2.1478
2.1466
2.1464
2.147
2.1482
2.1478
2.1472
2.1474
2.1474
2.1474
2.1478
2.1464
2.1482
2.1474
2.1478
2.1476
2.148
2.1478
2.147
2.1476
2.1478
2.1474
2.148
2.1478
2.1476
2.1486
2.147
2.1468
2.148
2.147
2.1478
2.147
2.1476
2.1468
2.147
2.1478
2.1476
2.147
2.147
2.147
2.148
2.1472
2.1464
2.1472
2.1478
2.147
2.1486
2.1464
2.1474
2.1476
2.1476
2.1478
2.1468
2.147
2.147
2.1474
2.1478
2.1474
2.1476
2.1472
2.148
2.1488
2.1484
2.1476
2.148
2.1468
2.147
2.1474
2.1476
2.1474
2.148
2.1466
2.1474
2.1476
2.1472
2.147
2.1472
2.1474
2.1474
2.1474
2.1482
2.1478
2.1478
2.148
2.1472
2.1484
2.1472
2.1466
2.1478
2.148
2.1482
2.1478
2.1482
2.1478
2.1478
2.1472
2.1472
2.148
2.1474
2.1472
2.1474
2.1486
2.1484
2.148
2.1472
2.1474
2.1484
2.1474
2.1478
2.1478
2.1472
2.147
2.1476
2.1474
2.1474
2.1472
2.147
2.1478
2.1478
2.1482
2.1482
2.1482
2.148
2.147
2.148
2.1474
2.147
2.147
2.1482
2.1478
2.1468
2.1468
2.1482
2.1474
2.147
2.1472
2.1472
2.1476
2.1472
2.1474
2.1476
2.1478
2.1474
2.1472
2.1476
2.1476
2.1468
2.1472
2.1474
2.1474
2.1476
2.1472
2.1472
2.1478
2.1472
2.1472
2.148
2.1472
2.147
2.1466
2.1478
2.1472
2.148
2.1468
2.1474
2.1474
2.1478
2.1476
2.1482
2.1478
2.148
2.147
2.1466
2.1478
2.1478
2.148
2.1476
2.147
2.1466
2.1478
2.1472
2.1476
2.1478
2.148
2.1486
2.148
2.1478
2.1468
2.1478
2.1478
2.148
2.1472
2.1478
2.148
2.148
2.1474
2.1476
2.1474
2.148
2.1474
2.1478
2.147
2.148
2.1472
2.1476
2.1488
2.147
2.1476
2.1472
2.147
2.1482
2.1466
2.1474
2.148
2.147
2.1466
2.1482
2.1472
2.1484
2.147
2.148
2.147
2.148
2.1474
2.1476
2.1488
2.1478
2.1466
2.148
2.1482
2.1476
2.1476
2.1468
2.147
2.1476
2.1474
2.1478
2.1474
2.1474
2.1468
2.1472
2.1472
2.1478
2.1476
2.1484
2.1478
2.1472
2.1478
2.147
2.1476
2.1474
2.1472
2.1482
2.147
2.1486
2.1474
2.148
2.1484
2.1484
2.1476
2.1496
2.1484
2.1486
2.148
2.1474
2.147
2.1474
2.1472
2.1478
2.1474
2.1486
2.1472
2.1476
2.1482
2.1468
2.1474
2.148
2.1478
2.148
2.1472
2.1484
2.1484
2.148
2.1478
2.1484
2.1478
2.1478
2.1474
2.1486
2.1486
2.1476
2.1482
2.1486
2.1478
2.1484
2.1478
2.149
2.1476
2.1472
2.1482
2.1478
2.1484
2.1472
2.1476
2.1486
2.148
2.1478
2.1484
2.1478
2.148
2.1484
2.1478
2.1488
2.1482
2.148
2.1478
2.1482
2.1478
2.1474
2.1482
2.1484
2.1476
2.1486
2.1474
2.148
2.1486
2.1484
2.1474
2.148
2.1482
2.1478
2.1478
2.1484
2.1484
2.148
2.1482
2.1482
2.1486
2.1484
2.1478
2.1488
2.1484
2.1478
2.148
2.1476
2.1484
2.1476
2.1476
2.1494
2.1476
2.1482
2.1484
2.1486
2.1488
2.1476
2.1472
2.1482
2.1478
2.1486
2.148
2.1476
2.149
2.1474
2.1478
2.1486
2.1478
2.1486
2.1476
2.1486
2.1488
2.1482
2.147
2.1486
2.1482
2.1482
2.1488
2.1482
2.1478
2.1482
2.148
2.1492
2.1478
2.1486
2.148
2.1486
2.1484
2.1474
2.1474
2.148
2.1472
2.1482
2.1474
2.1474
2.1482
2.1472
2.1478
2.1482
2.147
2.148
2.1476
2.1478
2.1492
2.1476
2.1474
2.1478
2.1482
2.1472
2.1468
2.1474
2.1474
2.1494
2.1472
2.1482
2.148
2.1482
2.1476
2.1486
2.1478
2.1482
2.1482
2.1488
2.148
2.148
2.1476
2.148
2.1484
2.1488
2.1478
2.1484
2.148
2.1478
2.1476
2.1486
2.1474
2.1476
2.148
2.148
2.1482
2.1472
2.1476
2.1478
2.1478
2.147
2.1472
2.1476
2.1486
2.1476
2.1482
2.1482
2.1478
2.149
2.146
2.1486
2.1472
2.1478
2.148
2.1486
2.1474
2.1484
2.1466
2.1482
2.1474
2.1476
2.1476
2.1482
2.1484
2.1478
2.1472
2.1474
2.1474
2.1474
2.1478
2.147
2.1482
2.1472
2.1476
2.1478
2.1472
2.1482
2.1472
2.1472
2.1474
2.1466
2.147
2.1478
2.1478
2.1486
2.1468
2.1478
2.1472
2.1474
2.1474
2.147
2.1474
2.1478
2.1472
2.1464
2.1482
2.148
2.1472
2.1474
2.1468
2.1468
2.1472
2.1476
2.1476
2.1478
2.1476
2.148
2.1478
2.1478
2.1468
2.148
2.1478
2.1468
2.1472
2.1476
2.1472
2.1482
2.147
2.1476
2.1474
2.147
2.1474
2.1472
2.147
2.1468
2.1468
2.1472
2.1474
2.1476
2.147
2.1472
2.1474
2.1476
2.147
2.1476
2.1462
2.1474
2.1472
2.1472
2.1476
2.1466
2.1472
2.1484
2.147
2.1476
2.1476
2.1466
2.1476
2.1466
2.1466
2.1472
2.1468
2.147
2.1466
2.1474
2.1478
2.1464
2.1464
2.1478
2.1474
2.1484
2.147
2.1472
2.1478
2.1464
2.1478
2.148
2.1472
2.1468
2.1466
2.1472
2.1474
2.1474
2.1464
2.1468
2.1476
2.1478
2.1472
2.1482
2.1474
2.1468
2.1474
2.1468
2.1472
2.1468
2.1464
2.1476
2.1474
2.1472
2.1472
2.1468
2.1476
2.1466
2.1468
2.1476
2.1474
2.1476
2.1462
2.1472
2.1464
2.147
2.1462
2.1468
2.1464
2.1468
2.1468
2.1482
2.1478
2.146
2.1476
2.147
2.1472
2.1478
2.1466
2.1468
2.147
2.1462
2.1462
2.147
2.1472
2.147
2.1464
2.1476
2.1476
2.1456
2.1464
2.147
2.1462
2.1474
2.1472
2.148
2.1474
2.1464
2.1466
2.1468
2.147
2.1474
2.146
2.1474
2.147
2.1474
2.1466
2.1468
2.147
2.1472
2.1462
2.147
2.1474
2.148
2.1468
2.1468
2.1474
2.1482
2.1462
2.1468
2.1466
2.1454
2.1462
2.1474
2.1472
2.1468
2.1458
2.1476
2.1466
2.1464
2.1466
2.146
2.1468
2.1462
2.1456
2.1468
2.147
2.1464
2.1462
2.1472
2.1474
2.1462
2.1466
2.147
2.1474
2.1484
2.1468
2.147
2.147
2.1474
2.1464
2.147
2.1466
2.1466
2.1474
2.148
2.1476
2.1468
2.1468
2.1464
2.147
2.1472
2.1458
2.1474
2.147
2.146
2.1468
2.1464
2.1472
2.1478
2.1464
2.1476
2.1476
2.1474
2.1474
2.1468
2.1476
2.1474
2.1464
2.148
2.1466
2.1474
2.1466
2.1462
2.1468
2.147
2.1466
2.1478
2.1466
2.1472
2.1466
2.1474
2.148
2.147
2.1468
2.1474
2.147
2.1484
2.147
2.147
2.1468
2.1478
2.1472
2.1476
2.1466
2.1476
2.1462
2.1474
2.1484
2.147
2.1474
2.1478
2.1472
2.1478
2.1466
2.1472
2.1474
2.1472
2.1462
2.1478
2.1474
2.148
2.1466
2.1476
2.1468
2.1474
2.1472
2.1468
2.1468
2.147
2.1456
2.1462
2.146
2.1464
2.1464
2.1466
2.1458
2.1458
2.145
2.1458
2.1452
2.1448
2.1444
2.144
2.1446
2.1434
2.1438
2.1442
2.1438
2.1438
2.1426
2.1424
2.1428
2.1414
2.1408
2.1408
2.1402
2.1404
2.1398
2.1388
2.1394
2.1386
2.1388
2.139
2.1372
2.1364
2.1356
2.1358
2.135
2.135
2.1334
2.134
2.132
2.1322
2.1322
2.1308
2.1306
2.129
2.1274
2.1284
2.1266
2.1272
2.1244
2.1252
2.1234
2.1216
2.1214
2.1208
2.1188
2.1196
2.1172
2.1168
2.1154
2.1144
2.1124
2.1122
2.1108
2.1092
2.1078
2.107
2.106
2.105
2.102
2.1026
2.1008
2.0984
2.0974
2.0972
2.0944
2.0932
2.092
2.0902
2.0878
2.0868
2.0848
2.0846
2.0806
2.0798
2.0776
2.0774
2.0742
2.0724
2.0706
2.0698
2.067
2.0654
2.0636
2.0614
2.06
2.0568
2.0542
2.0534
2.0502
2.0494
2.0458
2.0444
2.0412
2.0392
2.0368
2.035
2.0328
2.031
2.028
2.0262
2.0238
2.0208
2.0178
2.0166
2.0136
2.0116
2.0082
2.0066
2.0038
2.0014
1.9988
1.9964
1.9942
1.9914
1.9898
1.9868
1.9832
1.9806
1.9782
1.975
1.9718
1.9698
1.9672
1.9648
1.961
1.9588
1.9564
1.9534
1.9506
1.9496
1.9456
1.9436
1.9402
1.9382
1.9358
1.9318
1.9288
1.9272
1.924
1.9228
1.9184
1.9162
1.9132
1.9116
1.9084
1.9052
1.9028
1.9004
1.8966
1.894
1.8918
1.8896
1.8876
1.8826
1.8812
1.8792
1.8754
1.873
1.8702
1.8684
1.8644
1.8612
1.86
1.8574
1.8544
1.851
1.8484
1.8464
1.8432
1.8416
1.8384
1.8366
1.8336
1.8316
1.828
1.8272
1.8234
1.8204
1.8178
1.8158
1.8132
1.8112
1.8088
1.8068
1.8046
1.803
1.7998
1.798
1.7944
1.7914
1.7896
1.7876
1.7846
1.7826
1.7802
1.779
1.7762
1.7742
1.7722
1.7698
1.7682
1.7654
1.7632
1.7614
1.7588
1.756
1.7554
1.7524
1.7508
1.748
1.7466
1.7444
1.7426
1.7408
1.7396
1.7382
1.7352
1.7336
1.731
1.73
1.7262
1.7252
1.7242
1.7238
1.7196
1.7198
1.7182
1.716
1.7134
1.7122
1.7102
1.7088
1.7076
1.706
1.7046
1.7036
1.701
1.6994
1.6984
1.6966
1.695
1.6936
1.6932
1.6912
1.69
1.6882
1.6874
1.6862
1.6848
1.682
1.6824
1.6816
1.6786
1.6778
1.6764
1.6754
1.6754
1.6726
1.673
1.672
1.67
1.6698
1.6676
1.6676
1.667
1.6648
1.6654
1.6638
1.6628
1.662
1.6606
1.66
1.6592
1.6578
1.6576
1.6568
1.6562
1.6542
1.6542
1.655
1.6538
1.6522
1.6512
1.651
1.6506
1.6498
1.6492
1.65
1.6492
1.6482
1.6474
1.647
1.6462
1.645
1.6458
1.6458
1.6448
1.6444
1.6438
1.6438
1.6426
1.6424
1.6428
1.6424
1.642
1.6414
1.6414
1.6424
1.641
1.6406
1.6404
1.6418
1.6402
1.6402
1.6398
1.6412
1.6402
1.6398
1.64
1.6412
1.64
1.64
1.6398
1.641
1.6402
1.6404
1.6402
1.6414
1.6406
1.6404
1.641
1.6428
1.6422
1.6424
1.641
1.6432
1.6422
1.6432
1.6442
1.645
1.6446
1.6444
1.6452
1.6452
1.646
1.6458
1.6462
1.648
1.6484
1.6486
1.6486
1.6492
1.6498
1.65
1.6508
1.6514
1.652
1.6526
1.6528
1.6538
1.655
1.6552
1.6554
1.6574
1.6568
1.658
1.6584
1.6588
1.6608
1.6608
1.6608
1.662
1.6622
1.6644
1.664
1.6662
1.6664
1.666
1.668
1.669
1.6698
1.6706
1.6712
1.673
1.6736
1.6738
1.6748
1.676
1.6774
1.6778
1.679
1.6794
1.681
1.6814
1.6828
1.685
1.6856
1.6854
1.6864
1.688
1.689
1.69
1.691
1.6924
1.6932
1.6934
1.6946
1.6968
1.698
1.6984
1.6992
1.701
1.703
1.7042
1.7056
1.7068
1.7072
1.7086
1.7106
1.7116
1.7126
1.7132
1.716
1.717
1.7162
1.7188
1.7196
1.7216
1.7214
1.7236
1.7238
1.7274
1.7282
1.7294
1.7306
1.7328
1.7332
1.7346
1.7356
1.7378
1.7386
1.7414
1.7426
1.7444
1.7452
1.7468
1.7482
1.7496
1.751
1.7526
1.7534
1.7554
1.7574
1.7584
1.7598
1.7614
1.7636
1.764
1.766
1.768
1.7686
1.771
1.7722
1.7742
1.7756
1.7772
1.778
1.7798
1.7814
1.7832
1.784
1.7858
1.7876
1.7894
1.7906
1.7934
1.7936
1.7954
1.7974
1.7996
1.8012
1.8026
1.8034
1.8062
1.8066
1.8082
1.8108
1.8124
1.8132
1.8154
1.8166
1.8182
1.8202
1.8214
1.822
1.8252
1.825
1.8264
1.8294
1.8322
1.833
1.834
1.8348
1.8384
1.8388
1.8406
1.8416
1.8442
1.8462
1.8472
1.8492
1.8518
1.8508
1.8536
1.8546
1.8582
1.8594
1.8606
1.8616
1.8642
1.866
1.867
1.8686
1.8708
1.8718
1.873
1.8752
1.8774
1.8782
1.8798
1.882
1.8838
1.885
1.8866
1.889
1.8908
1.8918
1.893
1.8952
1.897
1.898
1.8996
1.9014
1.9038
1.9038
1.9066
1.9072
1.909
1.9112
1.9124
1.9148
1.9162
1.9174
1.9192
1.9198
1.9218
1.9242
1.9252
1.9264
1.9284
1.93
1.9316
1.9338
1.9356
1.935
1.9378
1.9402
1.9414
1.9418
1.9432
1.945
1.9472
1.9488
1.95
1.9524
1.9534
1.9544
1.9566
1.958
1.9598
1.961
1.963
1.9642
1.9662
1.967
1.9686
1.97
1.9716
1.9728
1.9746
1.9752
1.9782
1.9782
1.98
1.981
1.9828
1.9844
1.9852
1.9874
1.989
1.991
1.9926
1.9936
1.9952
1.9958
1.9976
1.9994
2.0012
2.0018
2.004
2.0044
2.006
2.0078
2.0088
2.0092
2.0134
2.0132
2.0144
2.0156
2.017
2.018
2.0196
2.021
2.0236
2.0238
2.024
2.0262
2.0272
2.0298
2.0302
2.0302
2.033
2.0332
2.0352
2.0362
2.0388
2.039
2.0396
2.0404
2.0436
2.0432
2.0446
2.0458
2.0478
2.0482
2.049
2.0502
2.0522
2.0536
2.0546
2.055
2.0574
2.0582
2.0586
2.0592
2.0622
2.0618
2.0638
2.0638
2.0666
2.0666
2.0684
2.0692
2.071
2.0722
2.073
2.074
2.0756
2.0754
2.077
2.0778
2.079
2.08
2.0814
2.0816
2.083
2.084
2.084
2.0854
2.0878
2.0874
2.089
2.0896
2.0918
2.0926
2.0924
2.0944
2.0966
2.0956
2.097
2.0974
2.0988
2.0996
2.1006
2.1008
2.1026
2.103
2.1026
2.1052
2.1062
2.1066
2.108
2.1074
2.1094
2.1108
2.1102
2.112
2.1134
2.1132
2.1148
2.1144
2.1156
2.1166
2.1182
2.118
2.1204
2.1194
2.1216
2.1212
2.1228
2.1238
2.1244
2.125
2.1266
2.126
2.1276
2.127
2.1284
2.1292
2.1298
2.1314
2.132
2.1326
2.1334
2.1332
2.1352
2.1354
2.1352
2.1366
2.1372
2.1378
2.1374
2.1384
2.1402
2.1398
2.14
2.1416
2.1424
2.1444
2.1444
2.1434
2.1446
2.1456
2.1458
2.1472
2.148
2.1484
2.1488
2.1492
2.1496
2.15
2.151
2.1518
2.152
2.1528
2.1528
2.1536
2.1552
2.1552
2.1558
2.1556
2.1566
2.1566
2.1566
2.1586
2.1584
2.1588
2.1584
2.1592
2.1612
2.1614
2.1624
2.1622
2.1626
2.1632
2.1634
2.1636
2.1642
2.1658
2.1656
2.1656
2.1676
2.1674
2.1676
2.1686
2.1682
2.1696
2.1692
2.1698
2.1706
2.1716
2.172
2.1716
2.173
2.173
2.1734
2.1742
2.1746
2.175
2.1752
2.1758
2.176
2.177
2.1772
2.178
2.1776
2.179
2.179
2.1782
2.1794
2.1794
2.1802
2.1802
2.18
2.1814
2.1816
2.1818
2.182
2.183
2.1822
2.183
2.1846
2.1838
2.184
2.1852
2.1854
2.1864
2.1872
2.1858
2.1868
2.187
2.1872
2.1874
2.188
2.1892
2.189
2.1884
2.189
2.1902
2.1902
2.1908
2.1916
2.191
2.1916
2.1922
2.1918
2.1918
2.1938
2.1924
2.1938
2.1942
2.1942
2.1946
2.1942
2.1956
2.1954
2.1958
2.1962
2.1962
2.196
2.198
2.1976
2.1974
2.1978
2.198
2.1984
2.1984
2.1988
2.1988
2.2
2.1994
2.2
2.2
2.2014
2.2016
2.2014
2.201
2.2014
2.2012
2.2014
2.2012
2.2024
2.2028
2.2022
2.203
2.2024
2.2036
2.2036
2.2032
2.204
2.2038
2.2048
2.2056
2.2052
2.206
2.2056
2.2046
2.2058
2.2066
2.207
2.2072
2.2068
2.2066
2.207
2.2074
2.2076
2.208
2.2084
2.2072
2.2082
2.2092
2.2084
2.2078
2.2094
2.2096
2.2082
2.2092
2.2094
2.21
2.2104
2.2096
2.2098
2.2112
2.2106
2.2102
2.2104
2.2112
2.2116
2.212
2.212
2.2116
2.2126
2.2112
2.2116
2.2126
2.2126
2.213
2.2134
2.212
2.213
2.212
2.2132
2.213
2.2132
2.2134
2.2134
2.2138
2.2148
2.2136
2.2156
2.2158
2.2146
2.215
2.2148
2.2158
2.216
2.215
2.2152
2.2152
2.2152
2.214
2.215
2.2154
2.2164
2.2146
2.2158
2.2164
2.2158
2.2156
2.2162
2.2166
2.217
2.2166
2.2166
2.2152
2.216
2.217
2.2174
2.2164
2.216
2.2164
2.2166
2.2168
2.2168
2.2162
2.2168
2.2168
2.2172
2.2164
2.2172
2.2176
2.2172
2.2168
2.2178
2.2174
2.2182
2.2172
2.2166
2.217
2.2168
2.2168
2.217
2.2174
2.217
2.2174
2.2174
2.2172
2.218
2.216
2.2178
2.2172
2.217
2.2174
2.2174
2.2166
2.2174
2.2158
2.217
2.217
2.2164
2.2168
2.2168
2.2166
2.2164
2.2158
2.2168
2.2174
2.216
2.2166
2.2158
2.2166
2.2168
2.2162
2.2164
2.2166
2.2168
2.2152
2.2152
2.2158
2.2154
2.215
2.2152
2.2146
2.2154
2.2146
2.2144
2.2146
2.214
2.2146
2.2154
2.2146
2.2136
2.213
2.214
2.2138
2.213
2.2136
2.2134
2.2126
2.2134
2.2128
2.2118
2.2124
2.2118
2.2126
2.212
2.2114
2.2116
2.211
2.2112
2.2114
2.211
2.2108
2.2112
2.211
2.2102
2.2096
2.209
2.2104
2.2094
2.2092
2.2094
2.2088
2.2082
2.208
2.2088
2.2078
2.2074
2.208
2.2074
2.2064
2.2074
2.2064
2.2072
2.2068
2.2064
2.2056
2.205
2.205
2.2054
2.206
2.2054
2.2048
2.2048
2.204
2.2038
2.2036
2.2028
2.2034
2.2028
2.2024
2.2026
2.2014
2.2018
2.2026
2.2016
2.2004
2.2016
2.201
2.2012
2.199
2.2004
2.1992
2.1996
2.1994
2.199
2.1986
2.1986
2.198
2.1978
2.197
2.1974
2.1976
2.1966
2.1956
2.196
2.1956
2.1956
2.1948
2.1946
2.1944
2.1946
2.1936
2.1936
2.1946
2.1938
2.1932
2.1928
2.192
2.1928
2.192
2.1914
2.1906
2.1908
2.1906
2.1902
2.191
2.1898
2.189
2.1886
2.1896
2.188
2.1888
2.1886
2.1878
2.1874
2.1882
2.187
2.186
2.1866
2.1862
2.1856
2.1856
2.185
2.186
2.1838
2.184
2.1846
2.1838
2.1834
2.1824
2.1834
2.1826
2.1816
2.1812
2.1814
2.1812
2.1808
2.1812
2.1798
2.18
2.18
2.1798
2.1788
2.179
2.1786
2.1778
2.1778
2.1774
2.1774
2.1764
2.1774
2.1764
2.175
2.175
2.1754
2.1746
2.175
2.175
2.1744
2.1738
2.174
2.1732
2.174
2.1736
2.1722
2.1726
2.1728
2.1718
2.1722
2.1724
2.1714
2.1714
2.1708
2.1698
2.1708
2.1694
2.1696
2.1698
2.1692
2.1692
2.1692
2.1688
2.1676
2.1686
2.1678
2.1674
2.167
2.1672
2.167
2.1666
2.1664
2.1668
2.166
2.1658
2.166
2.1658
2.1654
2.1652
2.1654
2.1656
2.164
2.1638
2.164
2.1634
2.163
2.163
2.1642
2.1632
2.1636
2.1628
2.1634
2.1628
2.162
2.1624
2.1626
2.1614
2.1614
2.161
2.1602
2.1614
2.1608
2.1598
2.1598
2.1596
2.1592
2.1586
2.1598
2.1594
2.1594
2.1588
2.1588
2.159
2.1596
2.158
2.158
2.1588
2.157
2.1574
2.1576
2.1578
2.158
2.156
2.156
2.1564
2.156
2.1564
2.1564
2.1568
2.1558
2.1558
2.1568
2.1558
2.1552
2.1556
2.1558
2.156
2.1548
2.1552
2.156
2.1554
2.1546
2.1548
2.1546
2.1552
2.1548
2.1538
2.155
2.1538
2.1536
2.1544
2.1542
2.1536
2.153
2.1518
2.1532
2.1536
2.1534
2.1534
2.1528
2.153
2.1524
2.1528
2.153
2.1524
2.1524
2.1522
2.1522
2.1524
2.1514
2.1518
2.1532
2.1514
2.1514
2.1508
2.1522
2.1526
2.1524
2.151
2.1522
2.152
2.152
2.151
2.1514
2.1512
2.1514
2.15
2.152
2.1516
2.1504
2.1506
2.1512
2.1508
2.1506
2.1506
2.1516
2.1508
2.1504
2.1494
2.1506
2.1506
2.1502
2.1506
2.1502
2.1506
2.1502
2.1496
2.1512
2.1508
2.1504
2.151
2.1512
2.1504
2.1506
2.1498
2.1504
2.1508
2.1506
2.1496
2.1502
2.151
2.1504
2.15
2.1506
2.151
2.1502
2.1498
2.15
2.151
2.1508
2.1502
2.1508
2.1508
2.1504
2.1502
2.1508
2.1504
2.1506
2.1506
2.1506
2.1508
2.1506
2.151
2.152
2.151
2.1506
2.1506
2.1502
2.1516
2.1504
2.1502
2.151
2.1506
2.1506
2.1508
2.1504
2.1514
2.1512
2.15
2.1506
2.1514
2.1512
2.1516
2.1518
2.153
2.1518
2.151
2.1526
2.1512
2.1518
2.1506
2.152
2.1514
2.1514
2.1512
2.1526
2.1526
2.1518
2.1514
2.1524
2.1516
2.1518
2.1522
2.1524
2.152
2.1524
2.152
2.1522
2.1534
2.1532
2.1518
2.153
2.1518
2.1528
2.1522
2.153
2.1532
2.1526
2.1518
2.1534
2.1534
2.1538
2.1524
2.1534
2.152
2.1528
2.1534
2.1534
2.1536
2.1548
2.1536
2.154
2.1544
2.1532
2.1536
2.1542
2.1542
2.155
2.154
2.155
2.1548
2.155
2.1538
2.1542
2.1542
2.1546
2.155
2.1558
2.1556
2.1554
2.1546
2.155
2.1548
2.1544
2.155
2.1554
2.1558
2.1556
2.1556
2.1564
2.157
2.1556
2.1562
2.1572
2.1572
2.1562
2.1564
2.156
2.1572
2.1556
2.1558
2.1556
2.156
2.1568
2.1576
2.1582
2.1576
2.157
2.1576
2.157
2.1574
2.1582
2.157
2.1584
2.1588
2.1578
2.1578
2.1588
2.1584
2.1582
2.1574
2.159
2.159
2.1576
2.1572
2.1578
2.159
2.1582
2.1588
2.159
2.1592
2.1586
2.1602
2.1594
2.1594
2.159
2.16
2.1598
2.1594
2.1602
2.1612
2.1604
2.1602
2.161
2.1604
2.1616
2.1606
2.1608
2.1602
2.1606
2.1616
2.1616
2.1614
2.1618
2.1612
2.1604
2.1614
2.1614
2.1608
2.1604
2.1608
2.1616
2.1612
2.1622
2.1612
2.1616
2.1632
2.1622
2.1622
2.1628
2.1626
2.163
2.1624
2.163
2.163
2.1624
2.163
2.1628
2.1632
2.1632
2.1626
2.1634
2.163
2.1628
2.1632
2.164
2.1646
2.1638
2.1636
2.1638
2.164
2.1646
2.1642
2.1646
2.1646
2.1646
2.1646
2.1646
2.165
2.1652
2.1644
2.165
2.166
2.1656
2.1654
2.1654
2.1656
2.1656
2.1644
2.1658
2.1666
2.1652
2.1646
2.1652
2.166
2.166
2.1652
2.166
2.1664
2.1662
2.1666
2.1666
2.1674
2.1664
2.1668
2.1666
2.1662
2.1664
2.1666
2.1676
2.1672
2.1678
2.1662
2.167
2.167
2.167
2.1664
2.1678
2.1666
2.1678
2.1668
2.1678
2.1684
2.168
2.168
2.1674
2.168
2.1684
2.1672
2.1686
2.168
2.1678
2.1688
2.1698
2.1698
2.17
2.1688
2.1698
2.1692
2.1682
2.1676
2.169
2.1696
2.1694
2.169
2.1694
2.17
2.1692
2.1688
2.1692
2.1702
2.17
2.1692
2.1696
2.1698
2.1696
2.1698
2.17
2.17
2.1698
2.1702
2.171
2.1702
2.1704
2.1708
2.1702
2.1708
2.1704
2.1706
2.1714
2.1706
2.1704
2.1704
2.1714
2.1716
2.171
2.1716
2.1726
2.1718
2.1714
2.1714
2.1718
2.1716
2.1726
2.171
2.172
2.1734
2.1724
2.1724
2.1726
2.1724
2.1722
2.1728
2.1724
2.1732
2.1728
2.1726
2.1724
2.1726
2.1726
2.172
2.1726
2.1718
2.1724
2.1726
2.1726
2.1732
2.1726
2.1726
2.1736
2.1736
2.173
2.1734
2.174
2.1738
2.1726
2.173
2.174
2.1736
2.1732
2.1728
2.174
2.174
2.1742
2.1734
2.1742
2.1744
2.174
2.174
2.1748
2.1744
2.1742
2.173
2.1742
2.174
2.1736
2.1742
2.1748
2.1744
2.1742
2.1736
2.1746
2.1738
2.1744
2.1748
2.1748
2.1756
2.1746
2.1744
2.1752
2.1752
2.1752
2.1744
2.1738
2.1754
2.1746
2.1746
2.1754
2.1752
2.1754
2.175
2.1748
2.175
2.175
2.1754
2.1762
2.1758
2.1758
2.1758
2.1758
2.1752
2.175
2.1754
2.1766
2.1762
2.1762
2.1754
2.176
2.176
2.1754
2.176
2.1758
2.1754
2.176
2.176
2.1758
2.175
2.175
2.175
2.1764
2.176
2.1762
2.1764
2.1764
2.1756
2.1762
2.176
2.1766
2.1776
2.176
2.1762
2.1774
2.176
2.1762
2.176
2.1772
2.1768
2.1772
2.1752
2.1766
2.1758
2.176
2.176
2.1764
2.1768
2.177
2.1766
2.1774
2.1768
2.1762
2.1762
2.1766
2.177
2.1764
2.1766
2.176
2.176
2.177
2.1774
2.1776
2.1766
2.1764
2.1762
2.1772
2.1768
2.1768
2.1772
2.1776
2.177
2.1778
2.1766
2.1766
2.1778
2.1774
2.1766
2.1766
2.1768
2.1762
2.1776
2.1768
2.1768
2.1774
2.1762
2.1776
2.1766
2.1774
2.1766
2.1764
2.1762
2.1772
2.1774
2.177
2.1776
2.1758
2.1774
2.1774
2.1778
2.1766
2.1774
2.178
2.1778
2.1776
2.1772
2.1776
2.1778
2.1774
2.1774
2.1772
2.1764
2.1768
2.1768
2.1772
2.1782
2.1772
2.1778
2.1772
2.1772
2.1774
2.1768
2.1766
2.1764
2.1774
2.1764
2.177
2.1772
2.177
2.177
2.177
2.1774
2.1772
2.1772
2.177
2.1782
2.177
2.1774
2.1776
2.1782
2.1772
2.1772
2.177
2.1766
2.177
2.1766
2.1774
2.178
2.176
2.1768
2.1774
2.1776
2.1764
2.176
2.1762
2.1764
2.1766
2.1766
2.1772
2.1776
2.1772
2.1766
2.1776
2.1768
2.1766
2.1768
2.178
2.178
2.1766
2.177
2.1766
2.1768
2.177
2.1758
2.1766
2.1766
2.176
2.1764
2.1768
2.1764
2.177
2.1772
2.1766
2.1776
2.1758
2.1758
2.1768
2.1768
2.1764
2.177
2.1772
2.1766
2.1762
2.1762
2.1772
2.1766
2.1766
2.1764
2.177
2.1764
2.177
2.1768
2.1774
2.1764
2.1762
2.1764
2.1764
2.1756
2.1762
2.176
2.1766
2.176
2.1768
2.1768
2.1768
2.1762
2.176
2.1762
2.1764
2.1758
2.1762
2.1766
2.1762
2.1764
2.176
2.1766
2.1768
2.1768
2.1766
2.1764
2.1764
2.1766
2.1752
2.1762
2.1764
2.1766
2.1756
2.1764
2.1768
2.1764
2.1762
2.175
2.1758
2.176
2.1764
2.1762
2.1756
2.1764
2.1764
2.1754
2.1766
2.1758
2.1762
2.1756
2.1758
2.1758
2.1752
2.1758
2.1762
2.176
2.1754
2.1752
2.1758
2.1758
2.1762
2.176
2.176
2.176
2.1758
2.1756
2.1762
2.175
2.1752
2.176
2.1762
2.176
2.1764
2.1754
2.1756
2.1752
2.1752
2.1758
2.1754
2.1752
2.1756
2.175
2.1756
2.175
2.1748
2.1748
2.1756
2.1754
2.1748
2.175
2.175
2.1754
2.1752
2.1756
2.1758
2.1748
2.175
2.175
2.1744
2.1758
2.1754
2.1752
2.1756
2.1752
2.176
2.1746
2.1746
2.1752
2.1742
2.1746
2.1744
2.1752
2.1762
2.174
2.1748
2.1754
2.1748
2.1754
2.1744
2.1752
2.1754
2.1738
2.1752
2.1746
2.1746
2.174
2.1744
2.1742
2.1742
2.1744
2.1748
2.1746
2.1744
2.1734
2.1746
2.1752
2.1746
2.1744
2.1748
2.1742
2.1748
2.1746
2.1746
2.1754
2.1748
2.1742
2.1748
2.1746
2.1746
2.174
2.1748
2.174
2.1742
2.174
2.1748
2.1748
2.1746
2.173
2.1738
2.1744
2.1736
2.1742
2.1744
2.1748
2.1744
2.1738
2.1754
2.1746
2.1738
2.1744
2.1748
2.174
2.1744
2.1736
2.1742
2.1744
2.174
2.1734
2.174
2.1744
2.174
2.1724
2.174
2.174
2.1742
2.1736
2.1738
2.1742
2.1734
2.1738
2.1744
2.1748
2.1744
2.174
2.174
2.1746
2.1738
2.1734
2.1748
2.1738
2.1734
2.1734
2.1746
2.174
2.1736
2.1748
2.1734
2.1746
2.1742
2.1732
2.174
2.1738
2.1742
2.1734
2.1744
2.1738
2.1728
2.1728
2.1742
2.1744
2.1738
2.1742
2.174
2.1736
2.1746
2.1728
2.1748
2.1742
2.174
2.1738
2.1746
2.1738
2.1736
2.1746
2.174
2.174
2.1742
2.1738
2.1738
2.1736
2.1732
2.1738
2.1742
2.174
2.1742
2.173
2.174
2.1748
2.174
2.174
2.1734
2.1736
2.1728
2.1732
2.174
2.174
2.1736
2.173
2.1736
2.1738
2.1742
2.1736
2.1736
2.1738
2.1736
2.1734
2.1742
2.1744
2.174
2.1736
2.1742
2.1742
2.1746
2.1736
2.1734
2.1742
2.1734
2.1736
2.1736
2.1736
2.1736
2.1732
2.1736
2.173
2.174
2.1736
2.174
2.1734
2.1734
2.1736
2.1738
2.1738
2.1738
2.173
2.1734
2.174
2.1742
2.1726
2.1738
2.174
2.1734
2.1728
2.1738
2.174
2.1742
2.1734
2.1738
2.174
2.1736
2.1724
2.1736
2.1744
2.1742
2.1726
2.173
2.1738
2.1732
2.1734
2.1746
2.1738
2.1734
2.1732
2.1736
2.1734
2.1742
2.1736
2.1738
2.1742
2.1736
2.1732
2.1744
2.1752
2.1742
2.1744
2.1742
2.1734
2.1734
2.1738
2.1742
2.1746
2.1732
2.1732
2.1736
2.1728
2.1738
2.1734
2.1736
2.174
2.1742
2.1726
2.1752
2.1742
2.1744
2.1738
2.175
2.1748
2.1736
2.1736
2.174
2.174
2.1732
2.1734
2.1742
2.1734
2.174
2.1742
2.174
2.1734
2.1746
2.1732
2.174
2.1742
2.1744
2.1742
2.1746
2.1742
2.1744
2.1736
2.1734
2.1744
2.1746
2.1734
2.175
2.1736
2.1734
2.1736
2.1738
2.1744
2.175
2.174
2.1748
2.1748
2.1734
2.1732
2.1738
2.1742
2.1738
2.1732
2.1744
2.174
2.1744
2.1738
2.174
2.174
2.1748
2.1738
2.1746
2.1742
2.1748
2.1746
2.1744
2.1752
2.174
2.1748
2.1752
2.1746
2.1748
2.1746
2.1744
2.1748
2.175
2.1738
2.174
2.1744
2.1756
2.1748
2.1744
2.1746
2.1738
2.1748
2.1744
2.1746
2.1754
2.1742
2.1752
2.1748
2.1734
2.174
2.1742
2.1746
2.1748
2.1742
2.1742
2.175
2.1746
2.1746
2.175
2.175
2.1744
2.1736
2.1736
2.174
2.1738
2.1742
2.1738
2.1746
2.174
2.1744
2.1758
2.1748
2.1746
2.175
2.1746
2.1746
2.1752
2.1744
2.176
2.1746
2.1748
2.1746
2.1742
2.1748
2.174
2.1738
2.175
2.1742
2.1742
2.1754
2.1756
2.1758
2.1746
2.1742
2.175
2.1756
2.1758
2.1746
2.175
2.1754
2.1744
2.175
2.1752
2.1754
2.1758
2.1748
2.1746
2.1746
2.1744
2.1742
2.1752
2.1748
2.1754
2.1736
2.175
2.1748
2.175
2.1754
2.175
2.1748
2.1754
2.1746
2.1748
2.1746
2.1752
2.1754
2.1752
2.1752
2.175
2.1748
2.1756
2.1752
2.175
2.175
2.174
2.1754
2.175
2.174
2.1754
2.1752
2.1746
2.1742
2.1748
2.1762
2.1748
2.1746
2.176
2.1758
2.175
2.1748
2.1756
2.1756
2.1746
2.1738
2.175
2.1746
2.1748
2.175
2.1752
2.175
2.1748
2.1744
2.1756
2.1748
2.1748
2.1736
2.1744
2.1754
2.175
2.1752
2.176
2.175
2.1758
2.1746
2.1756
2.1752
2.1748
2.1754
2.1748
2.1758
2.1754
2.175
2.1748
2.1752
2.1748
2.175
2.174
2.1746
2.1752
2.1748
2.1746
2.175
2.174
2.1748
2.1748
2.1756
2.175
2.175
2.1756
2.1746
2.1748
2.1756
2.1746
2.1756
2.1754
2.1752
2.1754
2.1748
2.1752
2.175
2.1752
2.1758
2.1752
2.1756
2.176
2.1756
2.1748
2.1756
2.175
2.1754
2.176
2.1748
2.1756
2.1756
2.175
2.1754
2.1758
2.1754
2.175
2.1754
2.175
2.1744
2.1752
2.1752
2.1756
2.1758
2.1748
2.1748
2.176
2.1756
2.175
2.1756
2.1766
2.1756
2.1758
2.1764
2.176
2.1756
2.1762
2.1746
2.1758
2.1764
2.1762
2.1752
2.176
2.1752
2.1758
2.1746
2.1764
2.1766
2.1762
2.1756
2.1758
2.175
2.1754
2.175
2.1754
2.1756
2.1764
2.1746
2.1758
2.1752
2.1752
2.175
2.1762
2.1752
2.1744
2.1748
2.175
2.175
2.1746
2.175
2.1766
2.176
2.1748
2.1752
2.1766
2.175
2.1758
2.1758
2.1766
2.176
2.1762
2.1758
2.1762
2.1758
2.1756
2.176
2.1758
2.1754
2.176
2.175
2.1764
2.1754
2.1754
2.1756
2.1762
2.1756
2.1764
2.1752
2.1758
2.1754
2.1754
2.1756
2.1758
2.1764
2.1764
2.1758
2.1756
2.1748
2.1756
2.175
2.1766
2.1768
2.1754
2.176
2.1766
2.1746
2.176
2.1754
2.1754
2.1752
2.1752
2.175
2.1764
2.1758
2.1756
2.1762
2.1764
2.1758
2.1766
2.1752
2.1758
2.1752
2.1764
2.1756
2.176
2.1754
2.1754
2.176
2.176
2.1762
2.176
2.1754
2.176
2.1758
2.1756
2.176
2.1756
2.1758
2.1766
2.1748
2.1756
2.1766
2.1762
2.1766
2.177
2.1758
2.1766
2.1746
2.1766
2.1762
2.1764
2.1766
2.176
2.1758
2.1766
2.1752
2.1754
2.1752
2.1764
2.1756
2.1758
2.176
2.1754
2.1756
2.1758
2.1758
2.1764
2.1762
2.1766
2.1762
2.176
2.175
2.1764
2.1762
2.176
2.1756
2.1764
2.176
2.1758
2.1762
2.1764
2.1756
2.1766
2.1756
2.176
2.1764
2.176
2.1766
2.1762
2.1754
2.1768
2.1758
2.177
2.176
2.176
2.1752
2.1764
2.1764
2.1768
2.1754
2.1762
2.1756
2.1758
2.176
2.1766
2.1752
2.177
2.1752
2.1764
2.1754
2.176
2.1764
2.176
2.1758
2.1768
2.175
2.1768
2.1764
2.1758
2.1756
2.1762
2.1772
2.1762
2.1756
2.176
2.1756
2.176
2.1758
2.1764
2.1758
2.1762
2.1748
2.176
2.1756
2.1764
2.175
2.1764
2.1768
2.1762
2.1766
2.1764
2.1768
2.1764
2.1766
2.1764
2.1758
2.1748
2.175
2.1766
2.1766
2.1762
2.176
2.1766
2.1758
2.1762
2.1756
2.176
2.177
2.177
2.1754
2.176
2.177
2.1758
2.1762
2.176
2.176
2.1758
2.1754
2.1764
2.1756
2.1766
2.1762
2.177
2.1774
2.1762
2.1756
2.1764
2.1758
2.1764
2.1754
2.1762
2.1766
2.1756
2.1758
2.176
2.1758
2.1766
2.1766
2.1766
2.1768
2.176
2.1758
2.1768
2.177
2.176
2.1756
2.176
2.1758
2.1756
2.1756
2.176
2.1754
2.1766
2.176
2.177
2.1758
2.1758
2.1758
2.1762
2.1752
2.1764
2.1754
2.1756
2.176
2.176
2.1758
2.1752
2.1756
2.1756
2.175
2.1758
2.177
2.1754
2.1758
2.1764
2.1762
2.1764
2.1748
2.1768
2.1756
2.1754
2.175
2.1764
2.1758
2.1754
2.176
2.1764
2.1754
2.1752
2.176
2.1758
2.1752
2.1762
2.1752
2.1766
2.1768
2.176
2.1746
2.176
2.1754
2.1752
2.1754
2.1756
2.1748
2.1762
2.1756
2.1756
2.1766
2.176
2.1762
2.1764
2.176
2.1762
2.1752
2.176
2.176
2.1754
2.1764
2.1756
2.1756
2.1756
2.1746
2.1758
2.1754
2.175
2.1758
2.1762
2.176
2.1752
2.1746
2.1756
2.1754
2.1748
2.1752
2.1762
2.1758
2.176
2.1758
2.1764
2.1758
2.1752
2.1752
2.1752
2.1756
2.1756
2.1756
2.176
2.175
2.1752
2.175
2.1756
2.175
2.1752
2.1748
2.1764
2.1754
2.1752
2.176
2.1758
2.175
2.1754
2.175
2.1748
2.1756
2.1756
2.1746
2.176
2.1762
2.1746
2.1754
2.1758
2.176
2.1756
2.1744
2.176
2.1756
2.1762
2.1754
2.1754
2.1748
2.1754
2.174
2.1748
2.1756
2.175
2.175
2.1758
2.1746
2.176
2.1752
2.1762
2.1748
2.1756
2.175
2.1748
2.1766
2.1762
2.1758
2.1758
2.1754
2.1762
2.1754
2.1758
2.1746
2.1754
2.1744
2.1762
2.1744
2.1756
2.1744
2.1748
2.175
2.1742
2.174
2.175
2.1736
2.175
2.1752
2.1748
2.1756
2.1752
2.1748
2.1758
2.174
2.1752
2.175
2.1748
2.175
2.1748
2.174
2.176
2.1752
2.1744
2.1746
2.1756
2.1746
2.1738
2.1754
2.1752
2.1744
2.1754
2.174
2.174
2.175
2.174
2.1748
2.1736
2.175
2.1742
2.1738
2.1752
2.1744
2.1752
2.1754
2.175
2.1744
2.1742
2.1744
2.1756
2.1742
2.1742
2.1748
2.175
2.1746
2.1744
2.1748
2.176
2.1746
2.175
2.1748
2.1746
2.175
2.174
2.1752
2.176
2.1746
2.1746
2.1742
2.1754
2.175
2.1748
2.175
2.174
2.1748
2.175
2.1746
2.1748
2.1748
2.1748
2.1748
2.175
2.175
2.1742
2.1744
2.1746
2.1748
2.174
2.1736
2.174
2.1746
2.1752
2.1738
2.1744
2.175
2.1738
2.174
2.1744
2.1748
2.1738
2.1738
2.1752
