2.1498
2.1502
2.1494
2.147
2.1486
2.1502
2.1482
2.1478
2.147
2.149
2.1482
2.1494
2.1474
2.1518
2.145
2.1494
2.1506
2.1506
2.1474
2.1494
2.1458
2.1514
2.1482
2.1478
2.1478
2.1506
2.147
2.1494
2.1486
2.1514
2.1498
2.1498
2.147
2.1502
2.1518
2.1506
2.1498
2.149
2.1486
2.1514
2.147
2.1498
2.147
2.1502
2.1514
2.1534
2.1498
2.1502
2.1498
2.151
2.149
2.1554
2.1514
2.149
2.151
2.1482
2.1482
2.1526
2.1466
2.1478
2.1498
2.1506
2.1466
2.151
2.1482
2.151
2.1482
2.1486
2.1498
2.1506
2.1446
2.1478
2.1482
2.1482
2.1462
2.1502
2.149
2.1494
2.1482
2.1502
2.1458
2.1498
2.1534
2.1498
2.151
2.147
2.147
2.1494
2.1482
2.1514
2.145
2.1474
2.1478
2.151
2.1478
2.1502
2.1486
2.149
2.149
2.149
2.1478
2.1514
2.1502
2.1474
2.1494
2.1498
2.149
2.1506
2.1458
2.1502
2.1474
2.1522
2.1498
2.1502
2.1482
2.1498
2.1494
2.1478
2.149
2.1502
2.149
2.1522
2.1506
2.1486
2.1482
2.1506
2.1462
2.1498
2.1502
2.1506
2.1498
2.151
2.1518
2.1498
2.1494
2.151
2.1446
2.149
2.1482
2.1466
2.145
2.151
2.149
2.1502
2.153
2.1494
2.1458
2.1486
2.1494
2.1502
2.1482
2.1522
2.1474
2.149
2.145
2.1466
2.1486
2.1506
2.1506
2.1502
2.1506
2.149
2.1498
2.1506
2.1458
2.1506
2.1482
2.1466
2.149
2.1514
2.147
2.1494
2.149
2.1486
2.1474
2.1494
2.1494
2.1502
2.1462
2.1482
2.149
2.151
2.1506
2.151
2.1482
2.151
2.1482
2.1506
2.1498
2.1482
2.149
2.1466
2.1498
2.1518
2.1486
2.151
2.1506
2.1506
2.1466
2.149
2.1478
2.1514
2.1486
2.1466
2.1486
2.1498
2.1482
2.153
2.147
2.1522
2.1482
2.149
2.1474
2.1498
2.1478
2.1482
2.1458
2.149
2.1482
2.1494
2.1458
2.1502
2.1506
2.1502
2.1482
2.1474
2.1482
2.147
2.1486
2.147
2.1466
2.1482
2.1474
2.1498
2.1502
2.1482
2.1454
2.151
2.1474
2.1506
2.153
2.1522
2.1478
2.1494
2.1498
2.1474
2.147
2.1486
2.1446
2.1474
2.1458
2.1502
2.1458
2.1506
2.1466
2.1466
2.1522
2.1506
2.1494
2.1486
2.1478
2.1498
2.1454
2.1502
2.1462
2.1502
2.1462
2.1466
2.1494
2.1494
2.1458
2.1506
2.1494
2.1514
2.1478
2.149
2.1482
2.151
2.147
2.151
2.1482
2.1474
2.1462
2.1482
2.1494
2.1518
2.1466
2.1506
2.1482
2.1502
2.1506
2.1498
2.1478
2.1526
2.1462
2.1486
2.1462
2.1514
2.147
2.1466
2.1534
2.1478
2.1458
2.1486
2.1486
2.151
2.1454
2.149
2.1474
2.1506
2.1466
2.1498
2.1498
2.149
2.1474
2.1498
2.1498
2.1498
2.147
2.151
2.147
2.1526
2.1474
2.1466
2.1474
2.1506
2.1478
2.1486
2.1486
2.149
2.1462
2.1466
2.1458
2.153
2.1494
2.1478
2.1494
2.1506
2.1474
2.151
2.1498
2.1522
2.149
2.1522
2.1502
2.1494
2.1494
2.1494
2.1498
2.147
2.1462
2.1498
2.1454
2.1502
2.1478
2.1482
2.1482
2.1498
2.1474
2.1518
2.1482
2.1494
2.1498
2.145
2.1502
2.1506
2.145
2.1482
2.1482
2.1514
2.1486
2.1486
2.1482
2.1474
2.1462
2.147
2.1478
2.1478
2.1482
2.1474
2.143
2.1502
2.1458
2.147
2.1518
2.149
2.1466
2.1526
2.1486
2.1502
2.1494
2.1486
2.1498
2.149
2.1478
2.147
2.1518
2.1486
2.1494
2.1482
2.1478
2.1538
2.1486
2.1482
2.149
2.1474
2.1466
2.1474
2.1482
2.149
2.147
2.1502
2.1474
2.1506
2.1486
2.1478
2.1486
2.149
2.1486
2.1486
2.1486
2.1506
2.145
2.149
2.1494
2.1502
2.1466
2.1494
2.1474
2.1494
2.147
2.1486
2.149
2.153
2.149
2.1498
2.1498
2.1494
2.1458
2.1494
2.151
2.1506
2.1462
2.149
2.147
2.1486
2.1486
2.1518
2.149
2.149
2.1458
2.1494
2.1478
2.1498
2.1502
2.1502
2.151
2.149
2.1466
2.1494
2.147
2.1498
2.1462
2.1506
2.1442
2.1526
2.1458
2.1486
2.1506
2.1514
2.1498
2.1518
2.1482
2.147
2.1474
2.1526
2.1498
2.1502
2.1506
2.149
2.1486
2.1502
2.1474
2.1486
2.1494
2.1526
2.1478
2.1506
2.1494
2.1514
2.151
2.1486
2.1478
2.1522
2.1466
2.149
2.1494
2.1494
2.1498
2.1494
2.1482
2.1522
2.1518
2.1494
2.1498
2.1526
2.1506
2.1502
2.151
2.153
2.1494
2.1502
2.1498
2.1526
2.1474
2.1502
2.1498
2.149
2.149
2.1522
2.1498
2.149
2.1506
2.149
2.1498
2.1526
2.1446
2.151
2.1458
2.151
2.1502
2.1494
2.149
2.1498
2.1486
2.1498
2.1482
2.151
2.1474
2.1498
2.1526
2.1454
2.1454
2.1466
2.1494
2.1498
2.1478
2.145
2.149
2.1506
2.145
2.1502
2.147
2.151
2.1478
2.1478
2.1498
2.1494
2.1518
2.151
2.1518
2.1506
2.1498
2.1502
2.1478
2.1514
2.1466
2.1474
2.1474
2.145
2.1482
2.1506
2.1494
2.1502
2.1474
2.1498
2.1494
2.149
2.1474
2.1478
2.1478
2.1494
2.1506
2.1514
2.1514
2.1506
2.1494
2.149
2.1506
2.1518
2.1466
2.1502
2.1486
2.1478
2.1478
2.1482
2.1474
2.151
2.147
2.1454
2.1442
2.1514
2.1442
2.1478
2.1478
2.1494
2.1482
2.1494
2.1506
2.1474
2.1482
2.1482
2.1482
2.1474
2.1494
2.1486
2.1462
2.1474
2.1458
2.1474
2.1506
2.1478
2.145
2.1466
2.147
2.147
2.1478
2.1494
2.1478
2.149
2.1474
2.1498
2.1474
2.1466
2.1462
2.1474
2.1478
2.1502
2.1466
2.149
2.1494
2.1482
2.1498
2.149
2.147
2.1478
2.1498
2.153
2.1494
2.147
2.149
2.1478
2.1482
2.147
2.1494
2.151
2.1442
2.1494
2.1462
2.1454
2.1462
2.1486
2.149
2.1538
2.1486
2.1506
2.1478
2.1466
2.1498
2.1506
2.1486
2.1482
2.1442
2.1502
2.1466
2.147
2.1514
2.1486
2.1494
2.1498
2.149
2.1542
2.1474
2.1502
2.1454
2.1502
2.1478
2.1498
2.151
2.1478
2.1478
2.147
2.1498
2.1502
2.147
2.1498
2.1466
2.1482
2.1478
2.1498
2.1482
2.1502
2.1446
2.1474
2.1454
2.1506
2.149
2.1518
2.1482
2.1486
2.1522
2.149
2.151
2.1498
2.147
2.1462
2.1474
2.1514
2.147
2.1506
2.151
2.1498
2.147
2.1502
2.1502
2.1478
2.151
2.1498
2.1478
2.1518
2.1478
2.1502
2.149
2.1462
2.1494
2.1498
2.1486
2.1502
2.149
2.149
2.151
2.1502
2.147
2.1486
2.1478
2.1466
2.153
2.1494
2.1482
2.1494
2.1482
2.1522
2.149
2.1526
2.1502
2.1462
2.1458
2.1478
2.1446
2.1502
2.1494
2.1482
2.1494
2.1498
2.149
2.151
2.1478
2.1502
2.1494
2.1514
2.1458
2.1466
2.1474
2.1482
2.147
2.1518
2.1486
2.1486
2.1482
2.1502
2.1474
2.1498
2.1474
2.1506
2.1494
2.1514
2.1458
2.1522
2.1498
2.1458
2.1542
2.149
2.1518
2.153
2.1466
2.1518
2.1486
2.1506
2.1486
2.1486
2.1466
2.1514
2.1454
2.1502
2.1482
2.1462
2.1478
2.1494
2.147
2.1506
2.1474
2.147
2.145
2.1502
2.1442
2.1482
2.1506
2.1514
2.1494
2.1502
2.1474
2.1526
2.1442
2.1502
2.145
2.1482
2.1494
2.1482
2.151
2.1498
2.1474
2.151
2.1478
2.1474
2.1482
2.1518
2.149
2.1522
2.1454
2.1466
2.1514
2.151
2.1502
2.153
2.1534
2.1542
2.1466
2.1526
2.149
2.1502
2.1506
2.1486
2.1506
2.1518
2.149
2.1478
2.151
2.1494
2.1474
2.1478
2.1498
2.1494
2.1466
2.151
2.1478
2.1538
2.151
2.1482
2.1502
2.151
2.1506
2.1502
2.1502
2.1538
2.1494
2.1502
2.151
2.1526
2.1486
2.1522
2.1498
2.1526
2.149
2.1486
2.151
2.1506
2.149
2.1494
2.1494
2.1478
2.1482
2.1506
2.1482
2.1494
2.1478
2.1498
2.149
2.1486
2.1486
2.1478
2.1498
2.1506
2.1486
2.1522
2.1482
2.1538
2.151
2.1486
2.1486
2.1462
2.1482
2.1466
2.1502
2.1498
2.1478
2.1518
2.149
2.1478
2.1478
2.1522
2.1466
2.1506
2.1478
2.1494
2.151
2.1546
2.1486
2.1482
2.1482
2.1506
2.1494
2.1478
2.1502
2.1518
2.1462
2.1498
2.1506
2.1478
2.151
2.1514
2.1498
2.149
2.1462
2.1526
2.1466
2.1518
2.1498
2.1506
2.1482
2.1522
2.1462
2.1482
2.1518
2.1482
2.153
2.1498
2.1462
2.151
2.1466
2.1494
2.1498
2.1522
2.1466
2.1498
2.1478
2.1506
2.1486
2.1514
2.1502
2.151
2.1506
2.1498
2.1474
2.1494
2.1466
2.1518
2.1494
2.1514
2.1478
2.1474
2.1486
2.1502
2.149
2.1486
2.151
2.1514
2.1502
2.1518
2.1466
2.149
2.1486
2.1478
2.1502
2.1534
2.1502
2.1514
2.1478
2.1518
2.1478
2.1514
2.1538
2.1518
2.147
2.1502
2.1502
2.151
2.151
2.1486
2.147
2.149
2.1482
2.149
2.147
2.1482
2.147
2.1474
2.1438
2.1486
2.147
2.149
2.1462
2.1474
2.1458
2.1486
2.1482
2.1498
2.1502
2.1498
2.1482
2.1506
2.1466
2.1454
2.149
2.1486
2.1454
2.1486
2.1458
2.1506
2.1446
2.1498
2.1482
2.1478
2.149
2.1506
2.1514
2.1506
2.1486
2.1482
2.1482
2.1502
2.1502
2.1522
2.1502
2.1506
2.149
2.1498
2.1494
2.151
2.1482
2.149
2.1478
2.1542
2.1494
2.1514
2.1502
2.147
2.1486
2.1494
2.1514
2.1486
2.1478
2.1466
2.1466
2.1502
2.147
2.1462
2.1458
2.1494
2.1482
2.1502
2.1494
2.1474
2.1494
2.1446
2.1482
2.1466
2.1474
2.149
2.1458
2.1502
2.1522
2.149
2.1506
2.1526
2.145
2.1498
2.1518
2.151
2.147
2.1498
2.1498
2.1486
2.1482
2.1502
2.147
2.1518
2.1478
2.1498
2.1478
2.1502
2.1474
2.1498
2.1482
2.1486
2.1474
2.151
2.1462
2.1454
2.147
2.1482
2.1498
2.153
2.1486
2.1506
2.1474
2.1494
2.1486
2.1482
2.1462
2.1478
2.1454
2.1482
2.1466
2.149
2.1482
2.1486
2.1498
2.151
2.1466
2.1494
2.1482
2.149
2.1482
2.1506
2.1462
2.1514
2.1486
2.1486
2.147
2.1482
2.1462
2.149
2.147
2.1474
2.149
2.1474
2.1442
2.1502
2.149
2.1478
2.1482
2.147
2.1478
2.1466
2.149
2.153
2.1474
2.1506
2.1526
2.1494
2.1486
2.1506
2.1522
2.151
2.1478
2.151
2.149
2.1494
2.1462
2.1482
2.1494
2.153
2.149
2.149
2.149
2.1542
2.1446
2.1518
2.1498
2.145
2.1474
2.1494
2.1474
2.1498
2.147
2.1486
2.1466
2.1514
2.1478
2.1494
2.1466
2.1482
2.1478
2.145
2.149
2.1514
2.1458
2.1538
2.1498
2.1502
2.149
2.149
2.149
2.1494
2.1486
2.1462
2.1494
2.1494
2.1446
2.1498
2.1482
2.1494
2.149
2.1462
2.1498
2.1502
2.1482
2.1482
2.147
2.1518
2.1462
2.1518
2.1466
2.151
2.1478
2.1518
2.1482
2.151
2.147
2.1466
2.1534
2.147
2.1478
2.1506
2.149
2.1514
2.1478
2.1474
2.1498
2.1482
2.1454
2.151
2.149
2.1494
2.1462
2.1482
2.1462
2.1506
2.145
2.1506
2.147
2.147
2.1506
2.1466
2.149
2.151
2.149
2.1486
2.1506
2.1498
2.1498
2.147
2.1454
2.1506
2.149
2.1498
2.1538
2.1494
2.1478
2.1494
2.1466
2.1514
2.1466
2.1486
2.1498
2.1482
2.149
2.1482
2.1494
2.1498
2.1498
2.1502
2.1502
2.1506
2.1494
2.1494
2.1462
2.1462
2.1462
2.1486
2.1466
2.1494
2.1462
2.1458
2.149
2.1498
2.1478
2.151
2.1518
2.1506
2.1442
2.1482
2.1478
2.151
2.1466
2.1478
2.149
2.1502
2.1482
2.1486
2.1466
2.1474
2.1466
2.151
2.149
2.151
2.1482
2.1494
2.1522
2.1478
2.1502
2.153
2.1482
2.151
2.149
2.1494
2.1458
2.1482
2.147
2.1482
2.1474
2.1502
2.1494
2.1502
2.1522
2.1518
2.1478
2.1498
2.1458
2.151
2.1474
2.1502
2.1486
2.151
2.1446
2.151
2.1486
2.1518
2.153
2.1478
2.1482
2.151
2.1482
2.1514
2.1502
2.1498
2.1478
2.1494
2.1478
2.1482
2.1494
2.1478
2.1494
2.151
2.1454
2.1526
2.147
2.1474
2.1474
2.147
2.1486
2.1514
2.1466
2.1486
2.1482
2.1478
2.1502
2.149
2.1458
2.1486
2.1482
2.149
2.1506
2.1498
2.1526
2.1502
2.1494
2.1502
2.1466
2.1474
2.151
2.1498
2.151
2.155
2.1494
2.1478
2.1474
2.1514
2.1458
2.1502
2.1466
2.1478
2.147
2.149
2.147
2.1486
2.1486
2.1474
2.1478
2.1474
2.1494
2.1554
2.1446
2.151
2.147
2.1502
2.1454
2.1506
2.1514
2.1494
2.1482
2.1482
2.1474
2.151
2.1462
2.1478
2.1478
2.1494
2.1474
2.1478
2.1466
2.1478
2.149
2.1482
2.1518
2.1498
2.1474
2.149
2.1502
2.1482
2.1486
2.1474
2.1514
2.1542
2.1482
2.1522
2.1474
2.1506
2.1494
2.1482
2.1502
2.1506
2.1494
2.1486
2.147
2.1526
2.1494
2.1478
2.1482
2.149
2.1474
2.153
2.145
2.1522
2.1458
2.151
2.149
2.1498
2.1498
2.1498
2.1502
2.1506
2.1498
2.149
2.1482
2.1534
2.147
2.1482
2.1494
2.1474
2.1486
2.149
2.1474
2.1466
2.1494
2.1506
2.1478
2.1482
2.1462
2.1498
2.149
2.149
2.1494
2.1486
2.1486
2.149
2.1498
2.1474
2.149
2.151
2.1462
2.1518
2.1522
2.1506
2.1494
2.149
2.1498
2.149
2.1482
2.1498
2.1506
2.1546
2.1466
2.1486
2.1526
2.151
2.149
2.1506
2.1518
2.1494
2.1462
2.149
2.149
2.149
2.1502
2.149
2.1466
2.151
2.1462
2.1462
2.1518
2.1462
2.1482
2.1486
2.1482
2.1522
2.1506
2.151
2.1478
2.149
2.1474
2.1478
2.1502
2.1498
2.1502
2.1486
2.1506
2.1522
2.1466
2.1486
2.1486
2.1518
2.147
2.1526
2.1502
2.1518
2.149
2.1482
2.1474
2.1486
2.1474
2.1482
2.1518
2.151
2.147
2.1478
2.147
2.1514
2.147
2.1494
2.1498
2.1538
2.149
2.1494
2.1494
2.1494
2.1458
2.149
2.147
2.1506
2.1498
2.1474
2.151
2.1502
2.1462
2.147
2.1482
2.1514
2.1486
2.1478
2.149
2.1534
2.1502
2.1486
2.1514
2.1506
2.1522
2.1494
2.1494
2.1514
2.1466
2.1502
2.1498
2.149
2.1506
2.1474
2.1482
2.1514
2.1446
2.1506
2.1482
2.1506
2.1446
2.1494
2.1514
2.1526
2.1494
2.1458
2.1474
2.1514
2.1482
2.147
2.1498
2.1478
2.1454
2.1462
2.147
2.151
2.1502
2.149
2.1502
2.1506
2.1478
2.1506
2.147
2.1498
2.1506
2.1478
2.1462
2.1526
2.1474
2.1486
2.1442
2.1522
2.1474
2.149
2.1522
2.149
2.149
2.1526
2.1478
2.1478
2.1478
2.1486
2.1502
2.1506
2.1522
2.1522
2.1498
2.1506
2.1486
2.1502
2.1474
2.1494
2.1478
2.1514
2.1486
2.1446
2.151
2.1482
2.1498
2.1498
2.1494
2.1478
2.1478
2.1506
2.1478
2.1518
2.1478
2.1482
2.147
2.151
2.1454
2.151
2.149
2.1498
2.1518
2.1514
2.1494
2.147
2.1474
2.1542
2.1478
2.1502
2.149
2.1474
2.1482
2.1498
2.1494
2.1494
2.149
2.1462
2.1454
2.1526
2.1502
2.149
2.149
2.149
2.1474
2.147
2.1494
2.1522
2.1478
2.149
2.1486
2.1534
2.151
2.1522
2.1522
2.1514
2.1466
2.1494
2.1474
2.1458
2.1454
2.149
2.1514
2.1482
2.1478
2.1466
2.1498
2.1478
2.1466
2.1506
2.1506
2.1534
2.1486
2.1494
2.1506
2.1478
2.1454
2.1494
2.1518
2.149
2.1474
2.149
2.1514
2.1514
2.147
2.1482
2.1498
2.1518
2.1466
2.1466
2.1482
2.1482
2.147
2.1482
2.1486
2.1502
2.1474
2.1446
2.1462
2.1506
2.1462
2.149
2.1486
2.1506
2.1458
2.1486
2.1438
2.1458
2.1438
2.1454
2.1482
2.1478
2.1438
2.1482
2.1462
2.1454
2.1438
2.1466
2.1434
2.1446
2.1414
2.145
2.143
2.1438
2.1402
2.143
2.143
2.143
2.1406
2.139
2.1394
2.1394
2.1346
2.135
2.1394
2.139
2.1334
2.1366
2.1338
2.1354
2.1338
2.1306
2.1282
2.1326
2.123
2.1302
2.1282
2.125
2.1278
2.123
2.1262
2.1282
2.1222
2.1218
2.1182
2.1214
2.1182
2.1182
2.1198
2.119
2.1146
2.1122
2.1122
2.1118
2.1106
2.111
2.1098
2.1086
2.1046
2.1054
2.1018
2.0998
2.0962
2.0962
2.097
2.0958
2.0898
2.0954
2.0902
2.0918
2.0846
2.0862
2.0826
2.0818
2.0846
2.0814
2.0798
2.0794
2.0698
2.0718
2.0714
2.0662
2.065
2.0662
2.0634
2.0634
2.0554
2.0602
2.0562
2.0502
2.0478
2.0486
2.049
2.0466
2.0406
2.043
2.041
2.039
2.0322
2.0298
2.031
2.0262
2.0214
2.0238
2.021
2.0198
2.0162
2.0114
2.011
2.0086
2.0006
2.0042
2.0022
1.995
1.9926
1.9922
1.991
1.985
1.9818
1.9806
1.9786
1.979
1.9698
1.9698
1.9662
1.961
1.961
1.9538
1.9542
1.951
1.9462
1.9446
1.9406
1.941
1.9366
1.9314
1.9282
1.9286
1.9258
1.9166
1.9158
1.9122
1.911
1.905
1.9046
1.9022
1.8978
1.8938
1.8914
1.8846
1.883
1.8786
1.8774
1.8726
1.8674
1.8678
1.8638
1.8602
1.8554
1.8498
1.8502
1.8502
1.841
1.8378
1.8362
1.831
1.8282
1.8246
1.8242
1.8202
1.8146
1.813
1.8062
1.8066
1.8014
1.8018
1.8002
1.793
1.7886
1.7862
1.7814
1.783
1.777
1.775
1.771
1.7702
1.7658
1.759
1.7554
1.7574
1.7522
1.7522
1.745
1.7442
1.7382
1.7338
1.7354
1.7354
1.731
1.7262
1.7234
1.721
1.7162
1.7166
1.7114
1.7134
1.7066
1.7054
1.7014
1.7022
1.695
1.6954
1.6906
1.6882
1.6858
1.6834
1.6814
1.6822
1.675
1.6754
1.6706
1.6694
1.6642
1.6642
1.6618
1.6546
1.659
1.6538
1.6478
1.6522
1.6438
1.6458
1.6398
1.6466
1.639
1.6358
1.6318
1.6306
1.6278
1.6294
1.6266
1.6238
1.619
1.6202
1.6162
1.619
1.6154
1.613
1.6126
1.611
1.6086
1.607
1.603
1.6006
1.6014
1.5962
1.5986
1.595
1.5934
1.5946
1.5902
1.589
1.587
1.5834
1.585
1.5822
1.583
1.5798
1.5786
1.577
1.5754
1.5758
1.5738
1.5738
1.5714
1.5734
1.5666
1.5686
1.5658
1.565
1.563
1.5634
1.5622
1.5622
1.5582
1.5606
1.557
1.5558
1.5542
1.5574
1.5542
1.5546
1.5554
1.553
1.5502
1.5478
1.551
1.547
1.5478
1.5514
1.549
1.5486
1.5446
1.543
1.5466
1.545
1.545
1.5434
1.5442
1.5434
1.5418
1.5426
1.5434
1.5462
1.5402
1.5406
1.543
1.5394
1.541
1.5402
1.539
1.5402
1.5398
1.5406
1.5398
1.543
1.5386
1.539
1.5402
1.543
1.5398
1.541
1.5394
1.5422
1.5414
1.5418
1.5386
1.5438
1.541
1.5426
1.5418
1.5426
1.5426
1.5438
1.5402
1.5442
1.5418
1.5486
1.5466
1.5478
1.5462
1.545
1.5454
1.549
1.5462
1.5446
1.553
1.547
1.5486
1.5514
1.5526
1.5526
1.5502
1.5538
1.553
1.5538
1.555
1.5542
1.5578
1.5598
1.5542
1.5578
1.5614
1.5606
1.5586
1.5626
1.5646
1.5694
1.565
1.5678
1.5698
1.5666
1.5714
1.5734
1.5706
1.5702
1.5734
1.5746
1.5762
1.577
1.5798
1.5794
1.5806
1.579
1.5818
1.581
1.5822
1.5818
1.5834
1.5874
1.5846
1.593
1.5926
1.5926
1.5958
1.595
1.597
1.5962
1.5994
1.5982
1.601
1.6034
1.6046
1.607
1.6098
1.6094
1.6094
1.611
1.6106
1.6146
1.6122
1.6166
1.617
1.6214
1.623
1.6238
1.6234
1.6234
1.6254
1.6322
1.6282
1.629
1.6342
1.6306
1.6378
1.6346
1.6358
1.6426
1.6374
1.643
1.6414
1.6486
1.6466
1.6458
1.6498
1.6538
1.6518
1.655
1.657
1.6546
1.661
1.6594
1.661
1.669
1.6658
1.6694
1.673
1.673
1.6742
1.6746
1.6746
1.6802
1.6794
1.6794
1.6814
1.6822
1.6854
1.687
1.6866
1.6914
1.693
1.6942
1.693
1.6958
1.6994
1.699
1.703
1.705
1.7038
1.7078
1.7106
1.7138
1.7138
1.7138
1.7146
1.7178
1.7214
1.7206
1.7246
1.7262
1.7266
1.7318
1.7266
1.7346
1.7278
1.7398
1.7378
1.7426
1.7446
1.7438
1.747
1.7478
1.7502
1.7526
1.7534
1.7566
1.7554
1.7602
1.7606
1.7654
1.7662
1.7666
1.767
1.7734
1.7714
1.775
1.7738
1.7818
1.783
1.7794
1.7846
1.7874
1.7862
1.7878
1.7922
1.7946
1.795
1.7998
1.7974
1.8018
1.8046
1.8038
1.8082
1.8102
1.809
1.8142
1.815
1.8174
1.8202
1.8202
1.8186
1.8254
1.8234
1.8282
1.8306
1.8366
1.833
1.8338
1.8378
1.843
1.8394
1.843
1.843
1.8466
1.8506
1.8518
1.8542
1.8586
1.8598
1.855
1.8622
1.8646
1.8654
1.865
1.8702
1.8698
1.8698
1.873
1.8782
1.8782
1.8754
1.881
1.8802
1.8878
1.8858
1.8874
1.8914
1.8894
1.8954
1.8946
1.8998
1.9026
1.9002
1.9042
1.9066
1.9062
1.911
1.9134
1.9118
1.913
1.9158
1.9194
1.9214
1.923
1.9218
1.925
1.9282
1.9294
1.9286
1.9338
1.937
1.9394
1.9366
1.9382
1.9406
1.9454
1.9422
1.9474
1.951
1.9498
1.9482
1.9526
1.9534
1.9598
1.9586
1.9602
1.9614
1.9662
1.9658
1.9686
1.969
1.9718
1.9718
1.975
1.973
1.9798
1.9794
1.9802
1.9838
1.9842
1.9838
1.987
1.9874
1.9918
1.9914
1.9918
1.9942
1.9982
1.997
2.0022
2.0014
2.0054
2.0018
2.0078
2.0102
2.0094
2.0086
2.0106
2.0142
2.0138
2.0138
2.017
2.019
2.0222
2.0238
2.0234
2.0242
2.0278
2.0278
2.0326
2.033
2.0366
2.0322
2.0394
2.0394
2.039
2.0374
2.0422
2.0406
2.0446
2.0438
2.053
2.0474
2.049
2.0474
2.0542
2.0554
2.0546
2.053
2.0582
2.0582
2.0626
2.057
2.0642
2.0658
2.0642
2.067
2.0682
2.0674
2.0706
2.0682
2.0722
2.0754
2.0774
2.077
2.0762
2.0762
2.0834
2.0802
2.0834
2.0842
2.087
2.0818
2.0858
2.0862
2.0918
2.0906
2.0914
2.0946
2.0958
2.0938
2.0954
2.095
2.097
2.0974
2.0998
2.103
2.105
2.1006
2.1034
2.1066
2.109
2.1066
2.1098
2.1066
2.1146
2.1114
2.115
2.1154
2.1182
2.115
2.1186
2.1186
2.1198
2.121
2.1234
2.1198
2.1258
2.1226
2.1238
2.1214
2.1262
2.1242
2.1282
2.1274
2.1314
2.131
2.133
2.1306
2.133
2.1306
2.1362
2.133
2.1374
2.135
2.1342
2.1374
2.1378
2.1382
2.1418
2.1406
2.1418
2.1398
2.1434
2.1462
2.1446
2.1422
2.1458
2.1442
2.1494
2.1462
2.1486
2.1506
2.1526
2.1498
2.1534
2.1538
2.1546
2.153
2.1526
2.1546
2.1558
2.153
2.1602
2.161
2.1574
2.1598
2.1606
2.1606
2.1662
2.1606
2.1602
2.163
2.1622
2.1602
2.1654
2.165
2.165
2.1638
2.1674
2.1646
2.1702
2.167
2.1694
2.1678
2.1678
2.169
2.171
2.171
2.1746
2.1714
2.1746
2.171
2.1742
2.1738
2.1726
2.1746
2.1762
2.1734
2.1762
2.177
2.1802
2.1782
2.179
2.177
2.1794
2.179
2.1802
2.1762
2.179
2.1818
2.1834
2.1818
2.1862
2.183
2.1894
2.1862
2.1862
2.1818
2.1878
2.1846
2.185
2.1894
2.191
2.1846
2.1898
2.187
2.1922
2.1918
2.1922
2.1898
2.1898
2.189
2.1926
2.1958
2.1906
2.1942
2.1926
2.1942
2.1934
2.195
2.1958
2.193
2.1934
2.1962
2.1978
2.1962
2.1966
2.1958
2.1962
2.1962
2.1994
2.1982
2.2006
2.199
2.2002
2.1998
2.2022
2.2026
2.2042
2.2018
2.2034
2.201
2.2038
2.2006
2.2038
2.2046
2.2034
2.203
2.203
2.2018
2.2022
2.2042
2.2074
2.2034
2.2046
2.2042
2.209
2.207
2.207
2.209
2.2082
2.207
2.207
2.2086
2.2058
2.2058
2.209
2.2054
2.2118
2.2094
2.2098
2.2098
2.2126
2.2094
2.2114
2.211
2.215
2.2118
2.2146
2.2118
2.2146
2.2134
2.2126
2.2118
2.2142
2.217
2.2146
2.2142
2.2166
2.2166
2.2162
2.2162
2.2182
2.2126
2.2146
2.2142
2.2174
2.2154
2.2146
2.2162
2.2194
2.217
2.2186
2.219
2.2202
2.2194
2.2194
2.2202
2.2186
2.2214
2.2218
2.2146
2.2226
2.2158
2.221
2.221
2.2238
2.2214
2.221
2.2222
2.223
2.2222
2.2226
2.2178
2.2218
2.2198
2.2214
2.2218
2.2262
2.223
2.2266
2.2254
2.223
2.2234
2.2242
2.2202
2.2258
2.2202
2.2214
2.225
2.2262
2.2242
2.2242
2.2254
2.227
2.223
2.225
2.2238
2.2262
2.2238
2.2246
2.2242
2.227
2.2266
2.2294
2.223
2.2278
2.2222
2.2294
2.2254
2.229
2.227
2.227
2.2242
2.2286
2.227
2.2266
2.2242
2.2298
2.2254
2.2278
2.2238
2.2278
2.2258
2.2294
2.227
2.2274
2.2254
2.2266
2.227
2.2286
2.2254
2.2282
2.2246
2.2278
2.2238
2.2282
2.227
2.231
2.229
2.2298
2.2302
2.2254
2.2274
2.227
2.2266
2.2278
2.225
2.2266
2.2254
2.2274
2.2258
2.2274
2.2234
2.2274
2.2254
2.2282
2.2258
2.2286
2.223
2.2266
2.2238
2.2234
2.2222
2.2238
2.2218
2.2258
2.2226
2.2234
2.223
2.2222
2.2222
2.2226
2.2218
2.221
2.221
2.2246
2.2218
2.2274
2.221
2.2214
2.2218
2.2278
2.219
2.221
2.223
2.2214
2.2174
2.221
2.2186
2.2222
2.2178
2.2186
2.2194
2.2202
2.2198
2.2154
2.217
2.2206
2.2162
2.2194
2.2178
2.217
2.2146
2.217
2.2126
2.2186
2.2146
2.2166
2.2138
2.2162
2.2162
2.2106
2.2106
2.2134
2.2122
2.2134
2.213
2.2118
2.2114
2.2126
2.2098
2.211
2.2098
2.2106
2.2106
2.2098
2.2066
2.2074
2.209
2.2102
2.207
2.2106
2.2066
2.2094
2.2042
2.205
2.2094
2.209
2.2034
2.2038
2.2046
2.2058
2.2014
2.2038
2.203
2.2038
2.2018
2.2014
2.1978
2.2014
2.1978
2.2002
2.1978
2.2002
2.1974
2.1974
2.195
2.2014
2.1978
2.1978
2.1946
2.1958
2.1954
2.1938
2.1962
2.1906
2.1918
2.1926
2.189
2.1886
2.1898
2.1906
2.1882
2.1914
2.189
2.189
2.1874
2.1862
2.1854
2.189
2.1878
2.1878
2.1822
2.1826
2.1866
2.1834
2.183
2.187
2.1814
2.1806
2.183
2.181
2.1806
2.177
2.1774
2.1798
2.1802
2.1818
2.1782
2.1774
2.1786
2.175
2.173
2.1786
2.1746
2.1762
2.1774
2.1762
2.1754
2.1742
2.1702
2.1694
2.1718
2.173
2.1726
2.1702
2.1686
2.169
2.1682
2.173
2.1706
2.1682
2.1678
2.1682
2.1662
2.169
2.167
2.1646
2.1666
2.167
2.167
2.1662
2.1622
2.163
2.1634
2.1646
2.1606
2.1634
2.1614
2.165
2.159
2.161
2.1622
2.1618
2.1614
2.1634
2.157
2.1598
2.1566
2.1574
2.1578
2.1594
2.1558
2.1602
2.1518
2.1566
2.1538
2.1538
2.1534
2.1558
2.1534
2.1538
2.1546
2.1534
2.1538
2.151
2.1514
2.1542
2.1486
2.1526
2.1478
2.1498
2.1498
2.1486
2.1498
2.1498
2.149
2.151
2.1474
2.1514
2.1438
2.1494
2.1474
2.1494
2.1478
2.1478
2.1462
2.147
2.1458
2.145
2.145
2.1474
2.145
2.1478
2.143
2.1478
2.1446
2.1446
2.145
2.141
2.1414
2.1418
2.1414
2.145
2.1406
2.1434
2.1402
2.1406
2.1446
2.1438
2.1434
2.1406
2.141
2.1394
2.1398
2.1414
2.1394
2.141
2.1394
2.1434
2.1414
2.1398
2.135
2.1366
2.139
2.143
2.139
2.1382
2.1382
2.1406
2.1402
2.139
2.1418
2.1382
2.1346
2.1374
2.1382
2.139
2.133
2.1382
2.1362
2.1386
2.1366
2.1366
2.1354
2.1358
2.1334
2.1374
2.1346
2.1394
2.1354
2.1346
2.1378
2.1362
2.1346
2.135
2.133
2.1354
2.1382
2.1346
2.1394
2.1366
2.1338
2.1342
2.133
2.1366
2.1322
2.1358
2.1366
2.1354
2.1366
2.1362
2.1374
2.1362
2.1338
2.1358
2.1374
2.1338
2.1338
2.135
2.1346
2.1362
2.1366
2.1338
2.1354
2.135
2.1354
2.1358
2.1322
2.1358
2.1318
2.1346
2.1334
2.1318
2.1322
2.1374
2.133
2.139
2.1342
2.133
2.1306
2.133
2.1326
2.1338
2.1326
2.1382
2.1334
2.133
2.135
2.1362
2.1286
2.1346
2.133
2.1334
2.1326
2.1354
2.1302
2.1326
2.1314
2.133
2.1338
2.1326
2.1318
2.1338
2.1334
2.1362
2.131
2.135
2.1326
2.1366
2.1362
2.1334
2.1338
2.1362
2.133
2.1346
2.133
2.1354
2.1318
2.1374
2.1306
2.1334
2.1294
2.135
2.1354
2.1342
2.1346
2.1342
2.1362
2.1334
2.1358
2.1378
2.1366
2.1374
2.1366
2.1354
2.1346
2.1354
2.1346
2.1362
2.1346
2.1358
2.1346
2.137
2.1374
2.1362
2.1358
2.1378
2.1346
2.1366
2.135
2.1358
2.1374
2.1346
2.1386
2.1382
2.1386
2.1422
2.1382
2.1398
2.1374
2.1374
2.1366
2.137
2.1374
2.1366
2.1318
2.1394
2.139
2.1402
2.1386
2.1386
2.1362
2.1398
2.1362
2.1374
2.1402
2.1386
2.1362
2.1382
2.1378
2.1434
2.139
2.1394
2.139
2.1394
2.1406
2.1418
2.1382
2.141
2.1386
2.1418
2.1418
2.1426
2.137
2.1406
2.1386
2.1422
2.1394
2.1458
2.1398
2.1446
2.1418
2.145
2.1414
2.141
2.1426
2.1434
2.1442
2.1438
2.1406
2.1434
2.1434
2.1426
2.1418
2.1462
2.1406
2.1458
2.1426
2.1426
2.141
2.1446
2.1418
2.1434
2.1426
2.1462
2.1426
2.1482
2.145
2.143
2.1454
2.1442
2.143
2.1494
2.1414
2.1478
2.1438
2.1478
2.1462
2.1458
2.1462
2.145
2.1454
2.1494
2.1446
2.1478
2.1446
2.1458
2.1502
2.1454
2.1494
2.1474
2.1502
2.153
2.1438
2.1474
2.1474
2.1466
2.1462
2.1486
2.1478
2.1526
2.1466
2.1514
2.1482
2.1482
2.1482
2.1486
2.1502
2.1506
2.1486
2.1502
2.149
2.1502
2.1526
2.153
2.1526
2.1506
2.1514
2.1478
2.1514
2.1514
2.1466
2.151
2.1534
2.1514
2.1482
2.1522
2.1486
2.149
2.1482
2.1518
2.1514
2.1526
2.1506
2.1498
2.1526
2.1526
2.1502
2.1522
2.1546
2.1526
2.1482
2.1522
2.1522
2.1546
2.153
2.1538
2.155
2.153
2.1526
2.1546
2.1546
2.1546
2.1526
2.1558
2.1554
2.1562
2.1554
2.1554
2.155
2.1562
2.1554
2.1558
2.155
2.1574
2.157
2.1574
2.1558
2.1582
2.1574
2.157
2.1558
2.1562
2.1542
2.1586
2.1522
2.1598
2.1546
2.159
2.1542
2.155
2.1566
2.161
2.159
2.1594
2.1594
2.1598
2.1574
2.1578
2.1574
2.1602
2.1598
2.159
2.1566
2.157
2.1602
2.157
2.1594
2.1578
2.1562
2.1598
2.157
2.1618
2.1606
2.1602
2.1574
2.1618
2.1614
2.159
2.1598
2.1614
2.1638
2.1626
2.1602
2.1602
2.1594
2.163
2.1594
2.163
2.1598
2.163
2.1602
2.161
2.163
2.161
2.1618
2.1618
2.165
2.1626
2.1618
2.1618
2.161
2.1618
2.1622
2.1654
2.1614
2.1598
2.1622
2.161
2.163
2.1654
2.1646
2.1634
2.1622
2.163
2.1646
2.165
2.167
2.1622
2.1626
2.1634
2.1602
2.1654
2.1622
2.161
2.1614
2.1642
2.1602
2.1646
2.1618
2.1642
2.1618
2.1654
2.1654
2.1642
2.165
2.1642
2.1614
2.167
2.1662
2.1638
2.1646
2.1654
2.1654
2.165
2.1646
2.1662
2.163
2.161
2.1622
2.1666
2.1658
2.165
2.1682
2.1642
2.1694
2.1674
2.1642
2.1678
2.1654
2.1642
2.1642
2.1674
2.167
2.1674
2.1666
2.165
2.165
2.1662
2.163
2.1678
2.1654
2.1638
2.1586
2.165
2.1658
2.1646
2.1678
2.1646
2.1658
2.169
2.1634
2.1666
2.161
2.1734
2.1634
2.169
2.1638
2.1654
2.1642
2.1674
2.1678
2.1658
2.1634
2.1654
2.1646
2.1654
2.1662
2.1678
2.1674
2.1682
2.165
2.169
2.1662
2.1686
2.1646
2.1674
2.165
2.1686
2.1634
2.169
2.1678
2.1682
2.1646
2.1642
2.1662
2.1646
2.1654
2.1698
2.1666
2.1682
2.1654
2.1686
2.1678
2.1702
2.1646
2.169
2.167
2.1678
2.1654
2.1682
2.1662
2.1698
2.167
2.1674
2.1674
2.1702
2.1646
2.1686
2.1666
2.167
2.1682
2.1658
2.1646
2.1694
2.1658
2.1702
2.169
2.1662
2.1698
2.1674
2.1666
2.167
2.1678
2.1658
2.1682
2.1674
2.1666
2.1678
2.1686
2.1714
2.169
2.167
2.169
2.1722
2.1698
2.1722
2.1682
2.1706
2.1682
2.169
2.1706
2.1742
2.1686
2.1718
2.1646
2.173
2.1674
2.173
2.1674
2.1694
2.1694
2.1698
2.1674
2.1734
2.169
2.171
2.1706
2.1698
2.1694
2.1694
2.1706
2.1746
2.171
2.1726
2.167
2.1702
2.1706
2.171
2.1702
2.1714
2.1722
2.1686
2.1722
2.1714
2.1734
2.1722
2.1722
2.1734
2.1706
2.1698
2.1722
2.175
2.1702
2.173
2.1714
2.171
2.169
2.1726
2.1714
2.1706
2.1722
2.1706
2.1702
2.173
2.1686
2.171
2.1718
2.173
2.1718
2.1718
2.173
2.1706
2.171
2.1746
2.1694
2.1722
2.1706
2.1738
2.1718
2.173
2.1698
2.1734
2.1718
2.1734
2.1714
2.1714
2.1734
2.171
2.1722
2.1782
2.1714
2.1758
2.1714
2.1746
2.1726
2.1738
2.1718
2.1754
2.1742
2.1718
2.1734
2.175
2.175
2.1774
2.1734
2.1758
2.1714
2.1774
2.1718
2.1742
2.1754
2.1746
2.177
2.173
2.1746
2.175
2.173
2.1762
2.175
2.175
2.1782
2.1758
2.1758
2.1766
2.1778
2.1794
2.1754
2.175
2.1766
2.1758
2.177
2.1774
2.175
2.1766
2.1758
2.1758
2.1742
2.1778
2.1754
2.1774
2.1778
2.1742
2.1778
2.179
2.1758
2.1794
2.1778
2.1806
2.1766
2.1794
2.1802
2.1794
2.1758
2.1802
2.177
2.1774
2.1802
2.1818
2.1798
2.1818
2.1794
2.1818
2.1806
2.181
2.1794
2.1826
2.1806
2.1798
2.1826
2.1826
2.1806
2.1814
2.179
2.1782
2.1826
2.183
2.181
2.1806
2.181
2.1834
2.1806
2.183
2.181
2.1826
2.185
2.1818
2.1838
2.1834
2.1766
2.1814
2.1854
2.1826
2.1838
2.1866
2.1818
2.1834
2.1814
2.1854
2.1854
2.1866
2.183
2.189
2.1838
2.1862
2.185
2.1874
2.185
2.1874
2.185
2.1854
2.1878
2.185
2.1826
2.1894
2.185
2.1866
2.1862
2.187
2.187
2.1878
2.1882
2.1866
2.1858
2.1882
2.187
2.1882
2.1874
2.189
2.1898
2.1874
2.1858
2.187
2.1882
2.1934
2.1874
2.189
2.1878
2.1898
2.1886
2.1882
2.187
2.1894
2.189
2.1906
2.191
2.1898
2.1878
2.189
2.189
2.1898
2.1906
2.1874
2.1906
2.1926
2.1926
2.1934
2.1886
2.1894
2.1902
2.191
2.1934
2.191
2.1918
2.1942
2.1898
2.1938
2.1938
2.1926
2.1942
2.1914
2.1902
2.1938
2.1926
2.1942
2.191
2.1966
2.1938
2.1946
2.1938
2.193
2.1934
2.1962
2.191
2.199
2.195
2.1946
2.1954
2.1922
2.1934
2.1942
2.1954
2.1974
2.1934
2.1954
2.195
2.1922
2.1978
2.1966
2.1954
2.1974
2.1934
2.1962
2.1938
2.1978
2.1958
2.199
2.197
2.1954
2.1974
2.197
2.195
2.197
2.1974
2.1986
2.1966
2.1994
2.1986
2.2018
2.1978
2.2034
2.1994
2.197
2.1994
2.1994
2.2002
2.2002
2.1962
2.197
2.1982
2.199
2.199
2.199
2.1962
2.2018
2.1982
2.2022
2.1994
2.2006
2.201
2.197
2.1986
2.1994
2.201
2.2002
2.199
2.2014
2.2018
2.1998
2.2022
2.2022
2.1986
2.2026
2.2018
2.2018
2.2006
2.2006
2.1982
2.2022
2.2006
2.2042
2.1994
2.2022
2.2022
2.1986
2.2006
2.2038
2.2022
2.2054
2.2042
2.2034
2.201
2.2062
2.201
2.2054
2.2022
2.2058
2.203
2.201
2.203
2.2034
2.2018
2.2058
2.203
2.2026
2.2014
2.203
2.2062
2.203
2.2058
2.2058
2.205
2.2014
2.205
2.2018
2.2018
2.2014
2.2062
2.2074
2.2062
2.203
2.2062
2.2062
2.2066
2.2058
2.2034
2.2054
2.2022
2.2038
2.2062
2.2082
2.2082
2.2054
2.2078
2.2038
2.2066
2.2054
2.2018
2.2082
2.203
2.205
2.2042
2.203
2.2046
2.2058
2.203
2.2086
2.203
2.2038
2.2058
2.203
2.2026
2.207
2.2054
2.2054
2.2078
2.2062
2.207
2.2058
2.2034
2.2054
2.205
2.2042
2.2098
2.2022
2.2038
2.207
2.2026
2.2054
2.2074
2.2082
2.2034
2.2066
2.2046
2.205
2.2078
2.2054
2.2046
2.2078
2.209
2.2074
2.205
2.2074
2.207
2.2058
2.2034
2.2094
2.2038
2.2054
2.2054
2.2086
2.2086
2.205
2.2066
2.2062
2.205
2.2074
2.207
2.207
2.2046
2.2042
2.2058
2.2074
2.2074
2.2062
2.2058
2.207
2.2046
2.207
2.2042
2.2074
2.2074
2.2054
2.2054
2.207
2.205
2.2058
2.2062
2.2062
2.2034
2.2098
2.205
2.2062
2.2034
2.2054
2.207
2.2094
2.2058
2.2062
2.2066
2.205
2.2046
2.2066
2.2058
2.2094
2.2074
2.209
2.2054
2.2098
2.2042
2.2054
2.205
2.2042
2.2054
2.2026
2.2038
2.2058
2.2018
2.2038
2.2026
2.2094
2.2058
2.2034
2.2054
2.2066
2.2042
2.2054
2.2046
2.2082
2.2054
2.2042
2.2054
2.205
2.2062
2.2066
2.2038
2.2058
2.2058
2.2046
2.207
2.2054
2.2042
2.2062
2.2046
2.2058
2.2046
2.203
2.2038
2.2046
2.2026
2.2062
2.2014
2.209
2.2018
2.2034
2.2042
2.2054
2.2014
2.2014
2.201
2.2062
2.2038
2.2018
2.1994
2.207
2.2034
2.207
2.2042
2.2038
2.201
2.1986
2.2026
2.203
2.2022
2.2042
2.199
2.2042
2.2042
2.1998
2.205
2.2002
2.201
2.2006
2.2026
2.205
2.1998
2.2006
2.2002
2.1998
2.1998
2.2018
2.2014
2.2002
2.1982
2.2022
2.1982
2.2026
2.1974
2.1982
2.2034
2.2038
2.2014
2.201
2.1998
2.2034
2.203
2.2018
2.2014
2.2022
2.1974
2.2006
2.201
2.2018
2.2006
2.1978
2.201
2.203
2.1978
2.1978
2.1986
2.1978
2.199
2.1978
2.1966
2.201
2.1978
2.199
2.1998
2.1986
2.199
2.1982
2.1982
2.1994
2.1958
2.1986
2.1982
2.1982
2.1982
2.1958
2.1978
2.2014
2.197
2.1994
2.1982
2.197
2.1982
2.197
2.1966
2.201
2.1962
2.1986
2.1974
2.1978
2.1974
2.1962
2.1982
2.1982
2.1962
2.1958
2.1958
2.199
2.1982
2.199
2.197
2.1978
2.1994
2.1934
2.1966
2.1982
2.1986
2.1962
2.195
2.1978
2.1938
2.1942
2.1966
2.197
2.1966
2.1998
2.197
2.1938
2.197
2.1974
2.197
2.1946
2.1942
2.1954
2.1942
2.1994
2.1946
2.1938
2.193
2.1978
2.1974
2.1978
2.195
2.1954
2.1914
2.195
2.197
2.1938
2.1898
2.195
2.1898
2.1942
2.1946
2.1926
2.1918
2.1918
2.1918
2.1942
2.193
2.1938
2.1962
2.1958
2.1934
2.1958
2.1942
2.1918
2.1946
2.1974
2.193
2.195
2.193
2.1942
2.1914
2.1926
2.1922
2.1946
2.191
2.191
2.1942
2.1958
2.1938
2.1918
2.193
2.1938
2.1922
2.1934
2.1922
2.1938
2.1922
2.1898
2.193
2.1958
2.1906
2.1914
2.1926
2.195
2.1878
2.193
2.1894
2.1902
2.1922
2.1902
2.1906
2.1934
2.1878
2.1918
2.1898
2.1906
2.1894
2.191
2.1882
2.1942
2.189
2.1918
2.1874
2.189
2.1898
2.193
2.1902
2.1902
2.185
2.187
2.1874
2.1886
2.1898
2.1898
2.1866
2.189
2.189
2.1894
2.189
2.1862
2.1894
2.1918
2.1902
2.1902
2.1866
2.187
2.1906
2.1886
2.1898
2.1906
2.1894
2.189
2.1838
2.191
2.189
2.1878
2.1866
2.1874
2.1862
2.1862
2.1878
2.1894
2.1878
2.189
2.1874
2.1854
2.1878
2.187
2.1862
2.1862
2.1858
2.1902
2.1866
2.185
2.1854
2.1862
2.1846
2.1866
2.1878
2.1854
2.1838
2.1874
2.1886
2.1858
2.1846
2.1886
2.185
2.1894
2.1894
2.1862
2.1878
2.1874
2.1858
2.1878
2.1822
2.1862
2.1846
2.1842
2.1846
2.1838
2.1846
2.1814
2.1854
2.1886
2.1858
2.1838
2.1866
2.1858
2.1846
2.1854
2.1794
2.1854
2.1866
2.1826
2.185
2.187
2.1846
2.1886
2.1826
2.1858
2.1834
2.1834
2.1842
2.1826
2.1842
2.1862
2.1826
2.1814
2.183
2.1838
2.185
2.187
2.1854
2.1862
2.1826
2.185
2.1854
2.185
2.1846
2.1882
2.187
2.1858
2.1862
2.1862
2.1842
2.1854
2.1874
2.185
2.1838
2.1854
2.1854
2.1842
2.1838
2.185
2.1838
2.185
2.1858
2.185
2.185
2.1854
2.1866
2.1858
2.1854
2.1834
2.1838
2.1854
2.1858
2.1842
2.1826
2.1866
2.1822
2.1838
2.1846
2.1842
2.1846
2.1878
2.1842
2.1854
2.1834
2.1854
2.1846
2.187
2.1802
2.1826
2.1818
2.185
2.1866
2.181
2.1826
2.1858
2.1838
2.1846
2.1822
2.1862
2.1826
2.1846
2.1834
2.1838
2.1806
2.1846
2.1834
2.1854
2.185
2.1858
2.1818
2.1814
2.1818
2.1822
2.1854
2.1834
2.1838
2.1858
2.1822
2.1858
2.1826
2.1838
2.1818
2.1842
2.1794
2.1822
2.1838
2.1842
2.1838
2.1834
2.1846
2.1846
2.1834
2.1826
2.1846
2.1818
2.1834
2.1818
2.1794
2.1862
2.1834
2.1838
2.185
2.1814
2.1818
2.1838
2.1822
2.1854
2.1834
2.1838
2.1826
2.183
2.1786
2.1818
2.181
2.1814
2.1786
2.1838
2.1802
2.1826
2.1826
2.183
2.183
2.1862
2.1838
2.1842
2.1854
2.1842
2.1826
2.1838
2.1826
2.1834
2.1842
2.1822
2.1818
2.1842
2.1834
2.1834
2.187
2.1846
2.1798
2.1858
2.181
2.1858
2.1838
2.1834
2.181
2.183
2.1798
2.1834
2.1814
2.1794
2.1846
2.185
2.1826
2.1838
2.1834
2.1846
2.1818
2.1834
2.183
2.1802
2.1834
2.1818
2.1802
2.1842
2.1862
2.1818
2.1798
2.1846
2.1806
2.1866
2.1814
2.185
2.185
2.183
2.1838
2.1854
2.1818
2.1818
2.1814
2.183
2.1834
2.1838
2.1798
2.1838
2.1826
2.1834
2.1858
2.185
2.1838
2.179
2.1826
2.1794
2.1794
2.1822
2.181
2.181
2.181
2.1858
2.1802
2.1858
2.1826
2.1854
2.1814
2.1806
2.185
2.183
2.1814
2.1838
2.1802
2.185
2.1806
2.1842
2.1854
2.1842
2.1854
2.1826
2.179
2.1814
2.1806
2.1866
2.1838
2.1842
2.1814
2.1826
2.1826
2.1842
2.1826
2.1834
2.1846
2.1842
2.1866
2.1834
2.1838
2.1838
2.183
2.1862
2.1786
2.183
2.1842
2.1818
2.1802
2.1846
2.185
2.1862
2.1818
2.1834
2.183
2.185
2.1822
2.1838
2.1826
2.1858
2.183
2.1858
2.1838
2.1842
2.1826
2.1826
2.1838
2.1838
2.1826
2.183
2.1826
2.1858
2.1814
2.183
2.1854
2.1834
2.1822
2.1834
2.1794
2.1862
2.1822
2.185
2.1886
2.183
2.1814
2.1834
2.1826
2.1834
2.1838
2.1854
2.1794
2.1846
2.185
2.185
2.1814
2.1826
2.1838
2.1846
2.1838
2.1822
2.1866
2.183
2.1834
2.1826
2.1842
2.1842
2.183
2.1834
2.1862
2.1814
2.185
2.1846
2.1834
2.1846
2.1862
2.1846
2.1838
2.1838
2.1806
2.1874
2.1846
2.1846
2.183
2.1786
2.185
2.1862
2.1822
2.1842
2.1818
2.183
2.185
2.1846
2.1866
2.1858
2.183
2.1826
2.1858
2.1858
2.1846
2.187
2.1838
2.1858
2.183
2.1826
2.183
2.185
2.1806
2.1826
2.1814
2.1834
2.1818
2.1854
2.1854
2.1818
2.1814
2.185
2.1842
2.1842
2.1846
2.1858
2.1838
2.1842
2.1802
2.1866
2.1806
2.1842
2.1818
2.1814
2.1834
2.1866
2.1826
2.1858
2.1818
2.1798
2.1826
2.1854
2.185
2.1838
2.1842
2.187
2.1814
2.1846
2.1778
2.1854
2.1806
2.1818
2.1838
2.1858
2.1822
2.1834
2.1838
2.1858
2.183
2.1854
2.1826
2.183
2.1834
2.1842
2.1826
2.1854
2.1834
2.1846
2.1838
2.1866
2.1838
2.1842
2.1806
2.1898
2.183
2.1838
2.1854
2.1834
2.1854
2.1862
2.1814
2.1862
2.1798
2.185
2.1818
2.1838
2.1866
2.1862
2.1854
2.1854
2.185
2.1862
2.1814
2.1878
2.1834
2.1862
2.179
2.1838
2.1842
2.183
2.1862
2.1846
2.1842
2.1838
2.1802
2.185
2.1846
2.1854
2.1858
2.1866
2.1846
2.1858
2.1854
2.1858
2.1838
2.185
2.185
2.1854
2.1822
2.1874
2.1842
2.1862
2.183
2.1842
2.1798
2.1834
2.1858
2.181
2.183
2.1846
2.1878
2.1846
2.1838
2.1846
2.1834
2.1874
2.1862
2.1834
