2.1604
2.1576
2.1568
2.1568
2.1564
2.1592
2.1564
2.1564
2.1608
2.1556
2.1576
2.1584
2.158
2.158
2.1584
2.1556
2.1612
2.1572
2.1588
2.1616
2.1588
2.1584
2.1584
2.1568
2.1588
2.1576
2.1588
2.1556
2.1576
2.1564
2.158
2.1588
2.1592
2.1576
2.1564
2.1592
2.1608
2.1556
2.1564
2.1584
2.1608
2.1572
2.1576
2.1576
2.1612
2.1544
2.1572
2.1576
2.164
2.1556
2.1592
2.1592
2.1584
2.1592
2.1568
2.1592
2.1632
2.1592
2.1592
2.1568
2.1576
2.1604
2.1616
2.1588
2.1628
2.156
2.1572
2.1568
2.1616
2.158
2.1572
2.158
2.1584
2.1564
2.1576
2.1592
2.1596
2.1572
2.158
2.1576
2.1608
2.1584
2.164
2.1584
2.16
2.1584
2.1584
2.1572
2.1604
2.1584
2.1564
2.162
2.1604
2.158
2.1576
2.1568
2.1584
2.1576
2.1596
2.1592
2.1588
2.16
2.1576
2.1592
2.1616
2.156
2.1556
2.1572
2.16
2.1552
2.16
2.1572
2.1588
2.1576
2.1576
2.158
2.1632
2.1572
2.156
2.1604
2.1612
2.1596
2.1636
2.16
2.1628
2.1568
2.158
2.1588
2.1576
2.158
2.1576
2.1584
2.1588
2.1576
2.1588
2.1588
2.158
2.1568
2.1572
2.1596
2.1596
2.1592
2.158
2.1592
2.1608
2.158
2.1592
2.1584
2.1628
2.1584
2.1572
2.1596
2.1644
2.1592
2.1596
2.158
2.1584
2.1588
2.156
2.1536
2.1604
2.1544
2.1564
2.1576
2.1576
2.1572
2.156
2.1576
2.1588
2.1592
2.158
2.1568
2.1596
2.1576
2.1596
2.1576
2.1636
2.1616
2.154
2.1572
2.1628
2.1576
2.1592
2.1564
2.1548
2.1568
2.1536
2.1536
2.1584
2.1532
2.1536
2.1552
2.1536
2.1548
2.1536
2.1536
2.1576
2.1588
2.158
2.1592
2.1604
2.156
2.1568
2.1636
2.1596
2.1612
2.1572
2.1568
2.1628
2.1524
2.1544
2.1588
2.152
2.152
2.1556
2.1524
2.154
2.1528
2.1536
2.154
2.156
2.156
2.158
2.156
2.16
2.1588
2.1624
2.1576
2.1612
2.162
2.1564
2.164
2.1604
2.1576
2.1608
2.1532
2.1548
2.1564
2.1512
2.1552
2.156
2.152
2.1548
2.1564
2.1532
2.1516
2.1544
2.1532
2.1596
2.1576
2.16
2.1592
2.16
2.1592
2.1564
2.1588
2.16
2.1596
2.1584
2.1584
2.1616
2.158
2.16
2.1548
2.1528
2.1532
2.158
2.1544
2.1544
2.1532
2.1512
2.1552
2.1564
2.1528
2.1592
2.1544
2.1596
2.1588
2.1576
2.1572
2.1636
2.1596
2.1568
2.1608
2.1592
2.1568
2.158
2.158
2.1568
2.1556
2.1548
2.1552
2.1564
2.1544
2.1544
2.1492
2.1516
2.1524
2.1552
2.1516
2.1544
2.1568
2.1508
2.1572
2.1584
2.1548
2.1572
2.1548
2.16
2.16
2.16
2.1612
2.1624
2.1584
2.1624
2.1584
2.1584
2.1572
2.1568
2.1564
2.158
2.1556
2.152
2.1512
2.1548
2.1512
2.1568
2.156
2.1552
2.154
2.156
2.1512
2.16
2.1568
2.1576
2.1572
2.1584
2.1564
2.16
2.1584
2.1608
2.1576
2.154
2.156
2.1604
2.1552
2.1588
2.1548
2.152
2.1532
2.1564
2.154
2.1568
2.1508
2.1536
2.1548
2.156
2.1532
2.1572
2.1544
2.16
2.1572
2.1568
2.1576
2.16
2.1568
2.1612
2.1584
2.1592
2.1608
2.1592
2.1588
2.1604
2.1556
2.1544
2.1576
2.1552
2.1516
2.156
2.1528
2.154
2.1552
2.1536
2.1532
2.1568
2.1536
2.1548
2.1536
2.1596
2.1544
2.1544
2.1528
2.1584
2.1576
2.1576
2.1548
2.1592
2.156
2.1544
2.1556
2.154
2.1528
2.1532
2.1556
2.1548
2.1532
2.1508
2.1524
2.1552
2.1524
2.1528
2.1568
2.1544
2.152
2.1536
2.156
2.1544
2.1548
2.1564
2.1552
2.1584
2.1532
2.1544
2.1572
2.1592
2.1528
2.1568
2.1556
2.1528
2.152
2.1564
2.1512
2.1592
2.1536
2.1536
2.1504
2.1512
2.1492
2.1532
2.1504
2.1568
2.154
2.1492
2.154
2.1584
2.1532
2.1556
2.158
2.1552
2.1556
2.1556
2.1524
2.1588
2.154
2.1548
2.1572
2.1572
2.1548
2.156
2.154
2.1548
2.1552
2.1532
2.1552
2.1556
2.1524
2.1492
2.1528
2.1604
2.156
2.1572
2.1544
2.1552
2.1552
2.158
2.1576
2.1616
2.156
2.1552
2.1516
2.1572
2.1552
2.1568
2.1532
2.156
2.152
2.152
2.1568
2.152
2.1516
2.1508
2.1544
2.1536
2.156
2.156
2.154
2.1572
2.1532
2.1556
2.1568
2.1588
2.1552
2.1552
2.156
2.1592
2.1548
2.1552
2.1568
2.1544
2.1544
2.1588
2.1548
2.1524
2.154
2.1528
2.1524
2.1568
2.152
2.152
2.154
2.1564
2.1524
2.1568
2.1564
2.156
2.1572
2.1576
2.1576
2.1616
2.158
2.1596
2.1564
2.1576
2.1588
2.154
2.1576
2.1576
2.1528
2.1552
2.1568
2.1608
2.1552
2.1592
2.1552
2.1548
2.1552
2.1532
2.1584
2.158
2.1556
2.1552
2.1552
2.1588
2.156
2.1568
2.1552
2.1604
2.158
2.1556
2.1596
2.156
2.156
2.1556
2.1544
2.156
2.152
2.1552
2.156
2.1564
2.156
2.154
2.1548
2.1556
2.1532
2.1568
2.1528
2.158
2.1532
2.158
2.158
2.1544
2.156
2.1556
2.1556
2.1528
2.1536
2.1592
2.1536
2.1572
2.1568
2.1528
2.1576
2.1584
2.1524
2.1556
2.1536
2.1576
2.152
2.1568
2.1556
2.16
2.154
2.1568
2.1556
2.156
2.1564
2.156
2.1556
2.1576
2.1536
2.1544
2.1532
2.1544
2.1584
2.1588
2.1564
2.1616
2.1572
2.1568
2.1588
2.1604
2.1536
2.156
2.1548
2.1552
2.1564
2.1568
2.1572
2.1604
2.156
2.1556
2.156
2.1572
2.1532
2.1596
2.1524
2.1584
2.1548
2.154
2.1568
2.1524
2.1532
2.1524
2.1548
2.1572
2.1584
2.1572
2.1532
2.1556
2.1568
2.1576
2.1584
2.1572
2.1568
2.1564
2.154
2.1588
2.1544
2.158
2.1576
2.1608
2.1564
2.1556
2.1564
2.1552
2.1544
2.1548
2.1528
2.1576
2.156
2.1504
2.154
2.156
2.1516
2.1568
2.1528
2.1552
2.1576
2.1544
2.1596
2.1608
2.154
2.1576
2.1564
2.1568
2.1584
2.1556
2.1556
2.1568
2.1568
2.1564
2.1536
2.156
2.1556
2.1548
2.1556
2.1552
2.1516
2.1512
2.1512
2.1508
2.1548
2.1552
2.1544
2.1564
2.1548
2.1576
2.1556
2.1572
2.1556
2.156
2.1628
2.1584
2.1552
2.1584
2.15
2.1584
2.1576
2.1564
2.1576
2.1556
2.1564
2.1536
2.1532
2.1552
2.1544
2.154
2.1564
2.1588
2.1548
2.158
2.1552
2.1588
2.1572
2.1564
2.1592
2.1616
2.1552
2.1572
2.1572
2.1588
2.1596
2.1564
2.1572
2.1596
2.1596
2.16
2.158
2.1576
2.1568
2.1536
2.158
2.156
2.1552
2.1564
2.1572
2.1576
2.156
2.1584
2.1556
2.1628
2.1584
2.1568
2.1616
2.1612
2.1584
2.1596
2.1616
2.1604
2.1592
2.1584
2.1548
2.1616
2.156
2.1568
2.1592
2.1572
2.1568
2.158
2.1548
2.1564
2.1548
2.1572
2.158
2.1592
2.1576
2.1604
2.1576
2.1568
2.1584
2.1608
2.158
2.164
2.1572
2.1592
2.1632
2.1608
2.1592
2.1592
2.1576
2.1596
2.1584
2.1556
2.1572
2.1584
2.1532
2.1544
2.158
2.1556
2.1556
2.1548
2.1556
2.158
2.1568
2.1584
2.1552
2.1576
2.1576
2.1592
2.1568
2.1612
2.1584
2.1572
2.1608
2.1616
2.1572
2.1604
2.1608
2.1584
2.1572
2.1564
2.1564
2.1568
2.158
2.1568
2.154
2.1556
2.1536
2.156
2.1568
2.1584
2.1548
2.156
2.1584
2.156
2.1568
2.16
2.1576
2.1604
2.1592
2.16
2.1612
2.1604
2.156
2.1572
2.1576
2.1608
2.1548
2.1572
2.1556
2.1548
2.1532
2.1596
2.1536
2.1556
2.1532
2.1552
2.1556
2.1568
2.156
2.1572
2.1568
2.158
2.1572
2.1576
2.1604
2.1648
2.1588
2.1596
2.158
2.1628
2.1576
2.1592
2.16
2.1584
2.154
2.1592
2.156
2.1564
2.1524
2.154
2.156
2.1528
2.1516
2.1536
2.1544
2.1556
2.154
2.1556
2.1572
2.1608
2.1568
2.158
2.1576
2.1612
2.1592
2.1604
2.16
2.1604
2.1544
2.1592
2.1568
2.16
2.1588
2.1548
2.156
2.1564
2.1516
2.1556
2.154
2.1564
2.1532
2.154
2.1544
2.1552
2.1576
2.154
2.1568
2.1624
2.158
2.1596
2.1584
2.1608
2.162
2.1596
2.1604
2.1612
2.158
2.1584
2.1576
2.1584
2.1552
2.1536
2.1564
2.1584
2.152
2.152
2.1528
2.1604
2.1528
2.1536
2.1576
2.1572
2.1584
2.1584
2.1592
2.1636
2.1572
2.158
2.158
2.1604
2.162
2.16
2.1632
2.1616
2.1592
2.1592
2.1572
2.1556
2.1532
2.154
2.1532
2.1584
2.1552
2.1528
2.1544
2.1568
2.1532
2.1528
2.1592
2.1604
2.1584
2.1624
2.1572
2.1552
2.158
2.1592
2.1568
2.1636
2.1572
2.1584
2.1596
2.1588
2.156
2.1548
2.1576
2.1576
2.1564
2.1576
2.1568
2.1536
2.1544
2.1552
2.1532
2.1608
2.156
2.1544
2.1584
2.1588
2.158
2.1584
2.1576
2.16
2.1568
2.1616
2.1592
2.1596
2.1588
2.1584
2.1584
2.1568
2.1588
2.1556
2.1552
2.1584
2.1528
2.156
2.158
2.1584
2.1568
2.154
2.1576
2.158
2.158
2.1584
2.1564
2.16
2.1604
2.16
2.1552
2.1608
2.1548
2.1584
2.1572
2.1572
2.156
2.16
2.1568
2.1596
2.1528
2.158
2.1476
2.1548
2.1548
2.1504
2.156
2.1532
2.1536
2.1556
2.1532
2.1592
2.1584
2.1576
2.1568
2.1612
2.1568
2.1588
2.1572
2.1608
2.1568
2.1588
2.1576
2.1584
2.1564
2.1568
2.1536
2.1544
2.156
2.1532
2.1564
2.1552
2.152
2.1568
2.156
2.156
2.154
2.1536
2.156
2.1584
2.1568
2.1552
2.1568
2.1548
2.1564
2.1556
2.1568
2.1576
2.1568
2.1564
2.1552
2.1556
2.1564
2.1564
2.1552
2.1536
2.1588
2.1568
2.1552
2.1588
2.1536
2.158
2.1552
2.1568
2.1548
2.154
2.1584
2.1584
2.156
2.154
2.158
2.1556
2.154
2.1572
2.1576
2.158
2.156
2.1544
2.154
2.1596
2.1568
2.154
2.158
2.1576
2.1532
2.1576
2.156
2.1584
2.1588
2.1552
2.1572
2.1592
2.1548
2.1556
2.1564
2.158
2.1568
2.1536
2.1556
2.16
2.1572
2.154
2.1568
2.158
2.1568
2.1572
2.16
2.1548
2.154
2.1512
2.1516
2.1552
2.1548
2.1544
2.1572
2.1588
2.156
2.1532
2.1552
2.1572
2.1568
2.158
2.1568
2.156
2.1536
2.1604
2.1576
2.1552
2.158
2.1584
2.1552
2.1572
2.1536
2.1552
2.154
2.1576
2.1544
2.1596
2.154
2.1624
2.158
2.1588
2.1576
2.156
2.1544
2.1544
2.1556
2.1564
2.158
2.1544
2.1568
2.1556
2.1544
2.1536
2.1568
2.1608
2.1532
2.152
2.1544
2.1572
2.1552
2.1556
2.1564
2.1588
2.156
2.1552
2.1596
2.1596
2.1572
2.1556
2.158
2.1588
2.1584
2.156
2.1556
2.1572
2.1572
2.1556
2.1572
2.1556
2.158
2.1536
2.1552
2.1532
2.1532
2.154
2.1544
2.1588
2.1548
2.154
2.1548
2.1552
2.1556
2.1552
2.1592
2.16
2.1532
2.1584
2.1568
2.1572
2.1568
2.1568
2.156
2.1584
2.1588
2.1556
2.1572
2.1592
2.1568
2.1552
2.158
2.1568
2.1548
2.1532
2.1544
2.1592
2.1576
2.1556
2.1564
2.1524
2.1568
2.1584
2.1576
2.1588
2.158
2.1592
2.1588
2.1636
2.1584
2.1576
2.1584
2.1628
2.1584
2.1568
2.1588
2.1572
2.1544
2.1548
2.1544
2.1584
2.1552
2.1552
2.1556
2.1544
2.156
2.152
2.1596
2.1572
2.1568
2.1588
2.16
2.1588
2.1616
2.1572
2.1588
2.1608
2.1584
2.1604
2.1564
2.1596
2.1592
2.1584
2.1536
2.1556
2.152
2.154
2.1584
2.1572
2.1516
2.154
2.1552
2.1548
2.1544
2.1528
2.1552
2.158
2.1552
2.1564
2.1596
2.1592
2.1592
2.1564
2.1616
2.1624
2.1588
2.1616
2.1612
2.1584
2.1596
2.16
2.1588
2.1592
2.1572
2.1548
2.1564
2.1608
2.1572
2.1576
2.1572
2.1548
2.1556
2.154
2.158
2.1624
2.1552
2.1588
2.1572
2.158
2.158
2.1588
2.1544
2.1624
2.16
2.1604
2.16
2.1592
2.1568
2.1588
2.1608
2.1572
2.1572
2.1588
2.1584
2.1596
2.1572
2.1528
2.1552
2.1572
2.1508
2.1556
2.1536
2.1564
2.1548
2.1584
2.1544
2.1592
2.158
2.1584
2.1592
2.1592
2.1592
2.1588
2.16
2.1592
2.158
2.162
2.1584
2.1556
2.1532
2.154
2.1564
2.1552
2.1512
2.1532
2.1556
2.1588
2.1544
2.1552
2.1584
2.1548
2.1564
2.1596
2.158
2.16
2.1596
2.1584
2.158
2.1596
2.1604
2.1592
2.1592
2.16
2.1564
2.16
2.1548
2.1592
2.1548
2.1516
2.1536
2.1512
2.1528
2.1544
2.1548
2.1552
2.1524
2.1524
2.1576
2.162
2.156
2.1596
2.1616
2.16
2.1608
2.16
2.1568
2.1596
2.1576
2.1548
2.1588
2.1568
2.1572
2.154
2.1564
2.1536
2.1544
2.1568
2.154
2.1552
2.1516
2.1512
2.1544
2.1588
2.1556
2.1528
2.1544
2.1584
2.1556
2.158
2.1572
2.1612
2.1616
2.156
2.1588
2.1576
2.1584
2.1576
2.1572
2.1596
2.1548
2.1548
2.1532
2.154
2.1504
2.1556
2.1524
2.1532
2.1512
2.1544
2.1564
2.1576
2.1544
2.1548
2.1576
2.1552
2.1584
2.1544
2.1592
2.1576
2.156
2.1612
2.1564
2.1584
2.16
2.1568
2.1572
2.1564
2.1532
2.156
2.1524
2.1556
2.1528
2.1536
2.1544
2.1528
2.1524
2.1528
2.154
2.1576
2.154
2.154
2.1548
2.156
2.156
2.1568
2.1576
2.156
2.1548
2.1548
2.1592
2.1576
2.1584
2.1564
2.158
2.1572
2.1532
2.1564
2.1508
2.1544
2.1524
2.1552
2.1512
2.154
2.152
2.152
2.1528
2.1572
2.1588
2.1572
2.1536
2.16
2.1588
2.1524
2.158
2.1588
2.1564
2.1556
2.154
2.1572
2.156
2.1524
2.1528
2.1576
2.1572
2.1544
2.1544
2.1552
2.1548
2.1524
2.1544
2.1564
2.154
2.156
2.1548
2.1536
2.1532
2.1568
2.154
2.158
2.1556
2.1556
2.1568
2.1564
2.1568
2.1584
2.1544
2.1556
2.154
2.1576
2.154
2.1584
2.1532
2.156
2.1592
2.1524
2.1576
2.1568
2.152
2.1524
2.1524
2.1544
2.1564
2.1536
2.1544
2.1576
2.1516
2.1552
2.156
2.1584
2.1544
2.1612
2.1528
2.154
2.1508
2.154
2.1536
2.156
2.1536
2.1592
2.154
2.1504
2.154
2.1552
2.1528
2.1528
2.1528
2.1544
2.152
2.154
2.1536
2.1588
2.1548
2.1564
2.1564
2.1532
2.1564
2.1544
2.1552
2.1548
2.1556
2.156
2.1528
2.1556
2.1564
2.1576
2.1544
2.1536
2.1568
2.1532
2.1508
2.154
2.1524
2.1508
2.1532
2.1524
2.1524
2.1568
2.1548
2.1524
2.1524
2.1548
2.1564
2.1552
2.1508
2.1536
2.158
2.1548
2.1544
2.1564
2.1548
2.1548
2.1536
2.1528
2.1528
2.1536
2.1528
2.1544
2.1548
2.1552
2.1524
2.154
2.1576
2.1552
2.1556
2.1568
2.1528
2.1556
2.1532
2.1552
2.1516
2.156
2.1556
2.1544
2.1548
2.1584
2.1548
2.1588
2.1548
2.158
2.154
2.1584
2.1556
2.1572
2.1524
2.1552
2.1552
2.1552
2.1532
2.1536
2.156
2.1536
2.158
2.1512
2.1556
2.1548
2.152
2.1548
2.1512
2.1552
2.154
2.152
2.1532
2.1564
2.1564
2.1532
2.1544
2.1536
2.1548
2.1572
2.152
2.1568
2.1532
2.1536
2.1552
2.1552
2.1576
2.1548
2.1532
2.1588
2.154
2.1544
2.1512
2.1532
2.1516
2.1536
2.1556
2.154
2.1536
2.1548
2.1552
2.1548
2.1532
2.154
2.156
2.1576
2.1564
2.1532
2.1536
2.1564
2.1532
2.1524
2.1528
2.1552
2.1504
2.156
2.1548
2.1572
2.1544
2.1524
2.1544
2.1524
2.1556
2.152
2.1528
2.1552
2.1548
2.1528
2.154
2.1556
2.1524
2.1564
2.1508
2.1572
2.1536
2.1544
2.1536
2.1596
2.1548
2.1584
2.1556
2.1552
2.1548
2.1556
2.1576
2.1556
2.1548
2.154
2.1572
2.1552
2.1556
2.1544
2.1616
2.1552
2.1544
2.1552
2.1556
2.1532
2.1556
2.156
2.1536
2.156
2.154
2.1576
2.1592
2.1584
2.1572
2.1576
2.1552
2.1612
2.1536
2.158
2.1572
2.1564
2.1536
2.156
2.1544
2.156
2.156
2.1504
2.1548
2.1548
2.1536
2.1528
2.1528
2.1596
2.1532
2.1592
2.154
2.1544
2.1544
2.1548
2.1564
2.1576
2.1576
2.1592
2.1552
2.1592
2.1584
2.156
2.1544
2.1604
2.1532
2.1532
2.1564
2.154
2.1536
2.154
2.1516
2.1532
2.1536
2.1524
2.1528
2.1544
2.1568
2.1528
2.1592
2.1572
2.1548
2.158
2.158
2.1612
2.1556
2.1604
2.1576
2.1604
2.1596
2.1584
2.1572
2.1588
2.158
2.1552
2.1568
2.1524
2.1548
2.1536
2.15
2.1532
2.152
2.1472
2.1524
2.1568
2.1552
2.1548
2.1572
2.1576
2.1556
2.156
2.1588
2.1568
2.1584
2.1588
2.1584
2.1592
2.1556
2.1608
2.1568
2.1552
2.1544
2.1568
2.1512
2.1556
2.1512
2.1544
2.154
2.1528
2.1488
2.156
2.1532
2.1568
2.1556
2.1556
2.1552
2.1572
2.1544
2.16
2.158
2.1576
2.1588
2.1552
2.1564
2.1592
2.1548
2.156
2.1536
2.1532
2.152
2.1536
2.1504
2.154
2.1488
2.1516
2.1528
2.1532
2.152
2.1516
2.152
2.1564
2.1544
2.1572
2.1512
2.1584
2.1556
2.1572
2.1576
2.1572
2.156
2.1596
2.1572
2.1596
2.1572
2.1556
2.1516
2.1576
2.1516
2.1504
2.152
2.154
2.1528
2.1524
2.1528
2.1548
2.1552
2.152
2.1556
2.1548
2.1516
2.154
2.1552
2.1572
2.1564
2.156
2.156
2.1588
2.1572
2.156
2.1528
2.1572
2.1512
2.1536
2.1524
2.1524
2.1552
2.152
2.1524
2.1516
2.1532
2.152
2.1536
2.1528
2.1508
2.1528
2.1496
2.1576
2.1552
2.1548
2.1556
2.1544
2.1564
2.1548
2.1588
2.154
2.1596
2.1544
2.1536
2.156
2.1524
2.1568
2.1524
2.1568
2.152
2.1536
2.152
2.1564
2.1512
2.1528
2.152
2.1536
2.1544
2.1524
2.1556
2.1612
2.1536
2.1532
2.1564
2.1576
2.1556
2.1576
2.1584
2.1564
2.156
2.1556
2.156
2.1548
2.154
2.1536
2.154
2.1544
2.1544
2.1512
2.1536
2.1556
2.1532
2.1512
2.156
2.1564
2.154
2.1568
2.1552
2.1556
2.1516
2.1548
2.1556
2.1608
2.1532
2.1564
2.158
2.1572
2.1568
2.1532
2.1548
2.156
2.1552
2.154
2.1548
2.1548
2.1524
2.1528
2.156
2.154
2.156
2.1512
2.1544
2.156
2.154
2.154
2.1548
2.1556
2.1548
2.154
2.1576
2.1584
2.1564
2.1564
2.1536
2.1556
2.1564
2.1556
2.1548
2.1556
2.1524
2.1524
2.1548
2.156
2.1544
2.1544
2.154
2.1572
2.1512
2.152
2.1532
2.154
2.1536
2.1572
2.1568
2.1556
2.1584
2.1536
2.1552
2.1556
2.1548
2.1572
2.158
2.1576
2.156
2.1528
2.1504
2.156
2.1536
2.152
2.1588
2.1572
2.1532
2.15
2.1524
2.1556
2.148
2.154
2.1512
2.154
2.1576
2.1544
2.156
2.1564
2.1536
2.1568
2.1564
2.1576
2.1556
2.156
2.156
2.1576
2.1508
2.1572
2.1496
2.1556
2.1568
2.154
2.1528
2.1584
2.1528
2.1548
2.1508
2.1532
2.1548
2.1532
2.158
2.15
2.1556
2.1532
2.1568
2.1584
2.1556
2.1572
2.1548
2.1568
2.1552
2.152
2.1552
2.1596
2.1548
2.1536
2.1556
2.1524
2.1536
2.1536
2.1544
2.1556
2.154
2.1564
2.1544
2.1552
2.1536
2.1548
2.1552
2.1564
2.1516
2.1548
2.1572
2.1592
2.1556
2.1552
2.1552
2.1572
2.1524
2.1564
2.1588
2.1568
2.1556
2.154
2.154
2.1564
2.1544
2.152
2.1512
2.1556
2.1576
2.1536
2.1548
2.1552
2.1532
2.156
2.1568
2.1552
2.1568
2.158
2.1548
2.1568
2.1572
2.1528
2.1544
2.1548
2.154
2.1532
2.1576
2.1568
2.1524
2.1544
2.154
2.1552
2.1516
2.1504
2.1532
2.1536
2.1524
2.1544
2.1516
2.1572
2.1512
2.1556
2.1552
2.1532
2.1548
2.1548
2.15
2.156
2.1552
2.152
2.1536
2.1552
2.1528
2.1528
2.152
2.154
2.1512
2.1548
2.1536
2.1556
2.1524
2.154
2.1548
2.1556
2.1556
2.1568
2.154
2.1556
2.1568
2.154
2.1564
2.1568
2.1548
2.1548
2.1524
2.1548
2.1548
2.1516
2.1516
2.1572
2.156
2.1548
2.158
2.1524
2.1556
2.152
2.154
2.1556
2.1532
2.1552
2.1556
2.1584
2.1592
2.154
2.1576
2.1532
2.154
2.1564
2.1592
2.1556
2.1548
2.1572
2.1528
2.1564
2.1524
2.1516
2.1512
2.1548
2.1528
2.152
2.1524
2.1544
2.1516
2.1544
2.1548
2.1552
2.1584
2.158
2.1568
2.1564
2.1572
2.154
2.1548
2.1588
2.1564
2.1552
2.1556
2.1544
2.1532
2.1532
2.1528
2.1556
2.1536
2.1536
2.1552
2.1532
2.1528
2.1532
2.1548
2.1536
2.1548
2.1572
2.1552
2.1588
2.1568
2.1556
2.158
2.1584
2.158
2.1564
2.1576
2.158
2.1588
2.1576
2.1548
2.1576
2.1544
2.1564
2.156
2.1544
2.1516
2.152
2.1548
2.1548
2.1568
2.1576
2.1544
2.1552
2.1544
2.1576
2.1556
2.1572
2.1572
2.1536
2.1604
2.1596
2.1576
2.156
2.1584
2.1592
2.1552
2.158
2.1576
2.162
2.15
2.1548
2.1548
2.1548
2.1552
2.1508
2.1528
2.1576
2.1516
2.154
2.1536
2.1592
2.1532
2.156
2.1568
2.1528
2.1576
2.1604
2.1552
2.1584
2.156
2.1556
2.1564
2.1564
2.1556
2.158
2.1528
2.1572
2.152
2.1556
2.1576
2.1512
2.1544
2.1544
2.1544
2.1572
2.1528
2.1524
2.1544
2.1572
2.1544
2.1592
2.1564
2.1576
2.1544
2.1548
2.1568
2.16
2.1584
2.1564
2.1592
2.1604
2.1576
2.1572
2.1552
2.1568
2.1532
2.1536
2.1588
2.156
2.1528
2.156
2.1588
2.1508
2.156
2.1528
2.1548
2.1616
2.1544
2.1552
2.1576
2.1608
2.1576
2.1576
2.1548
2.1604
2.1576
2.1568
2.1564
2.1544
2.158
2.1556
2.156
2.1556
2.1564
2.156
2.1528
2.1556
2.1576
2.1548
2.1564
2.154
2.1536
2.152
2.1548
2.1536
2.1576
2.1536
2.156
2.1584
2.1552
2.1572
2.1564
2.1608
2.1548
2.1572
2.1552
2.156
2.1536
2.1564
2.1516
2.1556
2.1552
2.1536
2.1572
2.1556
2.1484
2.1528
2.1532
2.152
2.152
2.152
2.1552
2.1568
2.1528
2.1536
2.1576
2.1608
2.1544
2.1572
2.1584
2.1576
2.158
2.1576
2.1572
2.1592
2.156
2.1576
2.1544
2.156
2.1532
2.1536
2.1544
2.1564
2.1516
2.1532
2.1516
2.1528
2.1552
2.1568
2.152
2.1596
2.1584
2.1492
2.1604
2.1576
2.1556
2.1572
2.1568
2.1608
2.156
2.1604
2.1584
2.1604
2.156
2.156
2.154
2.1528
2.154
2.1552
2.1552
2.1548
2.1524
2.1528
2.1552
2.1572
2.1556
2.1524
2.156
2.1576
2.1588
2.1588
2.1556
2.1604
2.1552
2.1592
2.1604
2.16
2.1572
2.1536
2.1572
2.1568
2.1584
2.1584
2.1532
2.1588
2.156
2.1524
2.1544
2.154
2.1528
2.152
2.1556
2.1564
2.156
2.156
2.1576
2.1584
2.1556
2.1584
2.1548
2.1584
2.1588
2.1568
2.1576
2.1588
2.1572
2.158
2.1552
2.1568
2.1568
2.156
2.1552
2.1552
2.15
2.156
2.1532
2.1536
2.1524
2.1488
2.1508
2.154
2.1544
2.1544
2.1556
2.1608
2.1548
2.1568
2.154
2.1568
2.1564
2.1588
2.1584
2.158
2.156
2.154
2.156
2.154
2.1532
2.1524
2.1532
2.152
2.1536
2.1552
2.1544
2.1584
2.154
2.1544
2.1536
2.1552
2.1544
2.1544
2.1556
2.1556
2.1556
2.1564
2.1596
2.1584
2.1572
2.1564
2.1516
2.1612
2.1556
2.1548
2.152
2.1588
2.1564
2.1524
2.1512
2.1492
2.1504
2.1528
2.1524
2.15
2.1524
2.1524
2.1532
2.1528
2.15
2.154
2.156
2.1528
2.158
2.1532
2.152
2.1588
2.1528
2.156
2.1544
2.154
2.152
2.1536
2.1548
2.1544
2.1532
2.1516
2.152
2.152
2.1524
2.1504
2.1532
2.1536
2.1492
2.154
2.1512
2.1504
2.1564
2.1544
2.1544
2.1528
2.1532
2.1532
2.156
2.1572
2.1548
2.1572
2.1528
2.1548
2.1536
2.15
2.1528
2.1532
2.1492
2.1512
2.154
2.1536
2.1496
2.1588
2.1512
2.1528
2.1504
2.152
2.1532
2.154
2.1548
2.1532
2.1528
2.154
2.1516
2.1528
2.1528
2.1548
2.152
2.1532
2.1544
2.1552
2.1492
2.1524
2.1528
2.154
2.154
2.1528
2.1544
2.1536
2.1544
2.1496
2.1532
2.1564
2.1552
2.156
2.1552
2.1572
2.1516
2.1568
2.1532
2.1564
2.1544
2.152
2.1532
2.1528
2.1536
2.154
2.1536
2.1528
2.1584
2.156
2.1568
2.1556
2.152
2.1556
2.1532
2.1536
2.1532
2.154
2.1568
2.158
2.1524
2.1548
2.1536
2.1552
2.1528
2.1544
2.1568
2.1536
2.1568
2.154
2.1548
2.1524
2.1568
2.1572
2.1556
2.1532
2.154
2.1544
2.1572
2.1556
2.1564
2.1564
2.1556
2.1552
2.152
2.1556
2.1548
2.1552
2.1544
2.1536
2.1532
2.1516
2.1512
2.1512
2.1532
2.154
2.1496
2.152
2.1504
2.1528
2.1524
2.1556
2.1508
2.1544
2.1536
2.1496
2.1528
2.1576
2.152
2.15
2.1552
2.1532
2.1544
2.1552
2.154
2.156
2.1488
2.1512
2.1528
2.154
2.1548
2.1524
2.1512
2.1528
2.1496
2.1508
2.1568
2.1528
2.156
2.1524
2.1504
2.1552
2.1492
2.154
2.1492
2.1536
2.1528
2.1476
2.1568
2.154
2.1528
2.1572
2.1524
2.1536
2.154
2.1544
2.1548
2.1552
2.1512
2.1536
2.15
2.1536
2.1532
2.1532
2.1564
2.1536
2.1508
2.1504
2.1504
2.1528
2.1516
2.1532
2.1572
2.1556
2.1532
2.1548
2.1544
2.156
2.1552
2.1544
2.1544
2.1548
2.154
2.1564
2.156
2.1552
2.1516
2.1512
2.1532
2.1532
2.1552
2.1556
2.1488
2.1532
2.1528
2.1532
2.156
2.1544
2.1532
2.1552
2.1544
2.1596
2.1548
2.1552
2.16
2.1536
2.1556
2.1592
2.158
2.1564
2.1556
2.1576
2.1544
2.1556
2.1532
2.1552
2.1544
2.1544
2.156
2.1552
2.1532
2.1532
2.1536
2.152
2.1544
2.1536
2.1532
2.1512
2.1584
2.1548
2.1572
2.1552
2.1564
2.1564
2.1584
2.1596
2.156
2.16
2.1556
2.1564
2.158
2.1548
2.1544
2.154
2.1564
2.1572
2.1532
2.154
2.156
2.1552
2.1548
2.158
2.1548
2.1584
2.156
2.1524
2.16
2.1584
2.1564
2.158
2.1576
2.1564
2.1536
2.158
2.156
2.1556
2.156
2.1552
2.1536
2.1556
2.1512
2.1532
2.1504
2.1524
2.1548
2.1536
2.1544
2.1548
2.1544
2.1572
2.1532
2.1536
2.1556
2.1552
2.1584
2.1576
2.156
2.1572
2.1576
2.1576
2.1564
2.1592
2.1552
2.1552
2.1536
2.1592
2.156
2.1564
2.1552
2.152
2.1516
2.156
2.1552
2.1536
2.1532
2.1548
2.1528
2.1556
2.1532
2.1548
2.1564
2.1592
2.1556
2.1568
2.1532
2.1576
2.1552
2.1608
2.158
2.1548
2.158
2.1572
2.1524
2.1536
2.152
2.1524
2.1488
2.1504
2.1528
2.1544
2.1488
2.152
2.156
2.1556
2.1564
2.1584
2.1564
2.1612
2.1544
2.1572
2.1604
2.1564
2.154
2.1584
2.1576
2.156
2.1576
2.1564
2.1528
2.1556
2.1532
2.1528
2.1556
2.156
2.1508
2.1544
2.1536
2.1552
2.1544
2.1512
2.1552
2.1568
2.1544
2.1552
2.1528
2.1564
2.1536
2.156
2.1564
2.1552
2.1556
2.1536
2.1548
2.1556
2.1524
2.1524
2.1524
2.1524
2.1532
2.1536
2.1484
2.1512
2.1492
2.1528
2.1528
2.1512
2.1528
2.1508
2.1532
2.152
2.1516
2.154
2.1544
2.1576
2.1576
2.1604
2.1576
2.1608
2.154
2.1564
2.154
2.1568
2.1508
2.1524
2.1532
2.1528
2.1492
2.152
2.1488
2.1516
2.1472
2.1488
2.1456
2.1496
2.1528
2.1508
2.1552
2.152
2.154
2.1516
2.1556
2.154
2.1512
2.1552
2.1556
2.1564
2.1556
2.1568
2.1536
2.1564
2.1516
2.1492
2.152
2.1484
2.1512
2.1516
2.1516
2.1512
2.1516
2.1488
2.1536
2.1536
2.148
2.1512
2.1508
2.1524
2.152
2.154
2.1532
2.1568
2.1524
2.154
2.154
2.1552
2.1544
2.15
2.1516
2.1508
2.1508
2.1468
2.1476
2.1508
2.1488
2.1504
2.1508
2.15
2.1508
2.1476
2.1508
2.148
2.1488
2.1524
2.1516
2.1532
2.1512
2.152
2.1536
2.1528
2.1516
2.1512
2.1504
2.152
2.1512
2.1504
2.154
2.1508
2.1524
2.1496
2.1504
2.1516
2.15
2.1508
2.1472
2.1492
2.1464
2.1508
2.1492
2.148
2.1476
2.1504
2.1496
2.1516
2.1528
2.1492
2.1536
2.1548
2.1556
2.1528
2.1496
2.1528
2.1508
2.1504
2.1516
2.1496
2.15
2.15
2.1488
2.1508
2.1516
2.1508
2.1496
2.1512
2.148
2.1516
2.1524
2.1528
2.1496
2.152
2.1516
2.154
2.1516
2.15
2.1544
2.1548
2.1536
2.1512
2.1544
2.1548
2.1504
2.1532
2.1528
2.152
2.1492
2.1488
2.152
2.148
2.1492
2.1496
2.1496
2.1528
2.15
2.1508
2.1536
2.1516
2.1548
2.158
2.1524
2.1544
2.1508
2.152
2.1528
2.1536
2.1568
2.1524
2.1552
2.1532
2.1524
2.1536
2.1532
2.152
2.1512
2.1524
2.1504
2.1484
2.1476
2.1512
2.15
2.1512
2.1484
2.1516
2.1492
2.1528
2.15
2.1516
2.152
2.1524
2.1524
2.1532
2.1512
2.152
2.1572
2.1528
2.1544
2.1556
2.1508
2.1552
2.1536
2.1508
2.1512
2.1512
2.1516
2.1544
2.1488
2.1484
2.1528
2.1524
2.1504
2.148
2.1536
2.1524
2.15
2.1532
2.154
2.1516
2.1532
2.1532
2.1556
2.1528
2.1516
2.1556
2.1544
2.1552
2.1512
2.1484
2.1504
2.1508
2.152
2.1548
2.1536
2.1536
2.1512
2.1556
2.1544
2.1548
2.1516
2.152
2.1536
2.1512
2.1504
2.152
2.15
2.15
2.1496
2.1484
2.152
2.1508
2.15
2.1524
2.152
2.1512
2.15
2.1492
2.1516
2.1516
2.1516
2.1508
2.1516
2.1516
2.152
2.1516
2.1528
2.1548
2.1512
2.1516
2.148
2.1512
2.1476
2.1516
2.152
2.152
2.15
2.152
2.146
2.1496
2.1516
2.1516
2.1556
2.1516
2.146
2.1484
2.1528
2.152
2.1536
2.1524
2.1492
2.1536
2.1524
2.1488
2.1524
2.1528
2.1468
2.15
2.1528
2.1492
2.1476
2.1484
2.1504
2.154
2.1516
2.1512
2.1524
2.1532
2.1492
2.1512
2.1464
2.1492
2.1488
2.15
2.154
2.1508
2.1508
2.148
2.148
2.1508
2.1496
2.1504
2.1496
2.1504
2.1496
2.1468
2.1528
2.1508
2.1516
2.1516
2.1472
2.1512
2.1484
2.1488
2.1544
2.1484
2.1488
2.1496
2.1516
2.1532
2.1492
2.1504
2.1492
2.1544
2.1476
2.1504
2.1484
2.1508
2.1516
2.1516
2.15
2.15
2.1512
2.1496
2.1488
2.1528
2.1532
2.152
2.1528
2.15
2.1492
2.1516
2.1512
2.15
2.1468
2.1488
2.1496
2.1528
2.152
2.1528
2.1492
2.1536
2.1528
2.1492
2.1532
2.1512
2.1524
2.1536
2.1528
2.1516
2.1512
2.1512
2.152
2.154
2.1496
2.1468
2.1516
2.1532
2.1496
2.152
2.15
2.1488
2.1492
2.15
2.1532
2.152
2.1512
2.148
2.1516
2.1516
2.1504
2.1492
2.1504
2.1548
2.152
2.1528
2.152
2.148
2.1484
2.1516
2.1516
2.152
2.1476
2.1488
2.1528
2.1512
2.1524
2.1488
2.1508
2.1492
2.1496
2.1508
2.1496
2.1512
2.1464
2.1508
2.152
2.1528
2.1528
2.1512
2.154
2.1524
2.1536
2.1508
2.1512
2.154
2.1484
2.1508
2.148
2.15
2.1468
2.1484
2.1476
2.1512
2.1488
2.1476
2.15
2.1516
2.1476
2.1528
2.1504
2.1516
2.1504
2.1508
2.1524
2.154
2.1552
2.1524
2.1544
2.154
2.1516
2.1532
2.1528
2.1528
2.1508
2.1512
2.1508
2.1528
2.1488
2.1476
2.152
2.1476
2.1512
2.1504
2.1468
2.1508
2.1488
2.1464
2.1504
2.1504
2.1532
2.1536
2.1524
2.1548
2.1536
2.1516
2.156
2.1508
2.1544
2.1504
2.152
2.1528
2.1492
2.1468
2.1504
2.152
2.1488
2.1512
2.15
2.1484
2.1496
2.1484
2.1536
2.156
2.1492
2.1516
2.1512
2.154
2.152
2.152
2.1552
2.1548
2.1516
2.152
2.1476
2.152
2.1492
2.1472
2.1508
2.1488
2.1496
2.1468
2.1472
2.1504
2.1444
2.144
2.1464
2.1476
2.1476
2.1472
2.1496
2.1508
2.146
2.1476
2.1496
2.1524
2.1488
2.1508
2.1548
2.152
2.15
2.1504
2.148
2.1504
2.15
2.146
2.1472
2.146
2.1444
2.1484
2.1476
2.1464
2.1444
2.1452
2.1472
2.1496
2.148
2.1448
2.1476
2.1484
2.148
2.146
2.146
2.1472
2.148
2.1468
2.148
2.1484
2.1484
2.1484
2.1468
2.1472
2.1488
2.1456
2.1452
2.148
2.1452
2.1444
2.1496
2.1448
2.1464
2.1432
2.1464
2.1456
2.1444
2.1464
2.1456
2.144
2.148
2.1488
2.1476
2.1476
2.1488
2.1504
2.1464
2.1516
2.1516
2.148
2.1464
2.148
2.148
2.1484
2.1492
2.1472
2.1456
2.1468
2.1452
2.1484
2.1436
2.1452
2.1488
2.1452
2.1472
2.1448
2.1448
2.15
2.1472
2.1456
2.148
2.1488
2.1468
2.1504
2.148
2.1472
2.1512
2.1472
2.1488
2.1512
2.1456
2.1472
2.1504
2.1464
2.1444
2.1436
2.146
2.1452
2.1456
2.1444
2.1468
2.1488
2.144
2.1452
2.1468
2.146
2.148
2.1448
2.1484
2.1508
2.1444
2.1496
2.152
2.1516
2.1516
2.1504
2.1484
2.1512
2.1496
2.1452
2.1496
2.1456
2.1484
2.1448
2.1444
2.1496
2.144
2.1492
2.1464
2.148
2.1476
2.1448
2.15
2.152
2.1444
2.1472
2.148
2.148
2.148
2.15
2.1504
2.1536
2.148
2.1484
2.1496
2.1504
2.1476
2.1508
2.1468
2.1488
2.1468
2.1472
2.1488
2.1476
2.1464
2.1432
2.148
2.1468
2.1488
2.1464
2.1464
2.1508
2.148
2.1472
2.1528
2.1488
2.148
2.1496
2.1476
2.1492
2.1496
2.1484
2.1516
2.152
2.146
2.1496
2.1468
2.1508
2.1484
2.1428
2.1496
2.1464
2.1464
2.1456
2.1472
2.146
2.1488
2.1468
2.1492
2.1488
2.1456
2.1448
2.1432
2.1516
2.148
2.146
2.1524
2.1468
2.1464
2.1476
2.1468
2.1516
2.144
2.1448
2.1452
2.1444
2.1476
2.1468
2.146
2.146
2.1468
2.1464
2.1468
2.1492
2.1448
2.146
2.1468
2.148
2.1468
2.15
2.1496
2.1504
2.1516
2.1504
2.152
2.1488
2.1488
2.1476
2.1476
2.1504
2.1468
2.1456
2.1504
2.148
2.1456
2.1488
2.1472
2.15
2.1484
2.1484
2.1484
2.1472
2.1484
2.1472
2.1476
2.1496
2.148
2.1496
2.15
2.1488
2.1488
2.1468
2.1484
2.1468
2.1492
2.1504
2.1524
2.1504
2.146
2.1488
2.1452
2.1488
2.1476
2.1464
2.15
2.1468
2.1456
2.146
2.15
2.1512
2.1436
2.1524
2.148
2.1476
2.1496
2.146
2.1484
2.15
2.1468
2.1504
2.1484
2.1484
2.1472
2.146
2.1488
2.1504
2.148
2.1456
2.1496
2.1492
2.148
2.1472
2.1492
2.15
2.1468
2.1488
2.1512
2.1516
2.1464
2.1484
2.1504
2.1468
2.1456
2.1464
2.1452
2.148
2.144
2.146
2.144
2.1456
2.1456
2.1456
2.1468
2.1464
2.146
2.1456
2.1488
2.146
2.1448
2.1492
2.1476
2.1496
2.1488
2.1456
2.1476
2.1512
2.1492
2.1504
2.1488
2.1492
2.1432
2.1424
2.146
2.1468
2.1448
2.1464
2.148
2.1484
2.1456
2.1476
2.1456
2.1484
2.1472
2.1468
2.1484
2.1484
2.1516
2.1504
2.1492
2.1508
2.1508
2.15
2.1472
2.1484
2.1468
2.1464
2.1476
2.1484
2.1468
2.1456
2.1492
2.146
2.144
2.146
2.1472
2.148
2.146
2.1496
2.1472
2.1504
2.1448
2.1524
2.1492
2.1496
2.15
2.146
2.1508
2.1524
2.1464
2.1456
2.1484
2.1452
2.1504
2.148
2.1432
2.1472
2.1428
2.1408
2.1488
2.1452
2.1424
2.1464
2.1472
2.148
2.1472
2.146
2.1476
2.148
2.146
2.1484
2.1508
2.1476
2.15
2.1488
2.1472
2.1492
2.1468
2.144
2.1476
2.148
2.1432
2.1476
2.144
2.1492
2.1464
2.1436
2.1436
2.1444
2.1448
2.146
2.1464
2.1456
2.144
2.148
2.1484
2.1488
2.1456
2.142
2.1464
2.1492
2.1436
2.146
2.1456
2.1464
2.1464
2.1444
2.1428
2.1452
2.142
2.1424
2.144
2.1456
2.144
2.1428
2.1408
2.146
2.1456
2.1452
2.148
2.1484
2.1448
2.144
2.146
2.1464
2.1444
2.1484
2.1464
2.1456
2.1472
2.1452
2.1476
2.1464
2.1408
2.1452
2.1432
2.1416
2.1424
2.144
2.1452
2.1432
2.1416
2.1428
2.1448
2.1464
2.142
2.1424
2.146
2.1428
2.1444
2.1472
2.1452
2.1492
2.1468
2.1428
2.146
2.1476
2.1448
2.146
2.1428
2.144
2.1432
2.1472
2.1432
2.1456
2.1424
2.1424
2.1416
2.1416
2.1436
2.1428
2.1416
2.1456
2.142
2.1452
2.1476
2.146
2.1432
2.1476
2.1476
2.1456
2.142
2.1436
2.1432
2.144
2.1444
2.144
2.1428
2.146
2.1408
2.1428
2.1472
2.144
2.1424
2.1424
2.14
2.1444
2.1396
2.1392
2.1404
2.144
2.1396
2.1444
2.1436
2.1456
2.14
2.1456
2.1444
2.146
2.1448
2.142
2.146
2.1488
2.146
2.1452
2.1448
2.1464
2.1408
2.1412
2.1428
2.1448
2.1452
2.1412
2.1432
2.146
2.1408
2.144
2.1448
2.148
2.1416
2.1436
2.1456
2.1464
2.1496
2.1428
2.1448
2.1496
2.144
2.1504
2.1504
2.1504
2.1488
2.1468
2.1464
2.1476
2.1476
2.1472
2.1448
2.1484
2.1448
2.1424
2.1432
2.1488
2.1412
2.1448
2.148
2.1476
2.1432
2.1456
2.148
2.1472
2.1472
2.1476
2.1472
2.1508
2.1496
2.1476
2.1512
2.1532
2.1504
2.148
2.1468
2.1512
2.1476
2.146
2.1484
2.1488
2.1472
2.1432
2.1456
2.1476
2.144
2.144
2.146
2.1472
2.146
2.1472
2.146
2.1456
2.1476
2.1496
2.1516
2.1508
2.1488
2.1508
2.1476
2.1516
2.1476
2.1512
2.1492
2.1492
2.1488
2.1472
2.1428
2.1492
2.1476
2.144
2.146
2.1452
2.146
2.1444
2.1448
2.1528
2.148
2.1488
2.1496
2.1524
2.152
2.1512
2.1516
2.1504
2.1504
2.1512
2.1528
2.1556
2.1524
2.1484
2.1492
2.15
2.1472
2.1444
2.15
2.146
2.144
2.1508
2.1468
2.1464
2.1452
2.1464
2.148
2.1508
2.1468
2.1476
2.1504
2.1544
2.1484
2.1504
2.1528
2.1488
2.1488
2.1512
2.1512
2.1512
2.1492
2.15
2.1508
2.15
2.1504
2.154
2.1468
2.1452
2.1456
2.1472
2.148
2.146
2.1452
2.146
2.15
2.148
2.1468
2.1488
2.1552
2.1536
2.1488
2.1568
2.1488
2.1516
2.1508
2.1524
2.1476
2.1532
2.1504
2.146
2.1492
2.1492
2.1464
2.146
2.1488
2.148
2.1496
2.1504
2.1484
2.1492
2.146
2.1468
2.1476
2.152
2.1488
2.1536
2.1504
2.154
2.1548
2.1496
2.15
2.1544
2.1492
2.1528
2.1496
2.1516
2.1512
2.1496
2.1488
2.1508
2.1488
2.1436
2.1488
2.1484
2.1488
2.1488
2.1492
2.1512
2.15
2.1496
2.1504
2.1532
2.1508
2.1496
2.1532
2.1508
2.1516
2.1496
2.15
2.1496
2.1488
2.1516
2.1496
2.1508
2.1488
2.1516
2.1488
2.1512
2.146
2.1488
2.1484
2.1508
2.152
2.152
2.1484
2.1504
2.1504
2.1516
2.1484
2.1516
2.15
2.1504
2.1516
2.1536
2.1512
2.1484
2.1516
2.1556
2.1512
2.1492
2.1508
2.154
2.1496
2.1492
2.1496
2.1484
2.1476
2.1504
2.1484
2.1516
2.1508
2.148
2.1532
2.1524
2.15
2.1524
2.1508
2.152
2.1528
2.15
2.1472
2.1524
2.1476
2.1484
2.152
2.152
2.1476
2.1512
2.1496
2.1516
2.1524
2.1496
2.1496
2.1508
2.1472
2.1496
2.1488
2.1476
2.1536
2.1492
2.1488
2.1524
2.15
2.1504
2.1492
2.1516
2.1488
2.1504
2.1492
2.1528
2.1496
2.148
2.1508
2.1488
2.1472
2.1524
2.1488
2.1508
2.1468
2.1508
2.1496
2.1532
2.1528
2.1488
2.1512
2.1504
2.1484
2.1496
2.15
2.1504
2.1488
2.1476
2.15
2.1496
2.15
2.154
2.1484
2.1508
2.15
2.148
2.1512
2.1476
2.1492
2.1516
2.1484
2.1476
2.1448
2.1452
2.1492
2.1492
2.1512
2.15
2.1456
2.1528
2.1508
2.1448
2.1524
2.1488
2.1468
2.152
2.1464
2.1508
2.146
2.1464
2.1508
2.1488
2.144
2.1492
2.1448
2.1476
2.1464
2.148
2.1468
2.1472
2.1468
2.1468
2.15
2.1472
2.1496
2.1448
2.1476
2.1504
2.1496
2.1472
2.1488
2.1488
2.1468
2.15
2.1504
2.148
2.1492
2.1508
2.1476
2.1492
2.1468
2.146
2.1472
2.1468
2.1464
2.1464
2.1488
2.1492
2.1468
2.1492
2.1448
2.1516
2.1456
2.1496
2.1476
2.1508
2.1488
2.1476
2.1492
2.1496
2.1492
2.1504
2.1484
2.1484
2.144
2.1488
2.148
2.146
2.1448
2.1444
2.1432
2.1504
2.1436
2.1472
2.146
2.1452
2.1456
2.1492
2.1472
2.1496
2.1484
2.1508
2.1472
2.1508
2.1488
2.1468
2.1492
2.148
2.1488
2.1468
2.148
2.1484
2.1436
2.1452
2.1476
2.1452
2.142
2.1496
2.1468
2.1492
2.1516
2.1452
2.1484
2.1496
2.1484
2.1504
2.148
2.1504
2.1476
2.1488
2.146
2.1508
2.146
2.148
2.1512
2.1472
2.1448
2.1456
2.1468
2.1508
2.1476
2.146
2.1492
2.1468
2.1472
2.1464
2.148
2.148
2.1476
2.1492
2.1452
2.152
2.1492
2.148
2.15
2.1532
2.1516
2.1524
2.1532
2.154
2.1508
2.1512
2.1516
2.1516
2.1496
2.1464
2.1448
2.1472
2.1496
2.1476
2.1464
2.1516
2.148
2.148
2.146
2.1472
2.1516
2.1468
2.1528
2.1532
2.1492
2.1512
2.1508
2.1552
2.1504
2.1496
2.148
2.1492
2.152
2.15
2.1464
2.1492
2.1476
2.1484
2.148
2.1464
2.1468
2.1476
2.1468
2.1444
2.1512
2.1464
2.1472
2.15
2.1488
2.1472
2.1504
2.1492
2.1536
2.1532
2.15
2.1536
2.1512
2.15
2.1508
2.1512
2.1508
2.148
2.1476
2.148
2.1496
2.1472
2.1456
2.1468
2.1484
2.1484
2.1476
2.1488
2.1456
2.1456
2.1484
2.148
2.1444
2.1468
2.1484
2.1488
2.1492
2.1512
2.1484
2.154
2.1452
2.1488
2.15
2.1508
2.1452
2.1488
2.148
2.146
2.1444
2.1432
2.1464
2.1448
2.1448
2.1428
2.144
2.1444
2.144
2.1468
2.1452
2.1456
2.1456
2.1488
2.1496
2.1504
2.1496
2.1476
2.1504
2.152
2.1504
2.15
2.1524
2.1496
2.1508
2.1488
2.1484
2.1528
2.1472
2.1412
2.1452
2.146
2.1416
2.1444
2.1464
2.146
2.146
2.148
2.1468
2.1472
2.146
2.1472
2.1488
2.1516
2.1512
2.148
2.1476
2.1496
2.1516
2.15
2.1464
2.1472
2.1492
2.1488
2.1484
2.146
2.148
2.1476
2.1432
2.1456
2.1436
2.144
2.1476
2.148
2.1456
2.1468
2.1456
2.1464
2.1488
2.1512
2.1532
2.1536
2.1476
2.1496
2.148
2.15
2.1488
2.1488
2.1492
2.15
2.1504
2.1456
2.1488
2.1464
2.1444
2.1424
2.1464
2.1464
2.1444
2.1432
2.148
2.1472
2.1468
2.1492
2.146
2.1504
2.1476
2.1484
2.1516
2.1484
2.1524
2.1492
2.1512
2.1524
2.1492
2.1488
2.146
2.1488
2.1452
2.1476
2.146
2.1468
2.1436
2.1464
2.1452
2.146
2.1432
2.1456
2.1468
2.1488
2.1472
2.1484
2.148
2.1476
2.1476
2.1476
2.1488
2.1496
2.1512
2.1432
2.1484
2.15
2.1488
2.1492
2.1504
2.1476
2.1452
2.1476
2.1484
2.1452
2.1436
2.1488
2.1472
2.1504
2.1476
2.1484
2.1472
2.1528
2.1484
2.1476
2.1508
2.1512
2.1484
2.1504
2.1524
2.1468
2.1508
2.1512
2.1508
2.1536
2.1448
2.1496
2.1496
2.1524
2.1508
2.15
2.148
2.1488
2.1456
2.1444
2.1488
2.1452
2.1472
2.1484
2.15
2.152
2.1488
2.1476
2.148
2.1484
2.15
2.1488
2.1484
2.1504
2.1516
2.1528
2.1504
2.1524
2.1488
2.1472
2.1488
2.1516
2.148
2.1508
2.1468
2.1492
2.1512
2.1488
2.1484
2.1496
2.1492
2.1464
2.1524
2.1504
2.148
2.1496
2.1516
2.1496
2.1496
2.1508
2.152
2.1512
2.1504
2.152
2.1484
2.1548
2.1536
2.1484
2.1512
2.1548
2.1496
2.1528
2.1484
2.1492
2.1496
2.1496
2.1484
2.1496
2.1476
2.1492
2.148
2.1504
2.1492
2.1504
2.1512
2.1524
2.1504
2.15
2.1468
2.15
2.1464
2.1508
2.1512
2.1496
2.148
2.15
2.1508
2.152
2.1524
2.1524
2.1468
2.1504
2.1516
2.1516
2.1528
2.1516
2.1528
2.1516
2.15
2.1504
2.1496
2.1552
2.1488
2.1524
2.1504
2.1528
2.154
2.154
2.1488
2.1524
2.1528
2.1536
2.1544
2.1504
2.1496
2.1532
2.1476
2.1504
2.1524
2.1512
2.1492
2.152
2.1496
2.1508
2.1512
2.1488
2.1508
2.1524
2.1524
2.1524
2.152
2.1536
2.1512
2.152
2.1512
2.1544
2.1512
2.1524
2.1512
2.152
2.1488
2.154
2.1524
2.1516
2.148
2.152
2.1484
2.148
2.15
2.148
2.1504
2.1504
2.15
2.1544
2.1508
2.15
2.1516
2.1512
2.152
2.1548
2.15
2.1524
2.15
2.1508
2.1504
2.152
2.1484
2.1536
2.1504
2.1508
2.148
2.1532
2.1504
2.1524
2.1476
2.15
2.148
2.1512
2.1476
2.1512
2.1524
2.1496
2.1524
2.1508
2.1516
2.1516
2.1552
2.1488
2.152
2.1536
2.1512
2.156
2.1508
2.1496
2.1492
2.154
2.1476
2.1488
2.1472
2.1508
2.1516
2.15
2.152
2.1544
2.1524
2.154
2.1536
2.154
2.1516
2.1528
2.1496
2.1516
2.1512
2.1504
2.1488
2.1508
2.15
2.1508
2.1504
2.1528
2.1512
2.1508
2.1508
2.1532
2.152
2.1524
2.1504
2.1512
2.152
2.1536
2.1528
2.1536
2.1516
2.1492
2.1528
2.1548
2.1504
2.1524
2.1488
2.1492
2.154
2.1472
2.1488
2.1496
2.1472
2.148
2.1528
2.1516
2.1484
2.1516
2.148
2.15
2.1512
2.148
2.1496
2.1516
2.1492
2.1528
2.1508
2.1544
2.154
2.1524
2.1512
2.1556
2.1536
2.1492
2.1516
2.1512
2.1512
2.1504
2.1488
2.1492
2.15
2.1472
2.15
2.1516
2.1472
2.1496
2.1492
2.1488
2.1516
2.154
2.15
2.1532
2.1512
2.1512
2.152
2.1556
2.15
2.1564
2.1544
2.1536
2.148
2.1488
2.1492
2.1532
2.1452
2.15
2.1512
2.1476
2.15
2.1468
2.1492
2.15
2.15
2.144
2.1516
2.1512
2.1452
2.1508
2.152
2.1544
2.152
2.1532
2.1528
2.152
2.1492
2.1484
2.1528
2.1504
2.1492
2.1476
2.1488
2.1524
2.15
2.1504
2.146
2.1468
2.1488
2.1476
2.1496
2.15
2.1516
2.1508
2.1496
2.1524
2.1476
2.1484
2.1516
2.152
2.1464
2.1516
2.1484
2.1532
2.1464
2.1508
2.15
2.1516
2.1476
2.1492
2.148
2.148
2.146
2.1472
2.1452
2.1464
2.1452
2.1436
2.148
2.1456
2.1476
2.148
2.1496
2.15
2.1484
2.1464
2.1532
2.1512
2.1492
2.1496
2.1472
2.1472
2.152
2.1484
2.1464
2.1496
2.1456
2.1484
2.1476
2.1488
2.1452
2.1452
2.1468
2.1468
2.1456
2.1476
2.1436
2.1496
2.1468
2.15
2.148
2.1508
2.1496
2.1492
2.1504
2.15
2.1508
2.1488
2.1484
2.1496
2.1472
2.1476
2.1488
2.1516
2.1484
2.1496
2.1452
2.15
2.1496
2.1452
2.148
2.1504
2.1444
2.1492
2.15
2.1512
2.1496
2.148
2.1488
2.1532
2.1516
2.1508
2.1544
2.1528
2.1528
2.1472
2.1512
2.15
2.152
2.1488
2.1484
2.148
2.1492
2.1484
2.148
2.1488
2.144
2.1464
2.1496
2.1496
2.1468
2.148
2.1472
2.1516
2.152
2.1488
2.1464
2.1564
2.1504
2.1504
2.154
2.1524
2.1488
2.1484
2.148
2.1508
2.148
2.1488
2.1492
2.1468
2.1464
2.1492
2.1488
2.146
2.1496
2.1496
2.1472
2.1496
2.152
2.1488
2.1484
2.1512
2.1484
2.1476
2.1524
2.1512
2.1488
2.1532
2.15
2.1516
2.1496
2.15
2.1508
2.15
2.1484
2.1476
2.1492
2.152
2.146
2.1476
2.1488
2.1516
2.15
2.1488
2.1496
2.15
2.1492
2.1488
2.1504
2.152
2.1504
2.15
2.1532
2.1516
2.15
2.152
2.1528
2.1556
2.1496
2.15
2.1512
2.1512
2.15
2.1516
2.1516
2.1516
2.148
2.15
2.1504
2.1496
2.1524
2.1464
2.1504
2.1516
2.1508
2.148
2.148
2.1524
2.1524
2.1492
2.15
2.1544
2.1488
2.1524
2.1528
2.15
2.1544
2.1508
2.1508
2.1564
2.1488
2.1496
2.1524
2.1516
2.15
2.1492
2.1464
2.1492
2.1476
2.1472
2.1488
2.1492
2.1492
2.1508
2.1496
2.1516
2.1524
2.1516
2.1504
2.1556
2.1508
2.1524
2.1524
2.1512
2.1548
2.1536
2.1508
2.152
2.1528
2.1524
2.1472
2.1488
2.1464
2.1492
2.1504
2.1496
2.1516
2.1468
2.1472
2.1524
2.1488
2.1464
2.1516
2.1504
2.1488
2.154
2.1528
2.15
2.1532
2.15
2.154
2.1528
2.1488
2.1484
2.1512
2.1496
2.1508
2.1484
2.1504
2.1504
2.1492
2.146
2.1504
2.1516
2.1492
2.1496
2.1516
2.1528
2.1504
2.1524
2.1536
2.1528
2.152
2.1508
2.152
2.1524
2.1508
2.1532
2.1472
2.152
2.1524
2.1508
2.1512
2.1512
2.1512
2.1492
2.1476
2.1468
2.1488
2.1476
2.1488
2.1504
2.1468
2.1496
2.1476
2.1492
2.1468
2.1492
2.1468
2.154
2.1496
2.1476
2.1492
2.148
2.1508
2.1508
2.1508
2.1464
2.1464
2.1492
2.1504
2.15
2.1484
2.1484
2.1464
2.1512
2.144
2.1468
2.1468
2.1504
2.1492
2.1464
2.1512
2.15
2.15
2.1484
2.152
2.1464
2.1496
2.1488
2.1464
2.1476
2.1492
2.1496
2.1472
2.1484
2.146
2.148
2.1464
2.1468
2.146
2.1444
2.1496
2.1476
2.1484
2.1492
2.148
2.154
2.148
2.1488
2.148
2.1468
2.1488
2.1492
2.1472
2.1512
2.1464
2.1464
2.1476
2.1468
2.1456
2.1468
2.1452
2.1452
2.1424
2.144
2.1452
2.1436
2.1424
2.1396
2.1424
2.1368
2.1384
2.1368
2.1368
2.1364
2.1352
2.132
2.1352
2.134
2.13
2.1252
2.1276
2.126
2.1248
2.1236
2.1208
2.1192
2.1124
2.1152
2.1096
2.1092
2.1032
2.106
2.1056
2.1044
2.0992
2.0976
2.0992
2.1016
2.0956
2.09
2.0896
2.0884
2.0812
2.0816
2.0804
2.0812
2.0728
2.072
2.0696
2.0664
2.0624
2.0592
2.0568
2.0556
2.0524
2.0484
2.048
2.0472
2.0424
2.0416
2.0392
2.0392
2.0336
2.034
2.03
2.034
2.0292
2.0264
2.0252
2.0232
2.018
2.0128
2.0152
2.0128
2.0076
2.01
2.0024
1.9988
2.0016
1.9976
1.996
1.9908
1.9896
1.9872
1.988
1.9876
1.9852
1.9828
1.9796
1.9808
1.9756
1.9768
1.9768
1.9712
1.972
1.9672
1.9656
1.9692
1.9592
1.9612
1.954
1.9576
1.95
1.9512
1.948
1.948
1.9452
1.9472
1.9452
1.9436
1.9432
1.9432
1.9404
1.9396
1.9332
1.9352
1.936
1.9336
1.934
1.9336
1.9288
1.9296
1.928
1.924
1.9256
1.9232
1.92
1.9192
1.9184
1.9192
1.918
1.9148
1.9128
1.9168
1.9104
1.912
1.9124
1.916
1.912
1.9144
1.9124
1.9092
1.908
1.906
1.912
1.9108
1.9096
1.904
1.908
1.9076
1.9024
1.906
1.9032
1.904
1.8984
1.898
1.8988
1.9012
1.8976
1.8988
1.8996
1.8992
1.894
1.8972
1.8976
1.8984
1.8936
1.8964
1.8968
1.8956
1.8972
1.8948
1.8964
1.8964
1.8964
1.8952
1.8972
1.8972
1.894
1.8924
1.8936
1.8944
1.8904
1.8888
1.8912
1.8892
1.8876
1.8904
1.8864
1.8904
1.8864
1.8868
1.8872
1.8912
1.8868
1.8868
1.8904
1.892
1.8908
1.8892
1.8884
1.8916
1.888
1.8908
1.89
1.8868
1.8848
1.8896
1.8848
1.8856
1.886
1.882
1.8872
1.8876
1.8828
1.8828
1.8808
1.8868
1.8828
1.8852
1.8856
1.8848
1.884
1.8828
1.8884
1.89
1.884
1.8852
1.886
1.8832
1.89
1.8876
1.8872
1.8904
1.884
1.8852
1.8888
1.8888
1.8864
1.8816
1.8848
1.886
1.8836
1.8856
1.8808
1.8856
1.88
1.882
1.886
1.8848
1.8856
1.8852
1.886
1.8892
1.8864
1.888
1.8912
1.8868
1.8912
1.8888
1.8908
1.8912
1.8892
1.8896
1.8876
1.8876
1.8888
1.8876
1.8888
1.8912
1.8876
1.8872
1.89
1.8876
1.8856
1.888
1.8888
1.8928
1.8924
1.8932
1.8932
1.8964
1.8904
1.8952
1.8964
1.8972
1.8944
1.898
1.8944
1.8984
1.8948
1.8948
1.8944
1.8944
1.892
1.8948
1.8984
1.8964
1.894
1.8956
1.8968
1.8976
1.8968
1.8976
1.8972
1.8992
1.8952
1.9
1.9004
1.9016
1.898
1.9036
1.9044
1.9032
1.9044
1.9052
1.9044
1.902
1.9024
1.9044
1.9048
1.9052
1.9036
1.9044
1.9056
1.91
1.9032
1.9008
1.9068
1.9056
1.9088
1.9092
1.9036
1.9108
1.9076
1.9104
1.9164
1.9116
1.9128
1.914
1.9148
1.9204
1.9168
1.9152
1.9136
1.916
1.9124
1.916
1.9164
1.9156
1.9136
1.9192
1.9148
1.9216
1.9152
1.914
1.9188
1.9184
1.9164
1.9216
1.9212
1.922
1.9196
1.926
1.9244
1.9284
1.9252
1.9264
1.9276
1.9272
1.928
1.9312
1.9316
1.9324
1.9268
1.93
1.9272
1.9316
1.926
1.9244
1.9284
1.9316
1.9272
1.9284
1.9272
1.932
1.932
1.9312
1.9324
1.936
1.9336
1.9388
1.938
1.9372
1.9372
1.938
1.936
1.9392
1.9396
1.9412
1.9392
1.9404
1.938
1.9392
1.9376
1.9404
1.9384
1.9376
1.9368
1.9384
1.9376
1.9392
1.9416
1.942
1.9396
1.9456
1.9432
1.9464
1.9436
1.9448
1.9448
1.9508
1.9488
1.9476
1.948
1.9488
1.948
1.952
1.9476
1.9516
1.946
1.948
1.9504
1.9512
1.9508
1.9492
1.954
1.9564
1.9516
1.9536
1.9556
1.9572
1.9568
1.958
1.9572
1.96
1.9568
1.9584
1.9604
1.964
1.9592
1.9604
1.9612
1.9632
1.962
1.9592
1.9612
1.9636
1.9644
1.966
1.9656
1.9692
1.962
1.9644
1.9652
1.97
1.968
1.9664
1.9712
1.9704
1.9692
1.9716
1.968
1.9728
1.9704
1.9736
1.9708
1.9764
1.9712
1.9732
1.974
1.9752
1.9756
1.9736
1.9736
1.9772
1.9764
1.9744
1.9772
1.9784
1.9784
1.9792
1.9828
1.9796
1.9784
1.9804
1.9796
1.986
1.9788
1.9836
1.9844
1.9832
1.9816
1.9848
1.9864
1.986
1.9864
1.9844
1.9888
1.988
1.9872
1.99
1.99
1.9904
1.9876
1.9916
1.992
1.9916
1.9932
1.996
1.9948
1.9956
1.9956
1.9936
1.9928
1.9944
1.9904
1.9968
1.9928
1.9956
1.9952
1.9968
1.9984
1.9976
1.9972
1.9968
1.9992
2.0052
1.9972
2.0004
2.0024
2.002
2.0036
2.002
2.0012
2.004
2.0048
2.0036
2.0052
2.0084
2.0072
2.0048
2.0072
2.0076
2.008
2.008
2.0076
2.0096
2.0088
2.0084
2.0092
2.0108
2.0056
2.0124
2.01
2.016
2.012
2.012
2.0148
2.0156
2.01
2.0132
2.0136
2.0144
2.0156
2.0156
2.0156
2.0164
2.0172
2.016
2.0164
2.018
2.0164
2.0192
2.018
2.02
2.0192
2.0232
2.02
2.0212
2.022
2.0184
2.0196
2.026
2.0208
2.0244
2.0256
2.0288
2.024
2.0256
2.0276
2.0272
2.0256
2.0264
2.0252
2.0308
2.0276
2.0304
2.0268
2.0324
2.0288
2.0312
2.0336
2.032
2.0304
2.0316
2.0336
2.036
2.0308
2.0304
2.0344
2.0364
2.0348
2.0376
2.0352
2.0368
2.0352
2.0364
2.0352
2.0384
2.034
2.0384
2.0392
2.042
2.04
2.04
2.0416
2.0436
2.0416
2.0396
2.0404
2.0452
2.038
2.046
2.0416
2.0428
2.0404
2.0428
2.0452
2.0456
2.0408
2.0448
2.0472
2.0464
2.0452
2.0468
2.0488
2.0464
2.0452
2.0476
2.048
2.0504
2.0488
2.0508
2.0496
2.0512
2.0504
2.0508
2.0528
2.0544
2.0468
2.0512
2.0548
2.054
2.0536
2.0528
2.0524
2.054
2.052
2.056
2.0592
2.0548
2.0564
2.0568
2.062
2.0596
2.0584
2.0604
2.062
2.0584
2.0604
2.0596
2.0612
2.0608
2.06
2.0608
2.0624
2.0616
2.0624
2.0632
2.0584
2.0604
2.06
2.0656
2.0664
2.068
2.0644
2.064
2.0672
2.0696
2.066
2.0688
2.0656
2.0664
2.0704
2.0704
2.0692
2.0692
2.0688
2.0696
2.0708
2.0764
2.0692
2.0696
2.0712
2.0708
2.07
2.0684
2.0684
2.0732
2.0696
2.072
2.076
2.0744
2.074
2.0744
2.0768
2.0752
2.072
2.0784
2.0776
2.0784
2.0784
2.0772
2.078
2.08
2.0772
2.0764
2.0792
2.0776
2.0764
2.0812
2.076
2.0756
2.0768
2.078
2.0796
2.076
2.0772
2.0804
2.0812
2.0796
2.0824
2.078
2.0836
2.0848
2.0828
2.0844
2.0864
2.0844
2.086
2.0864
2.086
2.0852
2.0856
2.0832
2.084
2.084
2.084
2.0876
2.0824
2.0844
2.0828
2.0816
2.0828
2.084
2.086
2.0836
2.086
2.0896
2.0884
2.0828
2.0924
2.0892
2.088
2.0924
2.0888
2.0932
2.0916
2.0932
2.0936
2.0904
2.09
2.092
2.0904
2.0936
2.0904
2.0868
2.0952
2.0952
2.0908
2.0904
2.092
2.0924
2.0908
2.0932
2.09
2.0944
2.098
2.0948
2.102
2.0992
2.098
2.098
2.0992
2.1036
2.0996
2.1016
2.1032
2.0992
2.0984
2.0964
2.0968
2.098
2.094
2.0944
2.0968
2.0948
2.0976
2.096
2.0956
2.0992
2.0988
2.1012
2.104
2.1024
2.0988
2.1032
2.1064
2.1052
2.1044
2.1016
2.1068
2.106
2.1072
2.1044
2.1044
2.1072
2.1004
2.104
2.1036
2.104
2.1004
2.102
2.104
2.1048
2.1008
2.1028
2.1056
2.1052
2.1056
2.1052
2.1084
2.1068
2.1084
2.1072
2.1076
2.1088
2.1072
2.1092
2.11
2.1112
2.1072
2.1088
2.1096
2.1088
2.1092
2.1052
2.1064
2.1064
2.1068
2.1076
2.106
2.1084
2.1028
2.1096
2.1084
2.1072
2.1088
2.1148
2.1092
2.112
2.1124
2.1116
2.114
2.1144
2.1128
2.118
2.1132
2.1164
2.1152
2.1132
2.1152
2.1128
2.108
2.1128
2.11
2.1124
2.1128
2.1096
2.1108
2.1164
2.112
2.114
2.1156
2.112
2.1132
2.1144
2.118
2.1184
2.1164
2.1188
2.1164
2.1164
2.1156
2.1192
2.1152
2.1172
2.1132
2.1156
2.1152
2.1172
2.1168
2.116
2.1164
2.1168
2.1172
2.1152
2.118
2.1204
2.1152
2.1196
2.1204
2.1176
2.118
2.122
2.1188
2.1208
2.1168
2.1224
2.122
2.1228
2.1236
2.1216
2.124
2.1248
2.1212
2.1184
2.1224
2.1256
2.1224
2.122
2.1212
2.1216
2.1212
2.1192
2.1256
2.122
2.1184
2.122
2.12
2.1268
2.126
2.1252
2.1208
2.126
2.1228
2.1256
2.1312
2.124
2.1256
2.1284
2.1268
2.1276
2.1236
2.1236
2.124
2.126
2.1248
2.1268
2.1252
2.1272
2.1236
2.1268
2.1276
2.1252
2.1232
2.1264
2.1276
2.1288
2.1252
2.1252
2.1264
2.1304
2.1292
2.1268
2.1264
2.1316
2.1272
2.1304
2.1284
2.13
2.1264
2.1288
2.1296
2.1308
2.1288
2.1268
2.1324
2.1332
2.1252
2.132
2.1308
2.1332
2.1324
2.1316
2.1304
2.1316
2.1332
2.1292
2.132
2.1344
2.1344
2.1312
2.1344
2.138
2.1316
2.1344
2.1336
2.1332
2.1332
2.1344
2.1344
2.1384
2.1332
2.132
2.1348
2.136
2.1316
2.1352
2.1344
2.134
2.1364
2.1364
2.1336
2.1384
2.1364
2.1368
2.1392
2.1384
2.1364
2.1356
2.1372
2.1376
2.1348
2.1388
2.134
2.138
2.1336
2.1388
2.1368
2.1356
2.1368
2.1352
2.1368
2.138
2.1372
2.1364
2.1396
2.1376
2.134
2.1428
2.138
2.1404
2.1316
2.1392
2.14
2.1384
2.1396
2.1408
2.1408
2.1404
2.1396
2.142
2.142
2.1448
2.1384
2.1408
2.142
2.14
2.1364
2.1388
2.1388
2.1416
2.1396
2.14
2.1432
2.1428
2.1432
2.1428
2.1404
2.1428
2.1408
2.1416
2.1424
2.1444
2.1436
2.1416
2.1396
2.1412
2.1408
2.1456
2.1408
2.144
2.1404
2.144
2.1448
2.1452
2.142
2.1428
2.1472
2.1432
2.1436
2.144
2.1424
2.1472
2.1444
2.144
2.1452
2.1456
2.1428
2.1448
2.1412
2.1484
2.142
2.1464
2.1452
2.1452
2.1488
2.146
2.1464
2.1464
2.1464
2.1424
2.1476
2.1472
2.1444
2.1468
2.1488
2.1496
2.1492
2.1488
2.1468
2.1452
2.1464
2.148
2.1468
2.1508
2.1456
2.1484
2.1488
2.1464
2.1476
2.1468
2.146
2.15
2.1456
2.1492
2.1512
2.1496
2.1492
2.1508
2.1484
2.1512
2.1512
2.1484
2.1512
2.1508
2.1492
2.1528
2.148
2.1516
2.1508
2.1516
2.15
2.1532
2.1512
2.1492
2.1524
2.1512
2.1488
2.1492
2.1516
2.1492
2.1532
2.1508
2.1492
2.1524
2.148
2.1492
2.1488
2.1544
2.1516
2.154
2.1532
2.1548
2.1528
2.1524
2.1516
2.158
2.1524
2.1528
2.152
2.1536
2.1512
2.1528
2.1528
2.1548
2.1552
2.1532
2.154
2.1524
2.1532
2.1528
2.1528
2.1532
2.1536
2.1528
2.1556
2.1552
2.15
2.1536
2.1548
2.156
2.1556
2.1532
2.1584
2.1576
2.1576
2.1536
2.1528
2.1572
2.1564
2.1536
2.154
2.1548
2.1516
2.1548
2.152
2.1544
2.152
2.1532
2.1556
2.1528
2.158
2.1544
2.1548
2.1552
2.1572
2.1588
2.1596
2.1592
2.1572
2.1556
2.1548
2.1588
2.1584
2.156
2.154
2.156
2.1524
2.1536
2.1548
2.1544
2.1516
2.1528
2.158
2.1544
2.1544
2.154
2.156
2.1556
2.1564
2.1584
2.1572
2.162
2.1556
2.1572
2.1556
2.1588
2.1532
2.1568
2.1536
2.1552
2.1532
2.1524
2.1576
2.1556
2.1536
2.1556
2.154
2.1552
2.1548
2.1524
2.158
2.1556
2.1528
2.1556
2.1552
2.1572
2.1596
2.1604
2.1588
2.1628
2.1588
2.1568
2.1588
2.1588
2.1572
2.1592
2.1608
2.1576
2.1568
2.1556
2.156
2.156
2.156
2.1576
2.1544
2.1576
2.1552
2.1548
2.158
2.156
2.1548
2.1576
2.1588
2.1592
2.162
2.1576
2.1624
2.1632
2.1624
2.1612
2.1608
2.1616
2.1576
2.1604
2.1592
2.1588
2.16
2.156
2.158
2.158
2.1576
2.1584
2.1556
2.1584
2.1552
2.1576
2.1576
2.162
2.1584
2.1568
2.1624
2.1612
2.1608
2.1604
2.1596
2.1616
2.1588
2.164
2.1608
2.162
2.158
2.1572
2.1604
2.158
2.16
2.1608
2.1576
2.158
2.1584
2.1568
2.1588
2.1636
2.1556
2.1636
2.1592
2.1616
2.1604
2.1616
2.1636
2.1656
2.16
2.1636
2.1652
2.1652
2.1636
2.164
2.1632
2.1636
2.1624
2.1636
2.1596
2.1616
2.1616
2.1604
2.1648
2.1616
2.1624
2.164
2.1624
2.1656
2.1624
2.1612
2.1608
2.1664
2.1644
2.164
2.1644
2.1644
2.1664
2.1652
2.1672
2.1688
2.1656
2.1644
2.1664
2.162
2.1636
2.1652
2.162
2.1636
2.1604
2.1632
2.1632
2.1656
2.1592
2.1612
2.1604
2.1656
2.1656
2.162
2.1652
2.1648
2.1664
2.1648
2.1688
2.17
2.1664
2.168
2.1668
2.1676
2.1644
2.1624
2.1648
2.1652
2.1648
2.166
2.1656
2.1688
2.1672
2.1652
2.1652
2.1656
2.1596
2.1652
2.164
2.164
2.1648
2.1652
2.1644
2.1668
2.166
2.1656
2.1656
2.166
2.1644
2.1644
2.1668
2.168
2.1632
2.1664
2.1656
2.1672
2.164
2.1648
2.1668
2.1692
2.164
2.1648
2.1616
2.1636
2.158
2.1648
2.1628
2.1652
2.1636
2.1644
2.1632
2.164
2.1648
2.1668
2.1672
2.1668
2.166
2.1664
2.1664
2.1688
2.1676
2.1672
2.168
2.1672
2.1652
2.164
2.1664
2.1652
2.1632
2.1656
2.1648
2.1624
2.162
2.1628
2.166
2.1668
2.1652
2.1652
2.1636
2.1676
2.1636
2.1604
2.164
2.1672
2.1656
2.1652
2.1672
2.1672
2.1672
2.1672
2.1648
2.1684
2.1688
2.1644
2.1644
2.1688
2.1632
2.1668
2.1652
2.1664
2.1624
2.1676
2.1652
2.1664
2.1664
2.164
2.166
2.17
2.1676
2.17
2.1688
2.17
2.168
2.1708
2.1672
2.1704
2.1652
2.1668
2.1668
2.1656
2.164
2.168
2.1648
2.168
2.1652
2.1656
2.168
2.1688
2.166
2.1648
2.1696
2.168
2.1692
2.1676
2.1676
2.1732
2.1676
2.168
2.1668
2.1712
2.1684
2.1672
2.1724
2.1704
2.1672
2.168
2.1664
2.1708
2.1684
2.1664
2.1692
2.1688
2.166
2.1696
2.166
2.1696
2.1672
2.1644
2.1664
2.1676
2.1656
2.17
2.17
2.1676
2.168
2.1692
2.166
2.1696
2.1676
2.1712
2.1688
2.1692
2.168
2.1688
2.17
2.1716
2.1656
2.1712
2.1716
2.1728
2.1696
2.1656
2.1684
2.1696
2.1692
2.1696
2.1672
2.1712
2.1684
2.1672
2.1696
2.1672
2.1668
2.166
2.1688
2.1708
2.17
2.1712
2.168
2.1716
2.1688
2.1696
2.1712
2.172
2.1692
2.168
2.1688
2.1748
2.1676
2.1672
2.1724
2.1724
2.1688
2.1732
2.1676
2.1712
2.1668
2.1692
2.1672
2.1744
2.17
2.1712
2.1692
2.1724
2.1672
2.1688
2.1664
2.1692
2.1668
2.1696
2.1676
2.1712
2.17
2.17
2.1728
2.1696
2.168
2.1732
2.1688
2.1704
2.1724
2.1692
2.1688
2.1704
2.17
2.1704
2.1676
2.1724
2.1632
2.1684
2.1688
2.1648
2.1668
2.1652
2.1668
2.1672
2.1688
2.17
2.1648
2.174
2.174
2.1712
2.17
2.1732
2.1692
2.172
2.1696
2.168
2.1696
2.168
2.1724
2.1724
2.1696
2.17
2.168
2.1688
2.1684
2.1696
2.1668
2.1676
2.1644
2.168
2.1676
2.1712
2.1656
2.1688
2.1688
2.1708
2.168
2.1688
2.1724
2.1668
2.1716
2.17
2.1728
2.1748
2.168
2.1712
2.1684
2.1716
2.1708
2.1708
2.1716
2.1696
2.1668
2.1688
2.166
2.1712
2.1684
2.1696
2.1708
2.1716
2.1692
2.1716
2.17
2.1696
2.1692
2.1688
2.1724
2.1704
2.1712
2.17
2.1724
2.17
2.1688
2.1684
2.1668
2.1696
2.1704
2.168
2.168
2.17
2.1664
2.1688
2.17
2.1684
2.1664
2.17
2.1676
2.1712
2.1696
2.1704
2.1692
2.17
2.17
2.1724
2.1668
2.1728
2.1696
2.1716
2.17
2.1748
2.1684
2.168
2.1684
2.1676
2.1668
2.1688
2.1656
2.1672
2.168
2.1676
2.1676
2.1696
2.1668
2.1716
2.1692
2.172
2.1688
2.1708
2.1664
2.1732
2.1696
2.1688
2.1712
2.1788
2.1712
2.166
2.17
2.1752
2.1716
2.1676
2.1632
2.172
2.1692
2.166
2.1644
2.1692
2.172
2.1708
2.1684
2.1696
2.1668
2.172
2.1688
2.1748
2.1704
2.1712
2.1732
2.1732
2.17
2.1724
2.174
2.174
2.1696
2.168
2.1744
2.1728
2.1664
2.1708
2.166
2.1724
2.1672
2.1664
2.172
2.1728
2.1688
2.17
2.1688
2.172
2.1672
2.1692
2.1704
2.172
2.1704
2.1728
2.1724
2.1764
2.1708
2.1732
2.1748
2.1744
2.1724
2.1756
2.172
2.1784
2.1732
2.1704
2.17
2.174
2.1728
2.1704
2.1676
2.1752
2.1684
2.168
2.1696
2.1744
2.1712
2.172
2.1732
2.1756
2.1712
2.172
2.1748
2.1764
2.1732
2.1764
2.1764
2.1788
2.1728
2.1752
2.1736
2.1768
2.1732
2.1736
2.1736
2.1764
2.1712
2.174
2.1708
2.1692
2.1724
2.1704
2.1716
2.1712
2.172
2.1716
2.1724
2.1772
2.1728
2.1764
2.1736
2.176
2.1752
2.176
2.1768
2.1792
2.1748
2.1764
2.1768
2.1724
2.1764
2.1764
2.174
2.178
2.1724
2.1692
2.1724
2.174
2.1716
2.174
2.1716
2.1776
2.1744
2.1748
2.1772
2.1728
2.1752
2.1788
2.1776
2.1816
2.1724
2.1776
2.1788
2.1792
2.1764
2.1764
2.1764
2.1752
2.176
2.1772
2.1772
2.1752
2.1696
2.172
2.1748
2.1772
2.1716
2.1728
2.1748
2.176
2.1768
2.1764
2.1772
2.1768
2.1768
2.1808
2.1768
2.182
2.1764
2.1784
2.1788
2.1792
2.1744
2.1784
2.1776
2.178
2.1728
2.1712
2.1752
2.176
2.1756
2.1724
2.174
2.1748
2.1728
2.176
2.176
2.1836
2.178
2.176
2.1768
2.178
2.174
2.1768
2.18
2.178
2.1776
2.1796
2.1776
2.1784
2.1764
2.1764
2.1764
2.176
2.1728
2.174
2.178
2.174
2.1748
2.1748
2.1712
2.1764
2.1712
2.1732
2.174
2.1792
2.1732
2.176
2.1776
2.1772
2.1756
2.1764
2.1776
2.18
2.1764
2.1788
2.1792
2.1764
2.1772
2.1756
2.1768
2.1752
2.1748
2.1764
2.174
2.176
2.172
2.1764
2.1748
2.1728
2.1764
2.1716
2.1736
2.1744
2.17
2.178
2.1764
2.1824
2.1764
2.1788
2.1784
2.1804
2.1772
2.1788
2.1788
2.1784
2.1752
2.1732
2.176
2.174
2.1724
2.178
2.1744
2.1776
2.1752
2.1728
2.172
2.176
2.1708
2.18
2.1768
2.1744
2.1776
2.1784
2.1808
2.1804
2.178
2.1776
2.1788
2.1828
2.178
2.1772
2.18
2.1784
2.1756
2.1752
2.178
2.178
2.1728
2.1772
2.1784
2.1764
2.1728
2.176
2.1756
2.1792
2.1768
2.1768
2.178
2.18
2.1768
2.1792
2.18
2.1848
2.1748
2.1808
2.1796
2.182
2.1764
2.18
2.1764
2.1788
2.1768
2.1768
2.1768
2.178
2.1736
2.1792
2.178
2.1796
2.172
2.1816
2.1752
2.1796
2.174
2.1784
2.1784
2.1784
2.1776
2.178
2.1752
2.1768
2.1768
2.1776
2.178
2.178
2.176
2.1752
2.174
2.1828
2.1748
2.1756
2.1796
2.176
2.1792
2.1796
2.1764
2.1776
2.176
2.1796
2.1784
2.1792
2.1748
2.1788
2.1784
2.1828
2.1772
2.176
2.1756
2.178
2.1788
2.1796
2.1772
2.18
2.174
2.1812
2.18
2.1764
2.1792
2.1816
2.1784
2.1808
2.1736
2.1792
2.176
2.18
2.1788
2.1748
2.1776
2.1812
2.176
2.1788
2.1788
2.178
2.1768
2.18
2.1756
2.182
2.1732
2.1792
2.1772
2.176
2.176
2.1784
2.18
2.182
2.1756
2.1784
2.1748
2.1756
2.1764
2.1784
2.1776
2.176
2.174
2.1804
2.1752
2.1788
2.1748
2.1748
2.178
2.1772
2.1772
2.1788
2.1752
2.1808
2.1728
2.1748
2.178
2.1788
2.1776
2.1752
2.1772
2.178
2.1776
2.1788
2.1744
2.1768
2.176
2.1772
2.178
2.1756
2.1752
2.1772
2.176
2.1796
2.1728
2.1744
2.1772
2.176
2.1748
2.1736
2.1752
2.1756
2.1744
2.1748
2.1768
2.176
2.1756
2.1764
2.1728
2.1804
2.1724
2.1728
2.18
2.1768
2.174
2.1768
2.1736
2.1776
2.1744
2.1796
2.1784
2.1792
2.1724
2.178
2.1732
2.1736
2.1744
2.174
2.176
2.1776
2.1744
2.1764
2.1756
2.1768
2.1736
2.174
2.176
2.1752
2.1744
2.1728
2.1752
2.1776
2.1792
2.1776
2.1748
2.1784
2.1728
2.178
2.1756
2.1804
2.1752
2.1748
2.1788
2.1756
2.1736
2.1752
2.1772
2.176
2.1756
2.1728
2.1756
2.178
2.1728
2.1736
2.176
2.1828
2.1748
2.178
2.18
2.1768
2.1812
2.1808
2.1776
2.1832
2.1764
2.1776
2.1812
2.1792
2.178
2.1776
2.1796
2.18
2.1784
2.1796
2.178
2.1788
2.176
2.178
2.1768
2.1784
2.1772
2.1804
2.1776
2.1804
2.1784
2.182
2.1796
2.182
2.178
2.1828
2.182
2.1804
2.1752
2.182
2.1792
2.1812
2.178
2.1788
2.1812
2.1816
2.1748
2.18
2.1768
2.1804
2.1796
2.1748
2.1784
2.1776
2.1728
2.1812
2.1784
2.1808
2.1784
2.1832
2.182
2.184
2.182
2.18
2.1816
2.1836
2.1796
2.1816
2.1804
2.1804
2.176
2.1772
2.18
2.1804
2.1756
2.1796
2.176
2.1792
2.1776
2.1768
2.178
2.1828
2.1796
2.1784
2.1792
2.182
2.1796
2.1824
2.178
2.184
2.1796
2.1812
2.1788
2.1796
2.1784
2.182
2.1784
2.1776
2.1764
2.1772
2.1756
2.178
2.1748
2.1756
2.178
2.1784
2.1736
2.1756
2.1768
2.1792
2.1764
2.1816
2.1804
2.182
2.1792
2.18
2.18
2.1856
2.18
2.1816
2.182
2.182
2.1796
2.1836
2.178
2.178
2.1768
2.1776
2.1756
2.182
2.1716
2.1752
2.1772
2.1772
2.1768
2.1796
2.1776
2.1788
2.1792
2.1776
2.1808
2.1808
2.178
2.18
2.1812
2.1816
2.1804
2.1844
2.1796
2.1824
2.1812
2.1784
2.18
2.1788
2.1748
2.1776
2.1756
2.178
2.1752
2.1772
2.176
2.174
2.174
2.1772
2.1784
2.1816
2.1768
2.18
2.1788
2.1828
2.176
2.18
2.182
2.1828
2.1812
2.18
2.1788
2.1804
2.178
2.1776
2.18
2.1784
2.1764
2.176
2.1756
2.1768
2.17
2.1776
2.174
2.178
2.1712
2.174
2.1748
2.18
2.1756
2.18
2.1804
2.1856
2.1828
2.1812
2.1792
2.1816
2.1772
2.1788
2.1768
2.1792
2.1752
2.1772
2.178
2.1772
2.174
2.1792
2.1784
2.1756
2.1744
2.1772
2.1776
2.1784
2.176
2.1784
2.1788
2.1816
2.1792
2.1836
2.1824
2.1832
2.1812
2.18
2.1808
2.1836
2.1808
2.18
2.1784
2.1796
2.1768
2.1764
2.1744
2.1772
2.1748
2.176
2.178
2.1776
2.1776
2.1744
2.1776
2.1776
2.1756
2.1792
2.1784
2.1808
2.1808
2.182
2.182
2.1848
2.1824
2.1824
2.1828
2.184
2.1784
2.1796
2.1784
2.1808
2.1772
2.178
2.1772
2.1812
2.1764
2.18
2.1752
2.1808
2.1748
2.1792
2.1796
2.1792
2.178
2.182
2.1788
2.184
2.1808
2.1792
2.184
2.1824
2.1788
2.184
2.1824
2.1796
2.18
2.1824
2.1808
2.1832
2.1796
2.178
2.1776
2.1796
2.1804
2.1816
2.1772
2.1796
2.1776
2.1812
2.1816
2.1852
2.1804
2.18
2.1808
2.1876
2.1808
2.1824
2.1812
2.1808
2.1804
2.1824
2.1816
2.1824
2.1848
2.184
2.1808
2.1852
2.178
2.1824
2.1796
2.1776
2.1804
2.1808
2.1788
2.1804
2.1788
2.18
2.1812
2.182
2.1812
2.1792
2.1808
2.1844
2.1788
2.1824
2.1844
2.1844
2.182
2.182
2.1808
2.1856
2.1812
2.1828
2.1824
2.1848
2.178
2.1812
2.1796
2.1792
2.1796
2.1796
2.1808
2.1828
2.18
2.1784
2.1812
2.1824
2.1764
2.1836
2.1788
2.1812
2.1804
2.18
2.1804
2.1828
2.1808
2.1824
2.1832
2.1816
2.1792
2.1792
2.18
2.184
2.1816
2.1792
2.1784
2.1804
2.178
2.1796
2.1824
2.1812
2.1792
2.1812
2.1816
2.1836
2.1788
2.1796
2.178
2.1824
2.1792
2.178
2.18
2.1796
2.1828
2.182
2.1828
2.1828
2.1804
2.1816
2.1824
2.186
2.1788
2.1828
2.182
2.1816
2.1772
2.1836
2.1784
2.1812
2.1824
2.18
2.1812
2.1808
2.1816
2.1812
2.1808
2.1836
2.1796
2.1824
2.1796
2.1832
2.1784
2.1812
2.1844
2.1808
2.1812
2.1844
2.18
2.1836
2.1808
2.18
2.1804
2.184
2.1792
2.1824
2.1796
2.1808
2.1812
2.1812
2.1832
2.1852
2.1792
2.1836
2.1788
2.1836
2.1804
2.1812
2.1836
2.1836
2.1812
2.1848
2.1836
2.1856
2.184
2.1824
2.182
2.1864
2.1816
2.1848
2.182
2.184
2.1824
2.1844
2.1824
2.1848
2.1776
2.1808
2.1796
2.1808
2.1784
2.1828
2.1856
2.1852
2.1828
2.1828
2.1828
2.1876
2.1824
2.1856
2.1848
2.184
2.1828
2.184
2.1828
2.1884
2.1832
2.182
2.184
2.1848
2.1836
2.1852
2.18
2.1844
2.18
2.1824
2.1796
2.184
2.1808
2.1812
2.1824
2.1836
2.182
2.1816
2.1812
2.1832
2.184
2.1816
2.1816
2.1848
2.182
2.1828
2.1808
2.1824
2.182
2.1832
2.184
2.1844
2.1796
2.184
2.184
2.1848
2.1824
2.18
2.1832
2.1856
2.1788
2.1804
2.1804
2.1824
2.1824
2.1836
2.18
2.1828
2.1776
2.1804
2.1832
2.184
2.1804
2.1848
2.1816
2.1828
2.18
2.1812
2.1804
2.1872
2.1796
2.184
2.1816
2.1872
2.1844
2.1816
2.1848
2.1828
2.1796
2.186
2.1824
2.186
2.1788
2.18
2.1792
2.1804
2.1784
2.1804
2.1816
2.1816
2.184
2.1836
2.1832
2.1852
2.1824
2.1816
2.1812
2.1876
2.1824
2.1844
2.1812
2.184
2.1824
2.1836
2.1796
2.1872
2.1816
2.1788
2.1768
2.1788
2.1792
2.1824
2.1776
2.18
2.1788
2.1772
2.1808
2.1804
2.1784
2.1852
2.1832
2.1848
2.1872
2.1808
2.1832
2.1856
2.1812
2.1832
2.182
2.1844
2.184
2.1884
2.1808
2.1796
2.18
2.1792
2.18
2.1824
2.1768
2.1828
2.18
2.1796
2.1808
2.1788
2.1792
2.1808
2.1804
2.1848
2.1836
2.188
2.186
2.1856
2.1836
2.1896
2.184
2.186
2.1836
2.1888
2.1812
2.1832
2.1796
2.1812
2.1824
2.18
2.1824
2.184
2.1808
2.1808
2.1796
2.1836
2.18
2.1836
2.1808
2.186
2.1832
2.1844
2.1848
2.1864
2.1868
2.1836
2.1852
2.1864
2.1812
2.186
2.1836
2.184
2.1832
2.1796
2.1824
2.1808
2.18
2.1812
2.1796
2.1812
2.1816
2.1808
2.1828
2.1828
2.1792
2.1848
2.1804
2.184
2.182
2.1832
2.1852
2.1884
2.1848
2.1836
2.1868
2.1844
2.1828
2.1844
2.182
2.1852
2.1856
2.1832
2.1808
2.1828
2.1776
2.1796
2.1796
2.1836
2.1816
2.1844
2.1824
2.1828
2.1796
2.1812
2.1812
2.1856
2.182
2.1876
2.1864
2.1884
2.186
2.1852
2.1832
2.1864
2.1816
2.1856
2.1836
2.1852
2.1816
2.1848
2.1828
2.1812
2.1832
2.1796
2.1844
2.1852
2.1776
2.1804
2.1812
2.1828
2.1804
2.1816
2.1832
2.1856
2.1836
2.1836
2.186
2.1868
2.1836
2.184
2.1836
2.1856
2.1848
2.184
2.1848
2.1848
2.1812
2.1828
2.1844
2.1824
2.1784
2.1848
2.1816
2.1836
2.1844
2.1828
2.1824
2.1844
2.1824
2.1804
2.182
2.1872
2.186
2.1856
2.1824
2.1836
2.184
2.1856
2.1824
2.184
2.1824
2.1848
2.1836
2.1888
2.1812
2.184
2.1804
2.184
2.182
2.1828
2.1836
2.1832
2.1812
2.1832
2.186
2.1828
2.1828
2.1876
2.1828
2.1884
2.1868
2.186
2.1868
2.1888
2.1828
2.188
2.184
2.1868
2.1828
2.186
2.1832
2.1856
2.1828
2.184
2.1812
2.1872
2.1804
2.1828
2.1844
2.1812
2.1832
2.1856
2.1816
2.19
2.1816
2.1848
2.182
2.1872
2.1852
2.1864
2.1852
2.1876
2.1868
2.1852
2.1856
2.188
2.184
2.1872
2.1856
2.1852
2.1812
2.1864
2.1872
2.184
2.1812
2.184
2.1816
2.1832
2.1812
2.1836
2.1824
2.1872
2.1832
2.1844
2.1824
2.1908
2.186
2.1904
2.1864
2.1892
2.19
2.1896
2.1872
2.1924
2.1876
2.1868
2.1864
2.1864
2.1836
2.1884
2.1828
2.1876
2.1832
2.186
2.1872
2.1856
2.186
2.1852
2.1868
2.1872
2.1824
2.1896
2.186
2.1908
2.1864
2.1872
2.1872
2.1884
2.1888
2.1884
2.186
2.1868
2.188
2.1852
2.1876
2.188
2.182
2.1876
2.1848
2.1872
2.1848
2.1856
2.184
2.1868
2.1852
2.1852
2.1812
2.1856
2.1816
2.1828
2.1828
2.1876
2.1844
2.1904
2.186
2.1892
2.1824
2.1852
2.1836
2.1872
2.1792
2.1824
2.1852
2.184
2.1844
2.1856
2.1836
2.1916
2.1856
2.1864
2.1884
2.1864
2.1828
2.1852
2.184
2.1896
2.1868
2.1856
2.1896
2.1872
2.1864
2.19
2.1852
2.1856
2.1872
2.1832
2.1852
2.1844
2.1828
2.186
2.1816
2.186
2.1836
2.184
2.1844
2.1836
2.1832
2.1836
2.1808
2.1872
2.1828
2.1876
2.1848
2.1848
2.1848
2.1884
2.1844
2.1888
2.1832
2.1844
2.1888
2.186
2.1864
2.1872
2.186
2.19
2.1844
2.1888
2.1888
2.1892
2.1868
2.184
2.1884
2.19
2.1892
2.1848
2.1844
2.1892
2.1852
2.186
2.1876
2.1848
2.1848
2.1896
2.1852
2.1904
2.1876
2.1824
2.186
2.1896
2.182
2.1872
2.1876
2.1852
2.1876
2.1864
2.1872
2.1868
2.1844
2.1864
2.1852
2.1876
2.1844
2.1836
2.1828
2.1908
2.1824
2.1868
2.1856
2.1884
2.1856
2.186
2.1884
2.1888
2.1856
2.1892
2.182
2.1892
2.184
2.1796
2.1884
2.1844
2.1848
2.1896
2.1864
2.1884
2.1868
2.1916
2.188
2.1888
2.1852
2.1864
2.188
2.1884
2.1828
2.1832
2.1856
2.188
2.1816
2.1844
2.1864
2.1812
2.1832
2.184
2.1816
2.1884
2.1792
2.1852
2.1864
2.1888
2.1832
2.1868
2.1848
2.19
2.1868
2.1864
2.186
2.1904
2.1844
2.1872
2.184
2.1864
2.1864
2.1856
2.1844
2.1816
2.182
2.1808
2.1848
2.1888
2.1812
2.186
2.1852
2.1864
2.182
2.1868
2.1844
2.1872
2.1868
2.1848
2.19
2.1844
2.1848
2.1884
2.1856
2.19
2.186
2.1868
2.1856
2.1872
2.1836
2.1844
2.188
2.1872
2.1804
2.1848
2.182
2.182
2.184
2.1812
2.1876
2.1844
2.1856
2.1868
2.1828
2.1872
2.184
2.1872
2.1848
2.1904
2.1844
2.1876
2.1872
2.1868
2.184
2.184
2.1844
2.1848
2.182
2.184
2.1816
2.1832
2.1796
2.1812
2.1812
2.1832
2.1792
2.1844
2.1828
2.1872
2.1836
2.1816
2.188
2.1868
2.1868
2.1892
2.1876
2.1876
2.1828
2.1868
2.184
2.1864
2.1848
2.184
2.1848
2.182
2.182
2.1844
2.18
2.1828
2.1824
2.1808
2.1852
2.1828
2.1788
2.184
2.184
2.186
2.1832
2.1856
2.1848
2.186
2.1832
2.1844
2.1864
2.1856
2.1856
2.1868
2.1872
2.1868
2.1828
2.184
2.1856
2.1852
2.1832
2.1812
2.182
2.1844
2.1824
2.1812
2.1828
2.184
2.1832
2.1856
2.186
2.1848
2.1832
2.188
2.184
2.1868
2.186
2.1868
2.1864
2.1888
2.1868
2.1844
2.188
2.1852
2.1824
2.1876
2.1852
2.1856
2.186
2.1872
2.1848
2.1884
2.1836
2.1856
2.1832
2.1872
2.1796
2.1856
2.1828
2.1864
2.1852
2.1852
2.1872
2.188
2.1864
2.1888
2.1896
2.188
2.1912
2.1872
2.1868
2.1896
2.186
2.1872
2.186
2.1872
2.1856
2.1868
2.1828
2.1868
2.1836
2.1808
2.1832
2.186
2.1824
2.1832
2.1856
2.1864
2.182
2.1852
2.1848
2.19
2.1844
2.1848
2.19
2.1852
2.1872
2.1864
2.1836
2.1884
2.1856
2.1888
2.1856
2.1832
2.18
2.1836
2.1796
2.1816
2.1808
2.1816
2.1828
2.1848
2.1836
2.1828
2.1856
2.1852
2.186
2.1848
2.1876
2.188
2.1836
2.1856
2.1884
2.188
2.1876
2.1892
2.1868
2.1912
2.1828
2.1848
2.1832
2.1848
2.1828
2.1832
2.1812
2.1844
2.1828
2.1832
2.1852
2.186
2.1828
2.186
2.1856
2.1832
2.182
2.1864
2.184
2.1884
2.1864
2.186
2.1872
2.1872
2.1864
2.1888
2.1856
2.192
2.1852
2.1852
2.1876
2.184
2.1832
2.1844
2.184
2.1844
2.1828
2.1832
2.1844
2.1848
2.184
2.1872
2.186
2.1876
2.184
2.1864
2.194
2.1912
2.188
2.192
2.1884
2.1916
2.1868
2.186
2.1912
2.1864
2.1868
2.1836
2.1852
2.1856
2.184
2.184
2.1848
2.1884
2.1828
2.1828
2.1836
2.1864
2.1844
2.1872
2.1872
2.1864
2.1876
2.188
2.1876
2.19
2.1852
2.1912
2.1884
2.1936
2.1892
2.1896
2.186
2.1872
2.1868
2.1872
2.1868
2.1892
2.184
2.1872
2.1844
2.1868
2.1872
2.184
2.186
2.1884
2.1848
2.1864
2.1868
2.1876
2.1884
2.1888
2.1876
2.19
2.1868
2.19
2.1888
2.1876
2.1864
2.1872
2.1872
2.1856
2.1888
2.1864
2.1876
2.1896
2.1896
2.1872
2.1852
2.1904
2.186
2.1844
2.1904
2.1896
2.1872
2.1908
2.1872
2.1932
2.1876
2.19
2.1904
2.1924
2.1852
2.188
2.1884
2.192
2.1896
2.1912
2.1888
2.1924
2.1852
2.1908
2.1892
2.1892
2.1888
2.1884
2.188
2.1896
2.1864
2.1884
2.19
2.1876
2.1884
2.1888
2.1872
2.19
2.1872
2.1892
2.1936
2.1916
2.1884
2.192
2.1908
2.1912
2.1884
2.19
2.1876
2.1948
2.1856
2.186
2.1868
2.1884
2.1868
2.1896
2.188
2.1924
2.1876
2.1896
2.1892
2.192
2.1852
2.1888
2.19
2.1892
2.1896
2.1892
2.1888
2.1896
2.186
2.186
2.186
2.1904
2.1916
2.1892
2.1868
2.1876
2.1852
2.1872
2.1856
2.1876
2.1864
2.1872
2.188
2.1892
2.1896
2.184
2.186
2.1876
2.1864
2.1848
2.1844
2.1872
2.1852
2.186
2.1828
2.19
2.1868
2.1872
2.188
2.1868
2.1884
2.184
2.1904
2.19
2.1868
2.1872
2.1864
2.1856
2.1868
2.1872
2.1884
2.1876
2.1864
2.19
2.1864
2.1884
2.1856
2.1848
2.186
2.188
2.184
2.1904
2.1872
2.1876
2.1868
2.1876
2.1848
2.1904
2.1852
2.1876
2.1836
2.1868
2.184
2.1848
2.188
2.1916
2.1852
2.186
2.1888
2.188
2.1848
2.1904
2.1864
2.1872
2.186
2.1852
2.1816
2.1876
2.1856
2.1852
2.1868
2.1868
2.1876
2.1844
2.1828
2.1888
2.1868
2.1864
2.1836
2.1884
2.186
2.1904
2.1896
2.1904
2.1856
2.1896
2.1848
2.1896
2.1856
2.1876
2.1892
2.1892
2.1876
2.1876
2.188
2.186
2.1864
2.1888
2.186
2.1892
2.1804
2.1892
2.186
2.1884
2.1888
2.1852
2.1888
2.1888
2.188
2.188
2.1888
2.1912
2.1896
2.1864
2.1872
2.1896
2.186
2.19
2.1856
2.1884
2.1896
2.188
2.1844
2.1888
2.1832
2.1876
2.1884
2.1872
2.1832
2.1864
2.1848
2.188
2.1864
2.19
2.1864
2.1892
2.188
2.1876
2.1872
2.1852
2.1832
2.1892
2.1892
2.19
2.1836
2.1888
2.1848
2.192
2.1888
2.1872
2.1864
2.188
2.1832
2.1864
2.184
2.1888
2.1872
2.1876
2.1848
2.1884
2.1872
2.1904
2.1876
2.1908
2.1872
2.1916
2.19
2.19
2.1904
2.1876
2.1872
2.1916
2.1832
2.1888
2.1868
2.1856
2.1852
2.1888
2.184
2.1868
2.1836
2.1836
2.1836
2.186
2.1872
2.1844
2.1876
2.1892
2.1852
2.1892
2.1884
2.1904
2.1888
2.1912
2.1896
2.1884
2.1904
2.188
2.1848
2.1884
2.186
2.1864
2.1864
2.19
2.1804
2.184
2.1844
2.1816
2.1852
2.1824
2.1788
2.1872
2.1852
2.1832
2.1852
2.1868
2.1828
2.1872
2.188
2.188
2.1872
2.1852
2.184
2.1896
2.1848
2.1904
2.186
2.1884
2.1872
2.1856
2.184
2.1832
2.1808
2.1816
2.1844
2.18
2.18
2.182
2.1804
2.1832
2.1804
2.1848
2.182
2.186
2.1872
2.184
2.1884
2.1884
2.1844
2.1852
2.184
2.1844
2.1876
2.1864
2.1832
2.1864
2.1832
2.1844
2.184
2.1848
2.1816
2.1804
2.1784
2.1812
2.1752
2.1808
2.1816
2.1856
2.1788
2.1868
2.1812
2.1868
2.1816
2.186
2.1844
2.1876
2.1848
2.186
2.1872
2.1892
2.1848
2.1836
2.1824
2.1864
2.1788
2.1824
2.1832
2.1836
2.1812
2.1828
2.1828
2.1808
2.1796
2.1824
2.178
2.184
2.182
2.1864
2.1832
2.1848
2.1844
2.1848
2.1844
2.188
2.1836
2.184
2.1904
2.1884
2.182
2.1872
2.1824
2.1856
2.1792
2.182
2.1824
2.1812
2.18
2.1812
2.1812
2.1812
2.1792
2.1804
2.1796
2.1824
2.1856
2.1856
2.1848
2.186
2.1844
2.1844
2.1856
2.1864
2.1848
2.1824
2.1812
2.1844
2.18
2.182
2.1824
2.1816
2.1796
2.1816
2.178
2.184
2.1796
2.1816
2.1812
2.1872
2.178
2.1844
2.1836
2.1824
2.1848
2.1808
2.1864
2.1876
2.1864
2.1872
2.1852
2.1864
2.1812
2.1832
2.1848
2.1836
2.184
2.1852
2.1816
2.1868
2.1824
2.1824
2.1776
2.1812
2.176
2.176
2.1804
2.1824
2.178
2.184
2.1808
2.1852
2.1832
2.1832
2.1836
2.184
2.186
2.1848
2.1824
2.1848
2.1836
2.1812
2.1836
2.1804
2.1804
2.1812
2.1824
2.184
2.18
2.1776
2.1816
2.1812
2.1788
2.1796
2.1776
2.182
2.1792
2.178
2.178
2.1828
2.1816
2.1812
2.1852
2.1868
2.182
2.1848
2.1832
2.1848
2.1832
2.1824
2.178
2.18
2.1768
2.18
2.18
2.184
2.1776
2.1828
2.1796
2.1784
2.178
2.1808
2.1784
2.1832
2.1736
2.1836
2.1812
2.182
2.182
2.1808
2.1792
2.18
2.1816
2.1836
2.1824
2.1856
2.1792
2.1812
2.1832
2.1808
2.1828
2.1804
2.1792
2.1812
2.18
2.1784
2.1788
2.1796
2.1776
2.1776
2.178
2.1788
2.1776
2.1788
2.1752
2.1824
2.1796
2.1812
2.1804
2.1812
2.1808
2.1804
2.1824
2.182
2.1776
2.1828
2.1804
2.1796
2.1808
2.1804
2.1764
2.178
2.1792
2.178
2.1776
2.1808
2.178
2.1784
2.1812
2.184
2.1764
2.1816
2.1812
2.1852
2.1816
2.1824
2.1816
2.1816
2.1812
2.1808
2.182
2.1848
2.1776
2.1824
2.18
2.184
2.1808
2.1804
2.1796
2.1832
2.18
2.1808
2.1764
2.1828
2.1744
2.1844
2.1788
2.182
2.1808
2.18
2.1848
2.1792
2.18
2.1828
2.1824
2.182
2.1812
2.184
2.1812
2.184
2.1832
2.1792
2.1788
2.1828
2.1784
2.18
2.1772
2.1844
2.1784
2.1832
2.18
2.1812
2.1792
2.1804
2.1828
2.184
2.1788
2.1836
2.1812
2.1828
2.1792
2.1808
2.184
2.182
2.1784
2.1844
2.1812
2.1832
2.1792
2.1788
2.1808
2.1852
2.1784
2.1832
2.182
2.182
2.1828
2.1816
2.18
2.1844
2.1796
2.1788
2.1812
2.1808
2.178
2.182
2.18
2.1872
2.1808
2.1828
2.1832
2.1832
2.1808
2.1804
2.1824
2.1804
2.182
2.182
2.1828
2.1844
2.1816
2.178
2.1816
2.184
2.1776
2.1804
2.1792
2.1816
2.18
2.1812
2.1816
2.1812
2.1792
2.1792
2.182
2.1836
2.178
2.1832
2.182
2.1848
2.1816
2.1796
2.1808
2.1816
2.1808
2.1812
2.1836
2.1832
2.1808
2.184
2.182
2.1832
2.18
2.1796
2.1804
2.1796
2.1776
2.1824
2.1768
2.1832
2.1804
2.182
2.1828
2.1824
2.1756
2.1796
2.1804
2.1808
2.1792
2.1792
2.1808
2.1828
2.18
2.18
2.1808
2.1812
2.1792
2.1808
2.1812
2.1812
2.184
2.1808
2.1784
2.1824
2.1804
2.1816
2.1836
2.18
2.1776
2.1796
2.1796
2.1824
2.178
2.1788
2.1768
2.1844
2.1792
2.1804
2.1808
2.1812
2.1812
2.1804
2.1808
2.1828
2.1776
2.1796
2.1848
2.1848
2.1776
2.178
2.1788
2.1844
2.178
2.1832
2.1792
2.1816
2.1768
2.1804
2.182
2.1804
2.1784
2.1792
2.1788
2.182
2.178
2.1784
2.18
2.1824
2.1792
2.1784
2.1768
2.182
2.1812
2.1788
2.1788
2.1812
2.178
2.1796
2.1788
2.1796
2.1812
2.1788
2.178
2.1824
2.1776
2.1776
2.1772
2.1796
2.178
2.1792
2.178
2.1832
2.1768
2.1796
2.1784
2.1792
2.1784
2.1792
2.18
2.1816
2.174
2.1796
2.1772
2.1832
2.1792
2.1796
2.1816
2.1772
2.1804
2.1792
2.178
2.1816
2.1772
2.1792
2.1772
2.1792
2.1796
2.1796
2.1776
2.1792
2.1792
2.1796
2.1768
2.1836
2.1792
2.18
2.1824
2.1808
2.1788
2.1804
2.18
2.182
2.182
2.1836
2.1808
2.1848
2.18
2.1812
2.1764
2.176
2.1752
2.1788
2.1792
2.1808
2.1772
2.1772
2.1788
2.1792
2.1768
2.178
2.1748
2.1788
2.1784
2.1744
2.1772
2.178
2.1796
2.1804
2.186
2.184
2.18
2.1816
2.1796
2.1808
2.182
2.1812
2.1816
2.182
2.1796
2.1792
2.1788
2.1808
2.1764
2.1764
2.1752
2.1796
2.176
2.1784
2.1784
2.1844
2.1808
2.1796
2.1832
2.1804
2.1808
2.1836
2.1856
2.1868
2.1844
2.1832
2.1824
2.1856
2.1852
2.1808
2.1784
2.184
2.182
2.1816
2.1808
2.1792
2.18
2.1792
2.18
2.1812
2.1764
2.178
2.1824
2.1832
2.1812
2.1816
2.1836
2.1836
2.1836
2.1864
2.18
2.1856
2.1832
2.1844
2.1836
2.1836
2.1792
2.1808
2.1816
2.1832
2.1808
2.1816
2.1764
2.1768
2.18
2.1772
2.1816
2.1796
2.1768
2.1768
2.1792
2.1788
2.1824
2.1816
2.182
2.1896
2.1804
2.1852
2.182
2.1832
2.1812
2.182
2.1844
2.1832
2.182
2.1784
2.1792
2.1812
2.182
2.1816
2.1788
2.1812
2.1792
2.1768
2.1796
2.1828
2.1792
2.1816
2.1816
2.1868
2.1848
2.1852
2.1852
2.1852
2.1816
2.1836
2.1852
2.1836
2.1816
2.1792
2.1832
2.1808
2.1832
2.1828
2.1772
2.1804
2.1788
2.1776
2.18
2.1816
2.1772
2.1824
2.1784
2.1864
2.1804
2.182
2.1844
2.1848
2.184
2.1828
2.1856
2.186
2.1844
2.1864
2.1804
2.1844
2.182
2.1832
2.1844
2.1828
2.1816
2.1804
2.1804
2.1848
2.18
2.1788
2.1816
2.1788
2.1816
2.1808
2.18
2.1816
2.1836
2.1812
2.1804
2.1844
2.1836
2.1812
2.18
2.186
2.182
2.186
2.1832
2.1848
2.1824
2.1844
2.1816
2.182
2.1788
2.178
2.178
2.1804
2.1796
2.1792
2.1808
2.1812
2.1768
2.1804
2.1812
2.1804
2.1816
2.1808
2.1804
2.1808
2.1808
2.182
2.1808
2.1848
2.1828
2.1824
2.182
2.1824
2.1804
2.1848
2.1776
2.1836
2.1788
2.1772
2.1776
2.1804
2.1784
2.1784
2.1768
2.1768
2.1772
2.1772
2.1796
2.1788
2.1796
2.1784
2.1804
2.1836
2.1808
2.184
2.1836
2.1836
2.18
2.1836
2.1804
2.1804
2.1784
2.182
2.1784
2.184
2.1788
2.18
2.178
2.1828
2.1764
2.1772
2.1756
2.1796
2.1796
2.1776
2.18
2.18
2.1764
2.1808
2.1796
2.1808
2.178
2.1804
2.1792
2.1836
2.1824
2.1812
2.1808
2.1844
2.178
2.1836
2.1816
2.1808
2.1784
2.1812
2.178
2.1808
2.1768
2.1824
2.1788
2.1804
2.178
2.1788
2.1784
2.184
2.1796
2.184
2.1784
2.1808
2.1832
2.18
2.1776
2.184
2.1792
2.1848
2.1848
2.1808
2.1832
2.1824
2.1788
2.1836
2.1788
2.1788
2.182
2.1816
2.1772
2.1796
2.1796
2.182
2.1792
2.1792
2.178
2.1824
2.178
2.184
2.1832
2.1828
2.182
2.18
2.1788
2.1832
2.18
2.1832
2.1808
2.1816
2.1792
2.1828
2.1768
2.1824
2.1796
2.1828
2.1788
2.1784
2.1768
2.1808
2.1772
2.184
2.18
2.1824
2.1808
2.1812
2.1796
2.1816
2.1776
2.1836
2.1796
2.1788
2.1828
2.1844
2.184
2.1804
2.182
2.1832
2.1772
2.1824
2.1768
2.1824
2.176
2.1788
2.1796
2.1816
2.1768
2.1792
2.1804
2.184
2.1832
2.1788
2.1832
2.1828
2.1832
2.1856
2.1808
2.186
2.1812
2.1816
2.1852
2.1868
2.182
2.1816
2.1816
2.186
2.1784
2.1852
2.1772
2.1796
2.1808
2.1808
2.1772
2.184
2.1812
2.1812
2.182
2.182
2.1816
2.184
2.1816
2.1824
2.1868
2.1848
2.1808
2.184
2.1824
2.1828
2.1808
2.184
2.1828
2.186
2.18
2.1832
2.1796
2.1808
2.1828
2.1852
2.1788
2.1852
2.1832
2.1836
2.1804
2.1844
2.1784
2.1864
2.18
2.1848
2.1832
2.1808
2.1832
2.18
2.1832
2.1804
2.1808
2.1824
2.18
2.1872
2.1804
2.1856
2.1868
2.1832
2.1828
2.1824
2.1788
2.1824
2.1784
2.1848
2.1832
2.1852
2.1844
2.1848
2.1824
2.186
2.1856
2.1808
2.1828
2.1828
2.182
2.1832
2.1848
2.1844
2.1836
2.1848
2.1844
2.184
2.1796
2.1848
2.182
2.1848
2.1804
2.1844
2.1836
2.1828
2.1788
2.1836
2.1832
2.1876
2.1828
2.1856
2.1832
2.1824
2.1844
2.1808
2.1816
2.1836
2.1784
2.1816
2.1792
2.1816
2.1816
2.18
2.1808
2.1816
2.1812
2.1844
2.1784
2.1876
2.182
2.182
2.186
2.186
2.184
2.1864
2.1832
2.1844
2.184
2.1832
2.1804
2.1864
2.1788
2.1808
2.1808
2.1812
2.1808
2.1832
2.1836
2.1844
2.1792
2.182
2.1792
2.1816
2.1816
2.1832
2.1832
2.1856
2.1808
2.1836
2.1808
2.188
2.1828
2.1852
2.1848
2.1852
2.1816
2.1836
2.1824
2.1848
2.1804
2.1804
2.1812
2.1832
2.1804
2.1796
2.1824
2.1848
2.1812
2.18
2.1828
2.1824
2.1796
2.1816
2.1836
2.1856
2.1828
2.184
2.1808
2.184
2.1852
2.1812
2.1808
2.1816
2.1768
2.1812
2.1812
2.1828
2.1788
2.1812
2.178
2.1784
2.176
2.1804
2.1788
2.1844
2.1812
2.182
2.1824
2.1804
2.1784
2.1824
2.182
2.1876
2.1808
2.186
2.1808
2.1824
2.18
2.1852
2.1828
2.1848
2.1776
2.18
2.1792
2.1812
2.1788
2.1804
2.1772
2.1812
2.1788
2.1792
2.1796
2.1808
2.1772
2.1792
2.1792
2.1828
2.1792
2.182
2.1828
2.1832
2.182
2.182
2.18
2.1872
2.18
2.1832
2.1824
2.18
2.178
2.1812
2.1804
2.184
2.1776
2.1792
2.1808
2.1804
2.1752
2.178
2.1804
2.1808
2.1788
2.1844
2.1776
2.1824
2.178
2.1824
2.1812
2.1824
2.1812
2.1828
2.1832
2.1852
2.1812
2.18
2.1808
2.1836
2.1832
2.182
2.1812
2.1824
2.1776
2.1792
2.1796
2.184
2.1812
2.1784
2.1812
2.1812
2.18
2.1816
2.1804
2.182
2.182
2.1796
2.184
2.1876
2.1816
2.1848
2.184
2.1856
2.1816
2.1816
2.1816
2.1832
2.184
2.1812
2.1816
2.1796
2.178
2.1812
2.18
2.1796
2.1752
2.18
2.1812
2.1804
2.1764
2.1792
2.1816
2.1792
2.18
2.1824
2.1804
2.1828
2.1808
2.1816
2.18
2.182
2.182
2.18
2.1812
2.1848
2.18
2.1816
2.1812
2.1816
2.18
2.1804
2.1812
2.1808
2.1792
2.1812
2.178
2.1824
2.1804
2.186
2.1796
2.182
2.1796
2.18
2.184
2.184
2.1868
2.182
2.1808
2.1844
2.1812
2.1824
2.1824
2.182
2.18
2.1796
2.1812
2.1864
2.1808
2.1796
2.1836
2.1792
2.1788
2.1824
2.1764
2.1824
2.1808
2.1772
2.1812
2.1836
2.1804
2.1844
2.1832
2.182
2.1816
2.1828
2.18
2.186
2.1816
2.1832
2.1844
2.1836
2.1812
2.1812
2.1804
2.1828
2.1784
2.1828
2.182
2.1784
2.1772
2.1792
2.1796
2.1788
2.1776
2.1796
2.18
2.1796
2.1776
2.1816
2.1832
2.1852
2.18
2.1848
2.1812
2.1808
2.18
2.18
2.1816
2.1844
2.176
2.1768
2.178
2.1784
2.1776
2.1792
2.1764
2.1804
2.1772
2.1776
2.1756
2.1828
2.1796
2.1788
2.18
2.1864
2.1768
2.1828
2.1832
2.1852
2.18
2.1796
2.1828
2.1816
2.1812
2.1808
2.1772
2.1832
2.1816
2.1784
2.1772
2.1756
2.1772
2.1772
2.1748
2.1812
2.1772
2.178
2.1832
2.1812
2.1756
2.1812
2.1788
2.1812
2.182
2.1812
2.1784
2.184
2.1776
2.1804
2.1808
2.182
2.1776
2.18
2.1772
2.1796
2.1764
2.178
2.1768
2.1804
2.178
2.1764
2.1788
2.1764
2.1764
2.178
2.1764
2.1824
2.1756
2.1776
2.1788
2.1812
2.182
2.1812
2.18
2.1788
2.178
2.1824
2.18
2.1808
2.18
2.1776
2.1768
2.1808
2.1768
2.1776
2.1752
2.1772
2.1744
2.1804
2.1768
2.1772
2.1744
2.1752
2.1768
2.1796
2.1752
2.1784
2.1776
2.1784
2.1808
2.18
2.1784
2.1816
2.1784
2.1824
2.1788
2.1788
2.1772
2.1804
2.1824
2.18
2.178
2.1792
2.1756
2.1804
2.1756
2.1768
2.1776
2.176
2.178
2.1808
2.176
2.18
2.1784
2.1808
2.18
2.1816
2.1796
2.1784
2.1784
2.178
2.1744
2.1768
2.1736
2.1764
2.1756
2.176
2.1776
2.1812
2.1776
2.1756
2.178
2.1796
2.1764
2.18
2.178
2.18
2.1792
2.178
2.1764
2.1804
2.1756
2.1768
2.1768
2.1816
2.1788
2.176
2.1756
2.1764
2.1764
2.1804
2.1736
2.18
2.1736
2.1736
2.1764
2.1788
2.1776
2.1784
2.1776
2.1808
2.1796
2.1776
2.1776
2.1816
2.1764
2.1764
2.1808
2.1792
2.1748
2.1784
2.1776
2.1788
2.178
2.1756
2.1784
2.1784
2.1744
2.1776
2.1772
2.1796
2.1768
2.178
2.1772
2.1768
2.1768
2.1764
2.1764
2.1808
2.1792
2.176
2.1776
2.1772
2.1768
2.1804
2.1776
2.1788
2.1752
2.176
2.1788
2.1792
2.1776
2.1764
2.1752
2.1748
2.1748
2.178
2.1728
2.1784
2.174
2.1808
2.1792
2.1776
2.176
2.1804
2.1768
2.176
2.174
2.1756
2.178
2.1812
2.178
2.1776
2.1764
2.1772
2.1732
2.1772
2.1764
2.178
2.1768
2.1764
2.1748
2.1776
2.1724
2.172
2.176
2.1768
2.1768
2.1764
2.1772
2.1808
2.1744
2.1772
2.1756
2.1784
2.1792
2.1796
2.1804
2.176
2.1792
2.178
2.1784
2.1796
2.178
2.1776
2.178
2.1784
2.1716
2.1772
2.174
2.1736
2.1752
2.176
2.1772
2.1756
2.1764
2.1744
2.1744
2.178
2.1748
2.174
2.1772
2.1776
2.1744
2.1768
2.1756
2.1804
2.1764
2.1768
2.178
2.1784
2.174
2.1776
2.176
2.1756
2.17
2.1744
2.1768
2.174
2.1724
2.1744
2.1752
2.1756
2.1756
2.172
2.174
2.1792
2.1756
2.1788
2.1772
2.176
2.1772
2.1752
2.1784
2.18
2.1748
2.18
2.1716
2.176
2.172
2.172
2.174
2.1748
2.1732
2.1732
2.1736
2.176
2.17
2.1752
2.1708
2.176
2.1744
2.1736
2.1732
2.1772
2.174
2.1788
2.1748
2.1764
2.1732
2.1776
2.1752
2.1792
2.1732
2.176
2.174
2.1736
2.1724
2.17
2.17
2.172
2.1716
2.1744
2.1724
2.1728
2.1704
2.1692
2.1704
2.1728
2.1744
2.1732
2.176
2.178
2.1748
2.1752
2.1748
2.1768
2.176
2.1728
2.174
2.1728
2.1728
2.1752
2.172
2.1772
2.1732
2.1752
2.1716
2.1732
2.1704
2.1724
2.1716
2.1708
2.17
2.1748
2.1724
2.1748
2.1728
2.1768
2.1732
2.178
2.1712
2.1712
2.1752
2.1736
2.1728
2.1756
2.1732
2.178
2.1716
2.1716
2.1724
2.1736
2.1716
2.1692
2.1688
2.1732
2.1716
2.1708
2.172
2.1744
2.1708
2.1728
2.1756
2.1748
2.1744
2.1752
2.1776
2.1768
2.176
2.178
2.1764
2.1816
2.1716
2.1768
2.1732
2.1748
2.1732
2.1772
2.1736
2.1752
2.172
2.17
2.1728
2.174
2.1676
2.1724
2.1668
2.176
2.1712
2.1732
2.1696
2.1736
2.1744
2.172
2.1752
2.1788
2.174
2.1736
2.1772
2.178
2.174
2.1736
2.1732
2.1764
2.1692
2.174
2.1724
2.1748
2.1708
2.17
2.1704
2.1712
2.1684
2.1704
2.1752
2.1748
2.1736
2.1748
2.1736
2.176
2.172
2.1756
2.1748
2.176
2.174
2.1732
2.1764
2.178
2.1776
2.1732
2.1784
2.1748
2.1716
2.1752
2.1684
2.1712
2.1704
2.1704
2.1676
2.172
2.1676
2.1712
2.1708
2.172
2.1692
2.1716
2.1756
2.1796
2.172
2.176
2.1724
2.174
2.1748
2.17
2.1776
2.174
2.1728
2.1732
2.172
2.1724
2.168
2.1688
2.1724
2.1708
2.168
2.1728
2.1692
2.1696
2.1688
2.1696
2.1692
2.1748
2.1732
2.1744
2.1716
2.1716
2.1748
2.1768
2.1728
2.176
2.1716
2.1716
2.1732
2.1748
2.1708
2.1736
2.172
2.1732
2.1712
2.1696
2.172
2.1708
2.1688
2.1704
2.172
2.1748
2.1692
2.1708
2.1712
2.1716
2.172
2.1756
2.1728
2.1752
2.1744
2.1708
2.1712
2.1764
2.1752
2.1732
2.1784
2.17
2.1724
2.172
2.17
2.174
2.1708
2.1708
2.1712
2.1748
2.1736
2.1704
2.1748
2.1744
2.172
2.1716
2.1736
2.1744
2.174
2.1716
2.1736
2.1752
2.1764
2.1728
2.1752
2.1772
2.176
2.176
2.1744
2.1768
2.1736
2.1744
2.1716
2.1752
2.1716
2.1692
2.1776
2.1712
2.17
2.1744
2.1716
2.174
2.1724
2.174
2.1764
2.1724
2.1776
2.1736
2.1712
2.1756
2.1736
2.178
2.1788
2.176
2.1764
2.172
2.1724
2.1748
2.1756
2.1748
2.1756
2.1788
2.1744
2.172
2.1748
2.1724
2.1696
2.1752
2.1748
2.1744
2.1716
2.176
2.1792
2.178
2.1756
2.1768
2.1768
2.1816
2.1752
2.1764
2.1748
2.1776
2.1716
2.172
2.1732
2.1756
2.1736
2.1716
2.1748
2.1744
2.1732
2.1724
2.1736
2.1752
2.1732
2.1712
2.1732
2.174
2.1744
2.1764
2.1752
2.1768
2.1748
2.176
2.1744
2.176
2.1784
2.1756
2.1732
2.178
2.1688
2.1732
2.178
2.1728
2.1704
2.1736
2.1692
2.1748
2.172
2.1744
2.1704
2.1756
2.1712
2.1704
2.1752
2.1752
2.17
2.178
2.1744
2.1744
2.1772
2.1748
2.174
2.1756
2.1724
2.1724
2.1744
2.1744
2.1748
2.1788
2.1724
2.176
2.1752
2.1752
2.1764
2.1764
2.1724
2.1756
2.1768
2.176
2.172
2.176
2.1748
2.1748
2.1712
2.1764
2.1764
2.1764
2.172
2.1756
2.1736
2.1728
2.1744
2.1728
2.1776
2.1736
2.1724
2.1736
2.1756
2.1788
2.1712
2.1716
2.1716
2.1732
2.1712
2.1748
2.1724
2.176
2.1728
2.1736
2.1724
2.1764
2.176
2.1712
2.1788
2.178
2.1736
2.176
2.1748
2.1744
2.1724
2.1716
2.1728
2.1756
2.1712
2.1708
2.1708
2.1732
2.1736
2.1764
2.1748
2.1796
2.172
2.176
2.1776
2.1756
2.1784
2.1728
2.1756
2.174
2.1748
2.176
2.1732
2.1764
2.17
2.172
2.1772
2.1768
2.1756
2.1744
2.1756
2.1764
2.1724
2.1704
2.174
2.176
2.1736
2.1748
2.1736
2.1736
2.1724
2.1744
2.1748
2.1756
2.1744
2.1764
2.1752
2.1724
2.1712
2.1736
2.176
2.1788
2.1732
2.1704
2.1744
2.1736
2.1716
2.1712
2.1732
2.1752
2.1704
2.174
2.1724
2.178
2.1756
2.174
2.174
2.1744
2.1708
2.1744
2.1764
2.1768
2.174
2.1732
2.1716
2.1752
2.1724
2.1772
2.1748
2.174
2.172
2.1728
2.1772
2.1772
2.1708
2.1772
2.1716
2.1756
2.1732
2.1744
2.1772
2.1784
2.1732
2.1748
2.1736
2.1776
2.174
2.1752
2.174
2.1748
2.172
2.176
2.1744
2.1744
2.1752
2.1744
2.1748
2.1764
2.1688
2.1752
2.1716
2.174
2.1724
2.1728
2.1728
2.1752
2.1732
2.1728
2.174
2.1756
2.1724
2.1792
2.1748
2.1756
2.172
2.1788
2.1732
2.178
2.1748
2.1708
2.1764
2.1768
2.1724
2.1752
2.1688
2.1732
2.1696
2.1736
2.1688
2.17
2.1712
2.1692
2.1708
2.1724
2.1712
2.1728
2.174
2.1764
2.1768
2.1772
2.1732
2.1776
2.1716
2.176
2.1768
2.1796
2.1756
2.1728
2.1744
2.1744
2.1708
2.1764
2.1736
2.1716
2.174
2.1708
2.172
2.1752
2.1692
2.1768
2.17
2.1752
2.1724
2.1712
2.1728
2.178
2.1732
2.1764
2.1752
2.1732
2.1772
2.1716
2.1784
2.1784
2.1712
2.1768
2.1748
2.1728
2.1732
2.174
2.1648
2.1736
2.1692
2.174
2.1708
2.1756
2.172
2.172
2.1744
2.1736
2.1696
2.1716
2.1688
2.176
2.1748
2.1712
2.174
2.1776
2.1764
2.1748
2.176
2.1728
2.1724
2.1792
2.1716
2.1748
2.1736
2.1688
2.1732
2.174
2.1728
2.1696
2.1748
2.1772
2.1696
2.174
2.174
2.1756
2.1752
2.1732
2.1736
2.1748
2.1712
2.1756
2.1748
2.1732
2.176
2.1732
2.172
2.174
2.1748
2.1696
2.172
2.176
2.1716
2.1712
2.172
2.1696
2.1704
2.172
2.1688
2.1732
2.168
2.1708
2.1724
2.1748
2.17
2.1728
2.1724
2.1768
2.1716
2.1736
2.1764
2.176
2.1756
2.1748
2.1748
2.1728
2.1688
2.1732
2.1712
2.1732
2.1696
2.1716
2.1712
2.1732
2.1692
2.1708
2.1728
2.1728
2.1676
2.1708
2.1732
2.1732
2.1712
2.1736
2.1744
2.1736
2.1716
2.1776
2.1768
2.176
2.1732
2.1752
2.1732
2.174
2.1704
2.1708
2.1716
2.1736
2.1688
2.1708
2.1724
2.1744
2.1716
2.1708
2.17
2.1716
2.1708
2.1736
2.1732
2.1748
2.1756
2.1744
2.174
2.1772
2.1736
2.1768
2.1764
2.1748
2.1772
2.1752
2.1696
2.176
2.17
2.1724
2.1748
2.1748
2.1712
2.1724
2.1712
2.176
2.1712
2.1708
2.1704
2.1724
2.1752
2.1736
2.1728
2.178
2.174
2.172
2.1748
2.178
2.1728
2.1772
2.1752
2.1752
2.1728
2.1756
2.1744
2.1748
2.1724
2.1684
2.1736
2.1724
2.1692
2.1708
2.1732
2.1772
2.1724
2.1716
2.1728
2.1748
2.1716
2.1752
2.1752
2.1744
2.172
2.1728
2.174
2.1776
2.1732
2.1748
2.1724
2.1764
2.1724
2.1696
2.1736
2.1736
2.17
2.1736
2.174
2.174
2.1688
2.1696
2.172
2.1732
2.1724
2.1692
2.172
2.1732
2.17
2.1724
2.172
2.1748
2.172
2.1716
2.1752
2.1744
2.1684
2.1796
2.1748
2.1764
2.1736
2.1704
2.1752
2.1724
2.174
2.1744
2.17
2.1736
2.172
2.1704
2.1736
2.172
2.17
2.1704
2.172
2.1712
2.172
2.1704
2.1744
2.1752
2.1692
2.1748
2.1768
2.1756
2.1744
2.1744
2.1716
2.1748
2.1756
2.174
2.1736
2.1756
2.1716
2.1696
2.176
2.1728
2.1692
2.1744
2.172
2.1732
2.172
2.17
2.1724
2.1724
2.172
2.1768
2.1724
2.1756
2.1712
2.1764
2.172
2.1776
2.1732
2.1756
2.1768
2.178
2.1712
2.1764
2.174
2.1756
2.1716
2.172
2.1712
2.174
2.1692
2.1744
2.1704
2.1716
2.17
2.1704
2.1736
2.1736
2.1736
2.1712
2.174
2.1764
2.17
2.1716
2.1748
2.1748
2.172
2.1744
2.1732
2.1776
2.1696
2.1736
2.1708
2.1728
2.17
2.1728
2.1708
2.1768
2.1696
2.1704
2.1732
2.1728
2.1692
2.1704
2.1732
2.1728
2.1704
2.1724
2.1728
2.1728
2.176
2.1748
2.1728
2.1748
2.168
2.1716
2.17
2.1752
2.17
2.172
2.1712
2.1732
2.172
2.174
2.1716
2.1744
2.172
2.1724
2.1708
2.1756
2.1696
2.1728
2.1728
2.1732
2.17
2.1708
2.172
2.1764
2.1736
2.1728
2.1668
2.1716
2.1696
2.1692
2.1692
2.17
2.17
2.1708
2.1692
2.1752
2.1708
2.1684
2.1712
2.1712
2.1704
2.1732
2.174
2.1716
2.17
2.1716
2.1712
2.172
2.1692
2.1728
2.1728
2.1752
2.1732
2.1752
2.1712
2.1732
2.1688
2.1684
2.1712
2.1736
2.17
2.1728
2.1712
2.1748
2.1704
2.1708
2.1744
2.174
2.1676
2.1752
2.1724
2.1744
2.1752
2.172
2.1752
2.168
2.1692
2.1728
2.17
2.1752
2.172
2.1728
2.1704
2.1728
2.1712
2.172
2.1696
2.1728
2.1668
2.17
2.1732
2.1684
2.1708
2.1716
2.1724
2.1728
2.1688
2.1728
2.1728
2.1756
2.1708
2.1708
2.1712
2.1752
2.1716
2.1712
2.1728
2.1716
2.1696
2.1668
2.1708
2.1716
2.1672
2.1716
2.168
2.1748
2.1712
2.1692
2.17
2.1744
2.1716
2.1732
2.1692
2.1732
2.1716
2.1728
2.1696
2.1752
2.1708
2.17
2.174
2.1704
2.1676
2.1708
2.1676
2.1692
2.1676
2.166
2.1688
2.1712
2.168
2.1696
2.1712
2.172
2.1692
2.1704
2.17
2.1748
2.1696
2.17
2.1716
2.174
2.1716
2.1688
2.168
2.17
2.1684
2.1724
2.1688
2.1708
2.1648
2.1684
2.168
2.1716
2.17
2.1664
2.1664
2.1712
2.1696
2.17
2.1712
2.172
2.1688
2.1728
2.1736
2.1756
2.1724
2.1704
2.17
2.1748
2.1716
2.1724
2.1676
2.1716
2.1688
2.1704
2.1676
2.172
2.1688
2.1652
2.1708
2.17
2.168
2.1688
2.1688
2.1736
2.1692
2.168
2.1688
2.1724
2.1704
2.1712
2.1716
2.1772
2.1688
2.1748
2.1708
2.1724
2.172
2.1716
2.1692
2.1732
2.166
2.1712
2.166
2.1684
2.1692
2.17
2.1676
2.1684
2.1672
2.1668
2.1676
2.1732
2.1708
2.1732
2.1712
2.1764
2.1724
2.172
2.1736
2.1748
2.17
