2.1504
2.154
2.1548
2.1528
2.1536
2.152
2.1536
2.1536
2.1588
2.1536
2.1568
2.158
2.1564
2.154
2.1572
2.1536
2.1556
2.152
2.1564
2.1564
2.156
2.1576
2.1552
2.1548
2.1508
2.1572
2.158
2.1544
2.1544
2.154
2.1544
2.1544
2.1548
2.1524
2.1532
2.1564
2.1512
2.1552
2.1572
2.1556
2.156
2.1576
2.1556
2.1572
2.1556
2.1552
2.1592
2.1592
2.1564
2.1532
2.1564
2.1552
2.1552
2.1588
2.1536
2.1596
2.1564
2.1548
2.1552
2.1592
2.1552
2.1528
2.1532
2.1572
2.1556
2.1572
2.1556
2.154
2.1544
2.1536
2.156
2.1592
2.156
2.1524
2.1572
2.158
2.1568
2.1584
2.1536
2.1572
2.156
2.1564
2.1572
2.158
2.1552
2.1588
2.1532
2.1548
2.1528
2.1548
2.1564
2.1548
2.1568
2.1548
2.156
2.1572
2.1556
2.1588
2.1564
2.1576
2.1588
2.154
2.1576
2.1572
2.1512
2.1576
2.1552
2.156
2.156
2.156
2.1576
2.1572
2.156
2.1548
2.1568
2.156
2.1552
2.1536
2.1568
2.16
2.1532
2.1564
2.1588
2.1552
2.1532
2.1552
2.1568
2.1564
2.1564
2.1524
2.1528
2.1548
2.1488
2.154
2.1544
2.1528
2.156
2.156
2.1552
2.1596
2.1568
2.1552
2.158
2.1568
2.1544
2.1576
2.1556
2.1556
2.1572
2.1572
2.1556
2.1556
2.1504
2.1548
2.156
2.1548
2.1548
2.1532
2.1548
2.1556
2.1588
2.1564
2.1564
2.156
2.1548
2.1524
2.1568
2.154
2.1532
2.1576
2.1556
2.1564
2.1584
2.1552
2.156
2.1548
2.1576
2.1564
2.154
2.1556
2.154
2.154
2.1548
2.154
2.1556
2.154
2.1532
2.1548
2.1544
2.1572
2.156
2.1608
2.154
2.1564
2.1592
2.1584
2.1544
2.1568
2.1528
2.1564
2.1564
2.154
2.1568
2.156
2.1512
2.1536
2.1524
2.1528
2.1536
2.1536
2.1532
2.1532
2.1532
2.1536
2.1552
2.156
2.152
2.156
2.1568
2.1556
2.1548
2.1564
2.1572
2.1596
2.156
2.1596
2.1532
2.1592
2.1564
2.1552
2.1556
2.156
2.1552
2.1532
2.1516
2.1548
2.1512
2.1536
2.1532
2.1536
2.1504
2.1512
2.1516
2.1548
2.1516
2.1552
2.1544
2.1552
2.1564
2.1588
2.1572
2.1556
2.1552
2.1552
2.1536
2.1536
2.1524
2.1536
2.1512
2.154
2.1532
2.1516
2.156
2.1516
2.1524
2.1504
2.154
2.1532
2.152
2.154
2.1568
2.1556
2.1564
2.1568
2.156
2.1588
2.1532
2.1556
2.1552
2.1576
2.1536
2.1552
2.1544
2.154
2.1524
2.152
2.152
2.15
2.1536
2.1504
2.1564
2.154
2.1516
2.156
2.152
2.1544
2.152
2.1536
2.1552
2.1588
2.1564
2.1564
2.1576
2.1572
2.1572
2.1544
2.1572
2.1556
2.1564
2.1532
2.1576
2.158
2.152
2.154
2.1552
2.1572
2.1512
2.1536
2.152
2.1524
2.152
2.154
2.1532
2.1564
2.1532
2.1588
2.1528
2.158
2.158
2.1592
2.1592
2.1584
2.1548
2.1584
2.1584
2.1576
2.1568
2.1556
2.1568
2.1552
2.1544
2.154
2.1516
2.1524
2.1516
2.152
2.1508
2.1516
2.1512
2.152
2.1532
2.1524
2.1528
2.1572
2.156
2.1588
2.1568
2.1588
2.1592
2.1612
2.1556
2.1592
2.1572
2.1596
2.158
2.1516
2.1556
2.1564
2.1528
2.1588
2.154
2.158
2.148
2.1528
2.1528
2.1552
2.1504
2.1552
2.1552
2.16
2.1504
2.158
2.1564
2.154
2.1524
2.1588
2.158
2.1596
2.1588
2.1552
2.154
2.156
2.1576
2.1604
2.156
2.1568
2.152
2.154
2.1588
2.154
2.1504
2.15
2.1508
2.156
2.1528
2.1564
2.1576
2.1544
2.158
2.156
2.1576
2.1616
2.158
2.1576
2.1632
2.1608
2.1564
2.1604
2.16
2.1584
2.1548
2.1568
2.1576
2.1568
2.1544
2.1532
2.1552
2.1556
2.1524
2.1536
2.154
2.1588
2.154
2.1576
2.1548
2.1584
2.1568
2.1576
2.1588
2.1568
2.1588
2.1592
2.1596
2.1648
2.1588
2.1604
2.1588
2.1612
2.1564
2.1604
2.1568
2.156
2.1532
2.1556
2.156
2.1552
2.1556
2.1524
2.16
2.1556
2.1572
2.1576
2.156
2.1584
2.1588
2.1552
2.1588
2.1572
2.1572
2.1604
2.16
2.1584
2.1584
2.1588
2.1588
2.1612
2.1528
2.16
2.1572
2.1608
2.1576
2.1556
2.1544
2.1552
2.1572
2.154
2.1576
2.1612
2.1532
2.1584
2.1556
2.158
2.1576
2.1592
2.1576
2.1584
2.158
2.16
2.1596
2.1592
2.1576
2.158
2.1592
2.1572
2.1568
2.158
2.1584
2.158
2.1564
2.1544
2.156
2.16
2.1544
2.1552
2.1568
2.1588
2.1528
2.1588
2.1608
2.1588
2.1588
2.1596
2.156
2.1616
2.156
2.1588
2.16
2.1596
2.1568
2.1572
2.1556
2.16
2.1548
2.1548
2.1568
2.1576
2.1552
2.1544
2.1568
2.156
2.1524
2.1564
2.1568
2.1576
2.1568
2.1556
2.1616
2.1608
2.1564
2.1624
2.158
2.1652
2.1608
2.162
2.1596
2.1616
2.1576
2.16
2.1624
2.1632
2.156
2.1568
2.16
2.1556
2.1576
2.1584
2.1548
2.1588
2.1568
2.1536
2.1568
2.162
2.1568
2.1568
2.1584
2.1588
2.1584
2.1596
2.1576
2.162
2.1584
2.16
2.1588
2.1616
2.1576
2.1568
2.158
2.1588
2.1552
2.156
2.1572
2.1552
2.154
2.1564
2.1592
2.1548
2.1544
2.1584
2.1584
2.1592
2.16
2.1564
2.16
2.1556
2.1572
2.158
2.1596
2.1588
2.1576
2.158
2.162
2.1572
2.1576
2.1572
2.158
2.1608
2.156
2.16
2.1568
2.1616
2.1584
2.1528
2.158
2.1548
2.158
2.1544
2.1532
2.1572
2.1568
2.1568
2.1556
2.1624
2.158
2.1612
2.162
2.1608
2.158
2.1568
2.1568
2.1612
2.1576
2.1568
2.1568
2.1596
2.1516
2.1528
2.1588
2.156
2.1552
2.1536
2.1556
2.1552
2.1556
2.1584
2.1564
2.1596
2.1592
2.1544
2.16
2.1584
2.1588
2.158
2.1568
2.1576
2.158
2.1544
2.1584
2.1588
2.1548
2.158
2.1552
2.158
2.1548
2.1576
2.158
2.1596
2.1572
2.1568
2.1584
2.1596
2.1548
2.1588
2.1568
2.1588
2.1564
2.16
2.1576
2.1608
2.158
2.1548
2.1596
2.1576
2.156
2.1576
2.1592
2.1564
2.156
2.1612
2.158
2.1576
2.1552
2.156
2.1532
2.1592
2.1576
2.156
2.1588
2.16
2.1572
2.1552
2.1584
2.158
2.16
2.1584
2.158
2.1576
2.154
2.154
2.156
2.1608
2.156
2.1524
2.1612
2.1584
2.1544
2.156
2.1544
2.1592
2.1556
2.1548
2.1556
2.1568
2.1612
2.1552
2.1592
2.1588
2.1564
2.1568
2.1544
2.1572
2.158
2.1588
2.1564
2.1548
2.1568
2.1552
2.1584
2.156
2.156
2.1552
2.1556
2.154
2.1524
2.1552
2.1588
2.1552
2.1552
2.1568
2.1548
2.1588
2.1568
2.1552
2.1576
2.156
2.1556
2.1544
2.1584
2.1556
2.1544
2.1572
2.1548
2.1552
2.154
2.1532
2.1532
2.1552
2.1516
2.1488
2.1524
2.1536
2.1536
2.158
2.1536
2.1568
2.1512
2.1544
2.1568
2.1596
2.1568
2.154
2.1532
2.1592
2.1544
2.1532
2.1556
2.1544
2.1548
2.1532
2.1536
2.1516
2.1536
2.154
2.1536
2.158
2.1524
2.1552
2.154
2.1588
2.1536
2.1576
2.1572
2.1568
2.1572
2.1532
2.1588
2.1576
2.1548
2.1568
2.1572
2.1552
2.156
2.154
2.156
2.156
2.1524
2.152
2.1528
2.154
2.1504
2.1552
2.1536
2.1548
2.1504
2.1504
2.1548
2.1544
2.1532
2.1532
2.1552
2.1588
2.156
2.1556
2.1588
2.1612
2.154
2.1564
2.1564
2.1588
2.1552
2.1556
2.156
2.1544
2.154
2.1572
2.154
2.1548
2.154
2.1508
2.1484
2.1556
2.1532
2.1544
2.1548
2.1528
2.1528
2.1556
2.1544
2.1516
2.1552
2.1548
2.1584
2.1616
2.1556
2.1568
2.1548
2.156
2.1524
2.1568
2.154
2.154
2.1544
2.1524
2.1496
2.1536
2.152
2.1524
2.1576
2.152
2.1564
2.1556
2.1528
2.1572
2.1544
2.158
2.1552
2.1532
2.1556
2.1536
2.1584
2.1556
2.1568
2.1524
2.1576
2.1568
2.152
2.1508
2.1524
2.1552
2.1532
2.1536
2.1508
2.1512
2.1528
2.1504
2.1536
2.1532
2.152
2.1548
2.1548
2.1564
2.1564
2.1544
2.1588
2.1556
2.1576
2.1604
2.1548
2.154
2.1576
2.156
2.1556
2.1536
2.1512
2.1528
2.1556
2.15
2.1508
2.1528
2.1484
2.1536
2.1528
2.1536
2.1544
2.1536
2.154
2.1556
2.1588
2.1568
2.1544
2.1528
2.1572
2.1584
2.1544
2.1604
2.1596
2.1548
2.1564
2.1556
2.152
2.1568
2.154
2.1524
2.1544
2.1536
2.1516
2.1512
2.1544
2.156
2.1504
2.156
2.1544
2.1552
2.1544
2.156
2.154
2.1584
2.1532
2.1552
2.1612
2.1588
2.1572
2.1576
2.1584
2.1572
2.1556
2.154
2.1552
2.1556
2.1524
2.1532
2.154
2.1552
2.152
2.1528
2.1532
2.1544
2.154
2.1548
2.1552
2.1548
2.1536
2.1564
2.156
2.158
2.1576
2.1568
2.1552
2.16
2.1588
2.1572
2.1576
2.1572
2.1572
2.1552
2.1556
2.1548
2.1528
2.1524
2.1556
2.152
2.1524
2.152
2.1508
2.1548
2.1528
2.1556
2.156
2.1548
2.1528
2.154
2.1544
2.1596
2.1548
2.1596
2.1568
2.1612
2.1552
2.1564
2.1596
2.1584
2.1556
2.1524
2.1536
2.1552
2.1516
2.1536
2.1528
2.1556
2.154
2.1524
2.1516
2.1536
2.1528
2.1524
2.1532
2.1564
2.1536
2.1548
2.1576
2.1556
2.1592
2.1556
2.1572
2.16
2.1556
2.1572
2.1568
2.1556
2.1544
2.156
2.156
2.1532
2.1524
2.1512
2.1536
2.1544
2.1508
2.1492
2.1568
2.1544
2.1512
2.1544
2.1524
2.1556
2.156
2.154
2.1556
2.1556
2.1528
2.1548
2.1544
2.1552
2.1528
2.1524
2.1548
2.1544
2.1512
2.1548
2.1504
2.1552
2.1512
2.1468
2.1496
2.154
2.1472
2.1548
2.1512
2.1524
2.1568
2.152
2.156
2.1568
2.1548
2.1516
2.1536
2.1556
2.1516
2.1572
2.1548
2.1532
2.1548
2.156
2.1516
2.1528
2.1532
2.1512
2.1576
2.1552
2.1484
2.1512
2.1532
2.154
2.1496
2.1508
2.1512
2.1584
2.1496
2.1552
2.1516
2.1556
2.154
2.1568
2.1544
2.154
2.1532
2.1528
2.1552
2.154
2.1536
2.1544
2.152
2.1556
2.1552
2.1524
2.1512
2.1544
2.1508
2.156
2.1536
2.1524
2.1528
2.1528
2.1544
2.1572
2.1512
2.152
2.1548
2.1544
2.1524
2.1516
2.154
2.1536
2.1528
2.1576
2.1524
2.154
2.154
2.1512
2.1532
2.1548
2.1532
2.1508
2.152
2.1548
2.152
2.1564
2.1544
2.1584
2.1504
2.156
2.1512
2.1572
2.1536
2.152
2.1528
2.1544
2.1532
2.1564
2.1572
2.1572
2.1544
2.1552
2.1552
2.1568
2.1548
2.1536
2.1584
2.156
2.1556
2.154
2.1544
2.156
2.1524
2.1568
2.1532
2.1564
2.1524
2.1524
2.1556
2.1564
2.1512
2.154
2.1544
2.1548
2.154
2.1528
2.1572
2.1544
2.1532
2.1528
2.1528
2.1544
2.1512
2.1488
2.1516
2.1532
2.1528
2.1536
2.1556
2.1556
2.1536
2.154
2.1576
2.1544
2.1532
2.1528
2.152
2.1552
2.1504
2.1568
2.1524
2.1516
2.1552
2.152
2.1548
2.1528
2.1508
2.1556
2.1544
2.1536
2.1552
2.1524
2.1568
2.1556
2.1532
2.1556
2.1548
2.1536
2.1524
2.154
2.1544
2.156
2.1568
2.1528
2.1576
2.16
2.1552
2.154
2.154
2.1548
2.1536
2.156
2.152
2.1572
2.1508
2.1544
2.1524
2.1556
2.152
2.1548
2.1564
2.1536
2.1592
2.1504
2.1552
2.1572
2.1516
2.1552
2.1568
2.156
2.1556
2.156
2.152
2.1596
2.1544
2.1512
2.1572
2.1564
2.154
2.1552
2.1544
2.1496
2.1544
2.1548
2.1524
2.1552
2.1528
2.152
2.1544
2.158
2.1568
2.1544
2.1592
2.1564
2.1556
2.1564
2.1564
2.1556
2.1532
2.156
2.156
2.1564
2.1508
2.15
2.1572
2.1556
2.1544
2.152
2.1548
2.1568
2.152
2.1556
2.1556
2.1576
2.1572
2.152
2.1564
2.1536
2.154
2.1556
2.1576
2.1556
2.1568
2.1548
2.158
2.1556
2.1552
2.1548
2.1536
2.1576
2.1548
2.1552
2.154
2.154
2.1552
2.1544
2.1528
2.1512
2.1492
2.152
2.158
2.156
2.1528
2.154
2.1548
2.1548
2.1536
2.1592
2.154
2.1604
2.1572
2.1564
2.1592
2.1584
2.1544
2.1536
2.1516
2.1548
2.1536
2.1552
2.1552
2.1592
2.156
2.1548
2.1568
2.156
2.1568
2.1524
2.1548
2.1588
2.154
2.156
2.1552
2.1548
2.158
2.1548
2.1576
2.1604
2.1544
2.1576
2.16
2.1604
2.1536
2.16
2.1576
2.1556
2.1572
2.1568
2.1564
2.1552
2.156
2.1524
2.1552
2.1544
2.1528
2.1552
2.1544
2.1584
2.1548
2.1544
2.1544
2.1576
2.1572
2.156
2.158
2.1552
2.1576
2.1612
2.154
2.1572
2.16
2.158
2.1584
2.1612
2.154
2.1584
2.1544
2.1516
2.154
2.1536
2.1512
2.1552
2.1536
2.1528
2.1548
2.1556
2.1544
2.156
2.1588
2.156
2.156
2.16
2.1584
2.1608
2.158
2.1596
2.1588
2.1552
2.1556
2.1576
2.1568
2.1536
2.156
2.1524
2.1532
2.1532
2.1532
2.1556
2.1524
2.1532
2.154
2.1532
2.154
2.158
2.1516
2.1568
2.1568
2.1608
2.1544
2.1604
2.1556
2.1588
2.1612
2.1556
2.1592
2.1556
2.1532
2.1516
2.1532
2.154
2.1496
2.1492
2.15
2.148
2.1472
2.1504
2.1532
2.15
2.15
2.1504
2.1544
2.1596
2.1508
2.1596
2.1568
2.1552
2.1572
2.1588
2.1576
2.1588
2.154
2.1544
2.1544
2.1552
2.1524
2.1596
2.1536
2.1576
2.1524
2.1512
2.1528
2.1536
2.1504
2.152
2.152
2.1508
2.1532
2.1544
2.1556
2.1592
2.1552
2.1604
2.1596
2.1608
2.1588
2.1552
2.1572
2.1576
2.1572
2.1556
2.156
2.1556
2.154
2.154
2.152
2.1528
2.1496
2.1512
2.1516
2.1536
2.148
2.152
2.152
2.1552
2.1564
2.1556
2.1576
2.1584
2.154
2.1532
2.16
2.158
2.1576
2.1572
2.1572
2.162
2.158
2.1552
2.158
2.1528
2.1528
2.1556
2.152
2.1516
2.1556
2.152
2.1568
2.152
2.1512
2.1532
2.156
2.1588
2.152
2.1544
2.1556
2.158
2.1568
2.1564
2.1596
2.1564
2.1556
2.1596
2.1592
2.158
2.1592
2.1556
2.1568
2.1576
2.158
2.1528
2.1536
2.1548
2.1512
2.1532
2.1548
2.1536
2.1512
2.154
2.1528
2.158
2.156
2.1576
2.1572
2.154
2.1564
2.158
2.1588
2.1624
2.1588
2.1588
2.1576
2.1588
2.1584
2.1572
2.1544
2.1548
2.1512
2.1516
2.154
2.1572
2.152
2.1532
2.1508
2.1544
2.1516
2.1512
2.1596
2.156
2.1552
2.156
2.154
2.1592
2.1544
2.1568
2.158
2.1564
2.1564
2.1536
2.1564
2.1576
2.1548
2.1556
2.156
2.1556
2.1516
2.1496
2.1576
2.1544
2.1512
2.1532
2.1544
2.1544
2.154
2.1528
2.15
2.1596
2.1536
2.1564
2.1572
2.1596
2.156
2.1584
2.156
2.1552
2.1528
2.154
2.158
2.1568
2.1552
2.1544
2.1524
2.1552
2.154
2.1552
2.1532
2.158
2.1544
2.1528
2.1564
2.1512
2.1524
2.1544
2.1556
2.1596
2.1568
2.156
2.1588
2.1572
2.1556
2.1564
2.156
2.1588
2.1548
2.1564
2.1596
2.1584
2.1572
2.1532
2.1548
2.1588
2.1544
2.1524
2.156
2.1564
2.1544
2.1548
2.156
2.1568
2.1568
2.1532
2.1576
2.1548
2.1564
2.1532
2.1548
2.1576
2.156
2.156
2.156
2.1556
2.1548
2.1568
2.1588
2.1584
2.158
2.1564
2.1564
2.1556
2.1552
2.1556
2.1536
2.1604
2.1572
2.1548
2.1556
2.1548
2.1532
2.1544
2.156
2.1548
2.1552
2.1572
2.1552
2.16
2.1556
2.152
2.1572
2.1596
2.1556
2.1608
2.1584
2.1528
2.158
2.1568
2.1584
2.1536
2.1516
2.1524
2.1524
2.1524
2.1512
2.1536
2.1552
2.1536
2.1532
2.1556
2.1544
2.1552
2.1556
2.152
2.1532
2.1556
2.1528
2.1568
2.1564
2.156
2.1528
2.156
2.1532
2.1592
2.1556
2.1496
2.1528
2.1576
2.152
2.1576
2.1584
2.1552
2.1528
2.1524
2.1548
2.1548
2.1568
2.1524
2.1556
2.1568
2.1532
2.1532
2.154
2.1572
2.1528
2.1524
2.1528
2.1564
2.1544
2.1516
2.1556
2.1556
2.1524
2.156
2.1552
2.1564
2.1524
2.15
2.1524
2.1532
2.154
2.1548
2.1528
2.1548
2.1512
2.1516
2.152
2.1552
2.1504
2.1524
2.1548
2.1556
2.152
2.1576
2.156
2.156
2.1508
2.154
2.1528
2.1524
2.1528
2.1504
2.1548
2.1564
2.1524
2.1548
2.1564
2.1592
2.1556
2.1568
2.1568
2.1548
2.1524
2.1568
2.1576
2.1556
2.1556
2.1544
2.1512
2.1592
2.152
2.1568
2.156
2.1552
2.1512
2.156
2.154
2.1552
2.1512
2.1544
2.1544
2.1556
2.1556
2.1556
2.1568
2.1608
2.156
2.1556
2.1544
2.158
2.154
2.156
2.1528
2.1576
2.154
2.15
2.1532
2.1548
2.154
2.1536
2.1532
2.1556
2.1536
2.1544
2.154
2.1568
2.1544
2.1572
2.1572
2.1592
2.1588
2.1572
2.1548
2.1572
2.1552
2.16
2.1544
2.1544
2.152
2.152
2.1532
2.1524
2.1532
2.1536
2.1536
2.1556
2.1504
2.1556
2.152
2.1548
2.1524
2.1528
2.1548
2.1568
2.1576
2.158
2.1552
2.1584
2.154
2.1532
2.1568
2.1552
2.1532
2.1564
2.1536
2.1548
2.1536
2.152
2.1532
2.1524
2.1524
2.152
2.152
2.152
2.1524
2.15
2.1528
2.154
2.1512
2.154
2.1564
2.1568
2.1552
2.1528
2.1576
2.156
2.1548
2.158
2.1536
2.1536
2.154
2.1532
2.156
2.1552
2.1512
2.1548
2.1504
2.154
2.1508
2.1504
2.1536
2.1516
2.1532
2.1524
2.154
2.1528
2.154
2.154
2.1536
2.1592
2.1564
2.1572
2.1564
2.1576
2.156
2.1576
2.1576
2.1576
2.1568
2.1552
2.1536
2.1592
2.154
2.1524
2.1504
2.1504
2.1496
2.1512
2.1504
2.1528
2.15
2.1524
2.1532
2.1524
2.1548
2.1508
2.1556
2.16
2.1552
2.1568
2.1576
2.1556
2.158
2.1572
2.1564
2.1556
2.1552
2.1552
2.1528
2.1544
2.1524
2.1488
2.1524
2.1576
2.1508
2.152
2.1524
2.1528
2.152
2.1532
2.1548
2.154
2.1568
2.1548
2.1528
2.1604
2.154
2.1604
2.1616
2.1572
2.1588
2.156
2.156
2.1588
2.1552
2.1572
2.1528
2.1524
2.15
2.1516
2.15
2.15
2.1504
2.1496
2.1516
2.1508
2.1504
2.1552
2.1532
2.1576
2.1572
2.1564
2.1576
2.1556
2.1544
2.1584
2.1552
2.1584
2.1608
2.1604
2.1552
2.1612
2.1508
2.1564
2.1548
2.1536
2.1528
2.15
2.1532
2.1552
2.1508
2.1544
2.152
2.154
2.1552
2.1536
2.1572
2.1564
2.1568
2.156
2.1572
2.1592
2.1556
2.16
2.1572
2.1584
2.1564
2.1576
2.154
2.1592
2.1548
2.1528
2.1548
2.1548
2.1536
2.1536
2.1556
2.1528
2.1528
2.1536
2.1508
2.1536
2.1528
2.1552
2.1556
2.1548
2.1568
2.1536
2.156
2.158
2.1568
2.1584
2.1568
2.1604
2.156
2.1576
2.1576
2.1544
2.156
2.1532
2.1536
2.158
2.1512
2.152
2.1536
2.1528
2.152
2.1528
2.1536
2.1524
2.152
2.1548
2.1548
2.1572
2.158
2.1556
2.1612
2.162
2.1576
2.1588
2.1588
2.1604
2.1548
2.1576
2.1552
2.1568
2.1556
2.1568
2.1552
2.156
2.1536
2.1528
2.1516
2.1516
2.1504
2.1528
2.1528
2.1532
2.152
2.152
2.1548
2.1568
2.1576
2.154
2.1588
2.1568
2.1584
2.1568
2.1584
2.1584
2.158
2.1564
2.1536
2.156
2.1528
2.156
2.1548
2.156
2.1516
2.1532
2.1524
2.154
2.1532
2.1504
2.1528
2.1544
2.1528
2.1524
2.1568
2.1564
2.1536
2.1556
2.1568
2.158
2.1548
2.1552
2.1564
2.1576
2.1536
2.1564
2.1548
2.1548
2.1548
2.1536
2.1516
2.1548
2.1512
2.156
2.1512
2.1496
2.1516
2.1468
2.1512
2.1532
2.1516
2.1552
2.1532
2.154
2.1544
2.1544
2.156
2.1568
2.1548
2.1596
2.154
2.1556
2.1532
2.1548
2.1564
2.1572
2.1544
2.1556
2.1528
2.1528
2.1496
2.1508
2.1504
2.154
2.1536
2.1524
2.154
2.1552
2.1548
2.1556
2.156
2.156
2.1528
2.1544
2.156
2.158
2.156
2.1588
2.1564
2.1584
2.1524
2.1552
2.1536
2.1588
2.154
2.1544
2.1548
2.154
2.1516
2.1508
2.1552
2.1556
2.1556
2.1572
2.1524
2.1532
2.1556
2.1556
2.16
2.158
2.156
2.154
2.1564
2.1608
2.1552
2.1584
2.156
2.1572
2.1584
2.1572
2.158
2.1548
2.1532
2.1556
2.1524
2.1544
2.1536
2.154
2.1576
2.1576
2.1548
2.1536
2.1568
2.1612
2.1564
2.1564
2.1564
2.1592
2.1564
2.1552
2.1576
2.1588
2.1572
2.1564
2.1568
2.1584
2.1556
2.154
2.1536
2.1544
2.1556
2.154
2.1548
2.158
2.1568
2.1588
2.1584
2.156
2.156
2.154
2.1568
2.1584
2.1568
2.1568
2.1536
2.1584
2.1572
2.1532
2.1572
2.1572
2.1556
2.1548
2.1568
2.1576
2.1604
2.1556
2.1564
2.1572
2.1512
2.1552
2.1568
2.1552
2.1528
2.1544
2.1536
2.1584
2.158
2.1588
2.156
2.1556
2.1548
2.1548
2.1556
2.1604
2.1544
2.1576
2.1556
2.1576
2.1556
2.1536
2.1564
2.1568
2.152
2.1556
2.1576
2.1572
2.1552
2.1568
2.1548
2.1556
2.1572
2.1556
2.1568
2.1608
2.152
2.154
2.1572
2.156
2.156
2.1576
2.1584
2.1564
2.1528
2.1524
2.1576
2.1572
2.1568
2.154
2.1552
2.156
2.1564
2.1552
2.1524
2.1572
2.1552
2.154
2.1604
2.1612
2.1552
2.1572
2.1548
2.1592
2.1568
2.154
2.1572
2.1564
2.156
2.16
2.1548
2.1592
2.1548
2.1556
2.1556
2.1584
2.1556
2.1524
2.1536
2.1584
2.1544
2.1572
2.1548
2.154
2.1568
2.1592
2.154
2.16
2.1548
2.1556
2.158
2.1604
2.1552
2.156
2.1596
2.1584
2.1532
2.1568
2.1564
2.1572
2.154
2.1544
2.1572
2.1552
2.1548
2.1576
2.154
2.158
2.158
2.1568
2.158
2.1608
2.1544
2.1596
2.1596
2.1588
2.1536
2.1544
2.1592
2.1624
2.158
2.1588
2.1556
2.1576
2.1564
2.1544
2.1568
2.1596
2.1524
2.1564
2.156
2.1564
2.1528
2.1568
2.1568
2.1612
2.1572
2.1588
2.1576
2.1608
2.1588
2.1592
2.1608
2.162
2.1576
2.1552
2.1604
2.1584
2.158
2.1572
2.1564
2.1596
2.1552
2.1524
2.1536
2.1564
2.1536
2.1528
2.1544
2.158
2.1552
2.1564
2.1576
2.1584
2.158
2.1584
2.1616
2.162
2.1532
2.1552
2.1588
2.1608
2.158
2.1596
2.156
2.1596
2.1572
2.1556
2.1592
2.1552
2.1536
2.1532
2.1552
2.1572
2.1564
2.1568
2.1524
2.16
2.1544
2.1572
2.1576
2.1592
2.1548
2.1588
2.1612
2.1624
2.1572
2.16
2.16
2.1572
2.1568
2.1632
2.1596
2.1584
2.1568
2.1556
2.1536
2.158
2.152
2.1552
2.1576
2.1572
2.1544
2.1552
2.1536
2.1576
2.1532
2.1568
2.1572
2.1584
2.1584
2.1556
2.1596
2.1628
2.1544
2.16
2.1592
2.1604
2.1596
2.1564
2.1572
2.16
2.1588
2.1564
2.1552
2.1552
2.1536
2.1536
2.156
2.1552
2.1532
2.1552
2.1556
2.1592
2.1548
2.1544
2.1588
2.16
2.1568
2.1588
2.1564
2.164
2.16
2.1596
2.1604
2.1628
2.1552
2.1548
2.1604
2.1604
2.156
2.1516
2.1564
2.1552
2.1524
2.1468
2.1564
2.158
2.1496
2.1544
2.1524
2.1572
2.154
2.1552
2.1516
2.1548
2.1564
2.1564
2.1592
2.1588
2.1588
2.1612
2.1596
2.1576
2.1564
2.152
2.1548
2.1556
2.1536
2.1576
2.154
2.15
2.1508
2.1532
2.1528
2.1532
2.1508
2.1528
2.1576
2.1532
2.1516
2.1532
2.1584
2.1588
2.154
2.1604
2.1572
2.158
2.1528
2.1528
2.1576
2.1532
2.1544
2.1568
2.1536
2.1588
2.1532
2.1512
2.1536
2.1556
2.1532
2.152
2.1524
2.156
2.1544
2.1544
2.1564
2.1556
2.1524
2.1528
2.1548
2.1576
2.1572
2.1556
2.1568
2.156
2.156
2.1588
2.1572
2.1528
2.156
2.1576
2.1536
2.1576
2.1544
2.1532
2.1536
2.1544
2.1528
2.1512
2.156
2.1556
2.1564
2.1548
2.1548
2.1536
2.156
2.1544
2.1588
2.1576
2.1584
2.1552
2.1584
2.1608
2.1552
2.1588
2.1608
2.158
2.1528
2.1612
2.1552
2.1564
2.1524
2.1532
2.1528
2.1528
2.1568
2.1512
2.1532
2.1568
2.1532
2.1564
2.16
2.1592
2.1576
2.1604
2.1584
2.1612
2.1592
2.1588
2.1588
2.1588
2.1584
2.1576
2.1624
2.1592
2.156
2.156
2.1556
2.1556
2.1524
2.1564
2.1564
2.1552
2.1552
2.1556
2.1564
2.1608
2.15
2.1588
2.1568
2.1556
2.1552
2.1568
2.1572
2.1612
2.1596
2.1604
2.1596
2.16
2.1584
2.1572
2.1568
2.1568
2.1544
2.1572
2.156
2.156
2.1536
2.1588
2.158
2.1596
2.1544
2.1532
2.1564
2.1596
2.1564
2.1564
2.1572
2.1596
2.1556
2.1572
2.1596
2.1608
2.1576
2.1568
2.1584
2.1604
2.1588
2.156
2.1536
2.1596
2.1528
2.1544
2.1556
2.1548
2.1568
2.158
2.1576
2.1552
2.1564
2.1552
2.158
2.1592
2.1584
2.1584
2.1576
2.1608
2.1608
2.1564
2.158
2.158
2.1592
2.1584
2.158
2.1608
2.1552
2.158
2.1576
2.158
2.1556
2.156
2.1544
2.1556
2.1544
2.1576
2.1572
2.1552
2.1532
2.1572
2.1584
2.1536
2.1584
2.1572
2.1576
2.1576
2.1584
2.1584
2.156
2.1584
2.1524
2.1568
2.1556
2.152
2.1552
2.15
2.1524
2.1568
2.1552
2.1544
2.1552
2.1564
2.1536
2.1544
2.1572
2.1556
2.1528
2.154
2.1552
2.1568
2.1552
2.1572
2.1592
2.1544
2.154
2.154
2.1536
2.1584
2.1544
2.1548
2.1556
2.1544
2.1556
2.1488
2.158
2.1572
2.1532
2.1564
2.1548
2.1544
2.1556
2.1536
2.1576
2.1548
2.1536
2.1548
2.1536
2.1588
2.156
2.16
2.158
2.156
2.1568
2.1532
2.156
2.1612
2.1532
2.1576
2.1548
2.1548
2.1564
2.1568
2.1572
2.1624
2.154
2.1548
2.1544
2.1552
2.154
2.1548
2.1544
2.1604
2.156
2.1572
2.1584
2.1592
2.1536
2.1536
2.1548
2.156
2.154
2.1504
2.152
2.1552
2.1556
2.154
2.1556
2.154
2.1524
2.1532
2.1564
2.1564
2.1532
2.156
2.1552
2.1556
2.154
2.1556
2.1576
2.1552
2.1548
2.1544
2.1544
2.1572
2.1536
2.154
2.1516
2.1528
2.1544
2.154
2.1532
2.1552
2.1544
2.154
2.1532
2.1588
2.152
2.1512
2.158
2.1524
2.1536
2.1568
2.1548
2.1572
2.1556
2.1548
2.1564
2.1596
2.1564
2.1548
2.154
2.1544
2.1532
2.154
2.1568
2.1592
2.1536
2.1544
2.1548
2.1524
2.1536
2.1524
2.1576
2.154
2.1556
2.1536
2.1544
2.154
2.154
2.1564
2.1572
2.1556
2.1576
2.1544
2.1568
2.1588
2.1552
2.1572
2.152
2.1544
2.1536
2.1516
2.1508
2.1532
2.1528
2.1512
2.1544
2.1556
2.1516
2.1552
2.1552
2.1544
2.1528
2.154
2.1512
2.1512
2.1564
2.1524
2.154
2.1572
2.1552
2.1576
2.156
2.1584
2.1536
2.1536
2.1532
2.1544
2.1556
2.1544
2.1512
2.158
2.1548
2.152
2.1568
2.1516
2.15
2.156
2.1536
2.1516
2.1512
2.1564
2.1548
2.1572
2.1556
2.154
2.1548
2.1588
2.1564
2.1536
2.1572
2.1568
2.1568
2.1524
2.156
2.1568
2.15
2.1524
2.1532
2.156
2.1528
2.1528
2.1544
2.1548
2.1504
2.1512
2.1544
2.152
2.154
2.1536
2.158
2.1592
2.1548
2.1548
2.1572
2.1588
2.152
2.1556
2.1568
2.1568
2.1556
2.1532
2.1572
2.158
2.156
2.154
2.1544
2.1516
2.152
2.1508
2.1516
2.1524
2.1524
2.1496
2.156
2.154
2.1524
2.1568
2.1512
2.156
2.1524
2.156
2.1548
2.1572
2.1576
2.158
2.1548
2.1604
2.1564
2.1568
2.1556
2.1544
2.152
2.15
2.1536
2.1524
2.1516
2.1492
2.1516
2.152
2.1524
2.1536
2.1524
2.1536
2.1536
2.1504
2.1528
2.1576
2.1512
2.1532
2.1536
2.1584
2.1572
2.1584
2.1536
2.1532
2.1544
2.1512
2.1512
2.15
2.1532
2.1496
2.15
2.1496
2.1476
2.1508
2.1496
2.154
2.1472
2.1516
2.1516
2.1532
2.1512
2.1568
2.1508
2.1548
2.1528
2.1528
2.1516
2.1552
2.1504
2.1552
2.152
2.1512
2.154
2.146
2.1488
2.1508
2.1476
2.15
2.1488
2.1512
2.1464
2.1464
2.1492
2.1552
2.1504
2.1504
2.1512
2.1556
2.1564
2.1556
2.1544
2.1536
2.1548
2.1524
2.154
2.1552
2.1536
2.1528
2.1532
2.1528
2.1476
2.1504
2.1512
2.1488
2.1488
2.1504
2.1488
2.1488
2.15
2.1512
2.1512
2.1516
2.152
2.1516
2.1528
2.1524
2.1524
2.1552
2.1564
2.1584
2.1552
2.1568
2.1556
2.1548
2.1512
2.152
2.152
2.1508
2.1504
2.1432
2.1476
2.1468
2.1444
2.1484
2.1408
2.1484
2.1448
2.1456
2.15
2.1528
2.1492
2.1504
2.1528
2.1528
2.1524
2.1564
2.1544
2.1544
2.1576
2.1536
2.1536
2.154
2.1512
2.1512
2.1488
2.1516
2.148
2.1512
2.1484
2.1492
2.1484
2.148
2.1468
2.152
2.148
2.148
2.1524
2.1524
2.1488
2.1524
2.1508
2.1552
2.156
2.152
2.1556
2.1552
2.1508
2.1528
2.1488
2.1508
2.1528
2.1492
2.1488
2.1496
2.1452
2.1492
2.1492
2.1492
2.1484
2.1448
2.1488
2.1484
2.1464
2.1508
2.1544
2.154
2.1496
2.1492
2.156
2.1536
2.1512
2.156
2.1524
2.1576
2.1512
2.1512
2.154
2.1536
2.1488
2.15
2.146
2.1496
2.148
2.1476
2.1484
2.152
2.1496
2.1476
2.1492
2.1504
2.1524
2.1536
2.1548
2.1544
2.1544
2.1508
2.1524
2.1516
2.1536
2.1504
2.1552
2.1528
2.1508
2.154
2.154
2.1492
2.1524
2.1492
2.1504
2.1504
2.1456
2.1452
2.1492
2.1496
2.1488
2.1492
2.15
2.15
2.1472
2.15
2.1516
2.1528
2.1484
2.1552
2.148
2.1516
2.1524
2.152
2.1492
2.1552
2.1484
2.15
2.1512
2.1508
2.152
2.15
2.1496
2.1508
2.1524
2.1464
2.1476
2.15
2.1484
2.1484
2.15
2.15
2.1516
2.1496
2.1504
2.1496
2.1476
2.1496
2.1508
2.154
2.1524
2.15
2.1532
2.1504
2.1492
2.1512
2.1508
2.1528
2.1516
2.1492
2.1492
2.152
2.1492
2.1492
2.1488
2.1516
2.148
2.1468
2.1516
2.152
2.1508
2.148
2.15
2.1524
2.15
2.1512
2.1496
2.1532
2.1516
2.1524
2.1496
2.1496
2.148
2.15
2.1544
2.1488
2.1488
2.1508
2.1504
2.1476
2.148
2.1508
2.1488
2.1508
2.1504
2.1508
2.1496
2.1548
2.152
2.1528
2.1528
2.1516
2.1488
2.1504
2.1488
2.1516
2.1504
2.152
2.15
2.1536
2.152
2.1496
2.1492
2.1524
2.1504
2.1484
2.1508
2.1516
2.1488
2.1524
2.1528
2.1508
2.1508
2.1496
2.1544
2.1536
2.1516
2.1536
2.1528
2.15
2.1528
2.1524
2.1492
2.1532
2.1512
2.1504
2.152
2.1528
2.1496
2.1528
2.1516
2.15
2.1504
2.1544
2.1548
2.1516
2.1528
2.1484
2.1524
2.152
2.1504
2.1488
2.1488
2.1532
2.1496
2.1516
2.1556
2.1556
2.1488
2.1528
2.152
2.1552
2.1536
2.1528
2.154
2.1524
2.15
2.15
2.1532
2.1528
2.1484
2.15
2.1524
2.152
2.1544
2.1504
2.1536
2.1544
2.1524
2.1512
2.1528
2.1472
2.1524
2.1528
2.1508
2.1548
2.1508
2.1464
2.154
2.1488
2.1484
2.1508
2.1504
2.1544
2.1516
2.1472
2.1528
2.1488
2.1532
2.152
2.1544
2.1572
2.1456
2.152
2.1516
2.1516
2.1536
2.1484
2.1524
2.1552
2.1516
2.1524
2.1544
2.152
2.1512
2.1524
2.1516
2.15
2.1472
2.1484
2.1516
2.1488
2.1516
2.1476
2.1528
2.1536
2.1464
2.1508
2.1496
2.152
2.1472
2.1496
2.1508
2.1504
2.15
2.15
2.1512
2.1508
2.15
2.1492
2.15
2.1488
2.1512
2.1448
2.1484
2.15
2.1444
2.1492
2.1472
2.1532
2.1504
2.1448
2.1476
2.1508
2.1492
2.1476
2.1464
2.1504
2.1484
2.1492
2.1496
2.1492
2.1472
2.1484
2.1496
2.152
2.1488
2.1492
2.1484
2.152
2.148
2.1448
2.1484
2.1476
2.15
2.1476
2.1516
2.1484
2.148
2.1512
2.1468
2.1504
2.1492
2.1464
2.1528
2.1476
2.1504
2.1532
2.1496
2.1504
2.148
2.1504
2.1468
2.1488
2.1496
2.1472
2.146
2.1504
2.146
2.1436
2.1488
2.1452
2.148
2.1488
2.1452
2.1492
2.1484
2.1436
2.152
2.1508
2.1484
2.1524
2.1508
2.1508
2.1512
2.1512
2.1496
2.1492
2.1488
2.1492
2.1488
2.148
2.1476
2.146
2.1468
2.1468
2.1472
2.148
2.1472
2.1456
2.1452
2.1428
2.1464
2.1456
2.1444
2.1524
2.148
2.1516
2.1504
2.1496
2.1484
2.1528
2.148
2.1496
2.1508
2.1484
2.1456
2.1492
2.15
2.1488
2.1492
2.1496
2.148
2.1508
2.146
2.1488
2.15
2.1468
2.1476
2.146
2.15
2.1488
2.1504
2.1504
2.1504
2.152
2.1536
2.1452
2.1532
2.1488
2.1492
2.1496
2.15
2.1548
2.1488
2.1488
2.1496
2.146
2.1472
2.1468
2.1468
2.1468
2.1452
2.1452
2.146
2.148
2.1496
2.146
2.1488
2.1496
2.1484
2.1532
2.1492
2.1512
2.1536
2.1512
2.1504
2.1496
2.1484
2.1504
2.1488
2.1536
2.1484
2.1452
2.1516
2.1492
2.148
2.1488
2.146
2.1496
2.1468
2.15
2.15
2.144
2.1468
2.1488
2.1528
2.1512
2.1496
2.1492
2.1532
2.154
2.1512
2.1508
2.1536
2.1536
2.1504
2.1516
2.1504
2.1516
2.1504
2.1488
2.1492
2.1484
2.1452
2.1444
2.1496
2.1436
2.1472
2.1496
2.1452
2.1456
2.1464
2.146
2.148
2.1476
2.1504
2.1492
2.1528
2.1516
2.15
2.1488
2.1504
2.1504
2.1504
2.15
2.1504
2.1488
2.1488
2.1472
2.146
2.1488
2.1448
2.1432
2.148
2.1436
2.1436
2.146
2.1464
2.1512
2.1456
2.1436
2.1464
2.152
2.15
2.1488
2.15
2.154
2.1512
2.1492
2.1476
2.1512
2.1488
2.1492
2.1496
2.1492
2.1464
2.146
2.1464
2.1504
2.1452
2.146
2.1452
2.148
2.1484
2.1436
2.1468
2.1492
2.1496
2.148
2.1536
2.15
2.1508
2.1488
2.1516
2.1524
2.1532
2.1504
2.1512
2.1496
2.1528
2.1492
2.1504
2.1516
2.1468
2.1468
2.1472
2.1464
2.1464
2.1456
2.1468
2.1488
2.1476
2.1456
2.1488
2.1488
2.1452
2.148
2.152
2.1512
2.1488
2.1508
2.15
2.1492
2.1496
2.1496
2.1508
2.1492
2.1464
2.1484
2.1484
2.152
2.1448
2.1448
2.1476
2.1444
2.1468
2.1492
2.1452
2.1448
2.1448
2.1452
2.1452
2.1484
2.1492
2.1468
2.1472
2.1504
2.1468
2.1508
2.1488
2.1508
2.1464
2.148
2.1468
2.1452
2.1452
2.144
2.1476
2.1476
2.1432
2.1412
2.144
2.1472
2.1432
2.1452
2.1472
2.1456
2.148
2.1476
2.1432
2.1504
2.146
2.1476
2.1472
2.1472
2.1464
2.1488
2.1492
2.1504
2.1484
2.152
2.1456
2.1436
2.1452
2.1468
2.148
2.148
2.1416
2.15
2.1468
2.146
2.1456
2.148
2.1456
2.1464
2.146
2.144
2.1456
2.1496
2.1476
2.1488
2.146
2.1476
2.15
2.1516
2.1508
2.1492
2.1468
2.1472
2.1508
2.148
2.146
2.1456
2.1452
2.142
2.146
2.142
2.142
2.1516
2.1456
2.1468
2.1448
2.146
2.144
2.1476
2.146
2.148
2.1488
2.15
2.1472
2.1508
2.1468
2.1484
2.1464
2.1508
2.1512
2.1512
2.146
2.148
2.1468
2.1524
2.1456
2.1472
2.1456
2.1488
2.1492
2.1476
2.148
2.148
2.1488
2.1492
2.1432
2.146
2.1512
2.152
2.1508
2.1536
2.1496
2.1508
2.1488
2.1476
2.15
2.1528
2.1504
2.1488
2.1516
2.1516
2.1472
2.15
2.15
2.152
2.1468
2.1476
2.146
2.1508
2.1468
2.1464
2.1488
2.1484
2.1492
2.1496
2.1476
2.1516
2.1492
2.1492
2.1504
2.1508
2.1484
2.148
2.1484
2.1516
2.1456
2.1472
2.1476
2.148
2.1508
2.1504
2.1484
2.1492
2.1452
2.1472
2.1468
2.148
2.1512
2.1488
2.1488
2.1508
2.1476
2.1484
2.15
2.1516
2.1512
2.1516
2.1528
2.1496
2.1488
2.1484
2.1464
2.1492
2.146
2.1484
2.1488
2.1496
2.1452
2.1488
2.1496
2.1528
2.1504
2.148
2.1472
2.1492
2.1508
2.1472
2.1508
2.15
2.1488
2.1492
2.1516
2.154
2.1456
2.15
2.1488
2.1472
2.1532
2.1468
2.1488
2.152
2.148
2.1504
2.1484
2.1544
2.1476
2.1496
2.1512
2.1508
2.1484
2.1472
2.152
2.1548
2.1504
2.1496
2.1516
2.1516
2.1452
2.15
2.152
2.1528
2.1524
2.1524
2.15
2.15
2.1472
2.148
2.15
2.152
2.1468
2.1484
2.1508
2.1528
2.1516
2.1464
2.1512
2.1512
2.1516
2.1512
2.1516
2.1536
2.1504
2.156
2.15
2.1552
2.1496
2.1488
2.1508
2.1496
2.1456
2.146
2.1488
2.15
2.146
2.1492
2.1464
2.1504
2.15
2.1472
2.1508
2.1516
2.1508
2.152
2.1524
2.152
2.152
2.1508
2.1508
2.1528
2.1496
2.1512
2.1524
2.1508
2.1488
2.1504
2.1472
2.1492
2.1496
2.1444
2.148
2.1488
2.1452
2.1492
2.1496
2.1524
2.1508
2.1504
2.1504
2.1496
2.1508
2.148
2.1548
2.1548
2.1488
2.1524
2.1512
2.1496
2.1504
2.1508
2.1492
2.1516
2.1496
2.1496
2.1492
2.1504
2.1464
2.1508
2.1492
2.1488
2.146
2.1476
2.1496
2.1488
2.1452
2.1476
2.1492
2.15
2.1492
2.1532
2.152
2.1532
2.1524
2.1496
2.1488
2.1524
2.1484
2.1496
2.1496
2.1504
2.1464
2.1488
2.1456
2.1484
2.1476
2.1456
2.1492
2.1448
2.1464
2.1472
2.1472
2.15
2.1492
2.1492
2.1512
2.1524
2.1472
2.152
2.1516
2.152
2.1504
2.1516
2.1548
2.152
2.1528
2.1516
2.1484
2.15
2.1488
2.1464
2.146
2.1504
2.1464
2.1484
2.1476
2.1492
2.1492
2.1476
2.1484
2.1496
2.1496
2.1488
2.1484
2.1552
2.1516
2.1532
2.15
2.1536
2.1488
2.152
2.1524
2.1508
2.1512
2.1504
2.1532
2.1488
2.1484
2.1492
2.1476
2.1492
2.1492
2.1468
2.148
2.1544
2.1472
2.1512
2.1504
2.1488
2.1512
2.1508
2.152
2.1516
2.15
2.1528
2.1524
2.1516
2.1504
2.152
2.15
2.1528
2.15
2.1496
2.1452
2.1488
2.1476
2.1476
2.1488
2.1464
2.1472
2.1444
2.1472
2.1468
2.144
2.148
2.146
2.1476
2.1508
2.146
2.1508
2.1496
2.1504
2.1476
2.1504
2.148
2.15
2.1516
2.148
2.152
2.1468
2.1484
2.15
2.1464
2.146
2.1484
2.1468
2.1476
2.144
2.1436
2.1492
2.1448
2.1444
2.1476
2.1464
2.1456
2.1484
2.1472
2.1472
2.1484
2.1488
2.1512
2.1476
2.1524
2.1456
2.1484
2.1496
2.1468
2.1468
2.144
2.1484
2.1476
2.1452
2.146
2.1444
2.1444
2.1448
2.144
2.1468
2.1432
2.1452
2.1456
2.148
2.15
2.1448
2.1468
2.1468
2.1492
2.1488
2.1484
2.15
2.1504
2.148
2.1464
2.1548
2.1516
2.1468
2.1456
2.1476
2.1448
2.1412
2.1436
2.1436
2.144
2.1468
2.1408
2.1464
2.1448
2.1436
2.1476
2.1456
2.1468
2.146
2.1472
2.1472
2.1488
2.1488
2.152
2.1512
2.1508
2.1496
2.1468
2.15
2.1496
2.1436
2.1436
2.1448
2.1432
2.1416
2.142
2.1416
2.144
2.1424
2.1416
2.1476
2.1428
2.1436
2.1456
2.1448
2.1488
2.1424
2.1512
2.1504
2.1492
2.15
2.1528
2.1488
2.1472
2.1488
2.1436
2.1508
2.1504
2.146
2.148
2.1504
2.1476
2.1472
2.1468
2.1428
2.1468
2.1424
2.1468
2.1464
2.1472
2.1476
2.146
2.1472
2.1476
2.1456
2.15
2.1492
2.1516
2.1496
2.1456
2.15
2.148
2.1456
2.15
2.1496
2.1484
2.1504
2.1484
2.146
2.1488
2.144
2.1436
2.1468
2.1476
2.144
2.142
2.146
2.1484
2.1468
2.1448
2.1488
2.1556
2.1484
2.1484
2.1468
2.15
2.1508
2.1496
2.1496
2.1484
2.146
2.1464
2.1492
2.1484
2.15
2.1428
2.1468
2.15
2.1428
2.1428
2.1468
2.1428
2.1448
2.1444
2.1464
2.1452
2.146
2.1488
2.15
2.1496
2.1476
2.1496
2.1488
2.1524
2.148
2.1492
2.1488
2.1524
2.1488
2.1472
2.1516
2.146
2.1452
2.1456
2.1416
2.1492
2.1444
2.1444
2.148
2.1472
2.1444
2.1464
2.1492
2.1444
2.1456
2.148
2.1476
2.1492
2.1516
2.1488
2.1488
2.152
2.148
2.1508
2.1484
2.1476
2.1492
2.1484
2.1476
2.1456
2.1452
2.142
2.1476
2.148
2.144
2.1456
2.1488
2.1472
2.1492
2.148
2.1448
2.1496
2.1492
2.1484
2.1516
2.1496
2.146
2.1508
2.15
2.15
2.1468
2.1472
2.1492
2.148
2.148
2.1476
2.1484
2.1468
2.1444
2.1456
2.1504
2.1512
2.1456
2.148
2.15
2.1456
2.15
2.1468
2.1512
2.1516
2.1468
2.1504
2.1476
2.1528
2.1484
2.148
2.1512
2.1492
2.148
2.1508
2.1472
2.15
2.1476
2.1504
2.148
2.1492
2.15
2.1452
2.1484
2.1488
2.1476
2.1476
2.1516
2.1492
2.1468
2.1468
2.1476
2.1512
2.1464
2.1476
2.1472
2.1492
2.1464
2.1472
2.1484
2.1488
2.1464
2.1492
2.148
2.1508
2.1464
2.1452
2.1508
2.152
2.1488
2.1476
2.1504
2.1492
2.1496
2.1488
2.1484
2.15
2.1496
2.1504
2.15
2.1488
2.1476
2.1456
2.1468
2.1484
2.1468
2.1464
2.1472
2.1496
2.1464
2.1456
2.1468
2.1476
2.1476
2.1472
2.1504
2.1508
2.1524
2.1508
2.1512
2.1488
2.1508
2.1472
2.1504
2.152
2.148
2.15
2.1504
2.1508
2.1468
2.1476
2.1484
2.1468
2.1484
2.1484
2.1488
2.15
2.148
2.1488
2.1492
2.1492
2.1488
2.1456
2.1492
2.1496
2.1476
2.152
2.1504
2.1484
2.1468
2.1452
2.1448
2.1488
2.1468
2.1484
2.1516
2.1488
2.1468
2.1512
2.1464
2.1488
2.146
2.1456
2.15
2.1508
2.1456
2.1504
2.1504
2.1488
2.1476
2.1488
2.1508
2.15
2.1484
2.1476
2.148
2.1512
2.1484
2.1488
2.15
2.152
2.1476
2.1476
2.1492
2.1468
2.1432
2.1452
2.148
2.1508
2.1456
2.146
2.1492
2.148
2.1464
2.1508
2.1456
2.1504
2.1504
2.1512
2.1512
2.1528
2.1508
2.1508
2.152
2.1532
2.152
2.148
2.1492
2.152
2.1456
2.1484
2.1512
2.1524
2.1448
2.1512
2.1488
2.1516
2.1476
2.1488
2.15
2.1508
2.1476
2.146
2.1504
2.1512
2.1464
2.148
2.148
2.1556
2.1484
2.1476
2.1532
2.1532
2.1536
2.1532
2.152
2.15
2.15
2.1508
2.1472
2.1492
2.1472
2.1488
2.1476
2.1452
2.148
2.15
2.1476
2.15
2.1532
2.1484
2.1472
2.1508
2.1468
2.1492
2.1508
2.152
2.15
2.1504
2.1504
2.1516
2.1464
2.1476
2.1508
2.1528
2.15
2.1492
2.15
2.1464
2.1452
2.1464
2.1452
2.1492
2.1436
2.1432
2.1408
2.1488
2.1444
2.1448
2.1464
2.1468
2.1476
2.1468
2.1496
2.15
2.1496
2.1472
2.15
2.152
2.1516
2.1488
2.1496
2.1508
2.1472
2.1496
2.146
2.1468
2.1456
2.1432
2.1484
2.1428
2.1432
2.1424
2.146
2.1484
2.1464
2.1488
2.1476
2.1488
2.148
2.15
2.15
2.1516
2.1528
2.1508
2.1508
2.152
2.15
2.1512
2.1476
2.1472
2.1432
2.1464
2.1424
2.1468
2.1468
2.1428
2.1452
2.1452
2.142
2.144
2.1436
2.146
2.146
2.144
2.1504
2.152
2.152
2.152
2.1504
2.152
2.1496
2.1524
2.1468
2.1492
2.1488
2.1468
2.1472
2.1464
2.1448
2.142
2.1436
2.1452
2.1444
2.144
2.1472
2.1464
2.1448
2.146
2.1428
2.148
2.1472
2.1484
2.1516
2.1484
2.1504
2.1532
2.1508
2.1536
2.1524
2.152
2.1496
2.1504
2.1468
2.1472
2.1492
2.1504
2.146
2.1492
2.1444
2.1484
2.1464
2.1472
2.146
2.1476
2.1464
2.1464
2.1496
2.1496
2.1476
2.1492
2.1484
2.1504
2.1488
2.15
2.152
2.1524
2.1496
2.1512
2.1508
2.1516
2.1492
2.1444
2.1484
2.1492
2.148
2.1492
2.1436
2.146
2.144
2.1428
2.146
2.146
2.1444
2.1472
2.1432
2.1488
2.1496
2.1488
2.152
2.1508
2.15
2.1528
2.148
2.1516
2.1448
2.1496
2.1504
2.1508
2.1492
2.1456
2.1456
2.148
2.1448
2.1436
2.1452
2.1452
2.1448
2.1408
2.1448
2.146
2.144
2.148
2.1452
2.1492
2.1512
2.1516
2.1484
2.1516
2.1456
2.1496
2.1508
2.1508
2.1484
2.1468
2.148
2.1492
2.1452
2.1432
2.1456
2.1452
2.1444
2.1432
2.1432
2.1448
2.146
2.142
2.1424
2.1444
2.1432
2.1444
2.1464
2.1472
2.1448
2.1468
2.1488
2.1472
2.1488
2.15
2.1492
2.15
2.144
2.1476
2.1496
2.1484
2.1452
2.1464
2.1472
2.1436
2.1428
2.1428
2.1424
2.1416
2.1436
2.1468
2.146
2.1476
2.1436
2.1424
2.1424
2.146
2.1444
2.146
2.1472
2.15
2.1496
2.1448
2.1468
2.1484
2.1464
2.1496
2.15
2.1476
2.1432
2.1444
2.146
2.1456
2.1444
2.1456
2.1448
2.1436
2.1424
2.1464
2.1448
2.148
2.144
2.1456
2.15
2.1452
2.1464
2.1484
2.1512
2.148
2.148
2.1508
2.1452
2.148
2.148
2.1452
2.148
2.1476
2.1424
2.1444
2.1456
2.146
2.1424
2.1428
2.1444
2.144
2.1456
2.146
2.1452
2.1492
2.1436
2.148
2.1448
2.1484
2.1488
2.1436
2.148
2.144
2.1488
2.1492
2.1468
2.1468
2.148
2.1464
2.1432
2.1488
2.1484
2.1472
2.1448
2.1492
2.1452
2.1476
2.1444
2.146
2.1476
2.1464
2.1496
2.1448
2.1476
2.1464
2.1484
2.148
2.1464
2.1456
2.1472
2.1468
2.1464
2.144
2.1476
2.1432
2.144
2.15
2.1424
2.1472
2.144
2.1396
2.1444
2.1476
2.1416
2.1448
2.1468
2.1444
2.1436
2.148
2.148
2.1448
2.1432
2.1476
2.144
2.1512
2.1456
2.1452
2.1488
2.1472
2.1448
2.1436
2.1476
2.146
2.1484
2.1492
2.15
2.1468
2.144
2.1456
2.1476
2.1484
2.1448
2.1476
2.1476
2.1464
2.1464
2.1464
2.142
2.1468
2.1444
2.1416
2.144
2.1476
2.148
2.1416
2.1472
2.1488
2.1472
2.1508
2.148
2.1444
2.146
2.1452
2.1468
2.148
2.1444
2.1496
2.1432
2.1472
2.1452
2.1424
2.1468
2.1472
2.1444
2.1476
2.1452
2.1472
2.1488
2.146
2.1488
2.1476
2.1452
2.1464
2.1448
2.146
2.1472
2.1464
2.148
2.1464
2.1468
2.1432
2.1452
2.1488
2.1464
2.148
2.1488
2.1488
2.1484
2.146
2.15
2.1492
2.148
2.1508
2.1484
2.1496
2.1488
2.1484
2.1512
2.1492
2.146
2.1456
2.146
2.1476
2.1464
2.15
2.1484
2.1488
2.144
2.1476
2.1484
2.1476
2.146
2.1508
2.1476
2.148
2.1488
2.152
2.1484
2.1524
2.148
2.1512
2.1508
2.1484
2.1528
2.1472
2.1488
2.152
2.1472
2.1448
2.1484
2.1488
2.1436
2.1508
2.1448
2.1484
2.1464
2.1472
2.148
2.1528
2.1472
2.1492
2.15
2.1512
2.15
2.1492
2.1528
2.1504
2.1496
2.1496
2.15
2.1472
2.1472
2.1456
2.1448
2.1488
2.1436
2.1476
2.1452
2.148
2.1476
2.1464
2.148
2.1496
2.1488
2.1472
2.148
2.1488
2.152
2.1524
2.1516
2.1524
2.1536
2.154
2.1472
2.1536
2.1476
2.1516
2.1496
2.1496
2.1484
2.1532
2.1488
2.1496
2.1472
2.148
2.1496
2.1508
2.1484
2.1484
2.1484
2.1516
2.15
2.1536
2.1516
2.1492
2.1516
2.1512
2.1508
2.1528
2.15
2.1528
2.1508
2.152
2.15
2.1492
2.1512
2.1488
2.1488
2.1484
2.1472
2.1516
2.1476
2.1484
2.15
2.1452
2.1492
2.1492
2.1472
2.15
2.146
2.1488
2.1508
2.1516
2.1512
2.1472
2.1528
2.1528
2.148
2.1508
2.1504
2.1536
2.1516
2.1508
2.1488
2.1504
2.148
2.15
2.1516
2.1444
2.1488
2.1492
2.1436
2.1484
2.1464
2.1476
2.1492
2.148
2.1508
2.1476
2.1508
2.1552
2.1524
2.154
2.1484
2.1516
2.1472
2.1488
2.152
2.1504
2.1508
2.1508
2.146
2.1472
2.148
2.148
2.1452
2.1488
2.144
2.146
2.1472
2.1492
2.146
2.1468
2.15
2.1504
2.1496
2.1512
2.1512
2.1512
2.1496
2.1552
2.1512
2.1504
2.1524
2.152
2.15
2.154
2.1484
2.1464
2.1496
2.15
2.1476
2.1492
2.1484
2.1496
2.1448
2.1492
2.1472
2.1472
2.1484
2.1492
2.15
2.1496
2.1524
2.1492
2.1524
2.1548
2.1488
2.1536
2.1488
2.1488
2.1536
2.15
2.1516
2.1496
2.15
2.1464
2.148
2.1484
2.1432
2.1484
2.146
2.1508
2.1472
2.1468
2.1448
2.1484
2.1488
2.1496
2.1512
2.1496
2.1504
2.1504
2.1528
2.152
2.152
2.1496
2.1536
2.1536
2.1492
2.1512
2.1492
2.1484
2.152
2.1484
2.146
2.1464
2.1436
2.1492
2.1496
2.1448
2.1448
2.144
2.1468
2.1504
2.1452
2.148
2.1508
2.1528
2.15
2.1536
2.1508
2.1516
2.1516
2.1516
2.1528
2.15
2.1516
2.1508
2.1476
2.1504
2.1444
2.1452
2.1496
2.1488
2.1484
2.1484
2.1476
2.1488
2.1496
2.1472
2.1472
2.1476
2.146
2.1508
2.15
2.1508
2.1524
2.1508
2.1516
2.1508
2.1528
2.1512
2.15
2.152
2.1488
2.15
2.1504
2.1488
2.1508
2.1484
2.1468
2.1472
2.1456
2.1472
2.146
2.1488
2.1464
2.1452
2.1492
2.154
2.1444
2.1472
2.148
2.148
2.1468
2.1512
2.1504
2.1508
2.1492
2.1512
2.15
2.1508
2.1496
2.1456
2.1464
2.1532
2.1492
2.1468
2.1484
2.1492
2.1436
2.15
2.1472
2.1492
2.1452
2.1472
2.15
2.1468
2.1484
2.1488
2.1488
2.1516
2.1516
2.1508
2.1476
2.1492
2.146
2.1444
2.1496
2.1464
2.14
2.1416
2.1444
2.1408
2.138
2.1356
2.1352
2.1356
2.1344
2.1328
2.1328
2.1344
2.1288
2.1292
2.1316
2.1272
2.1232
2.1272
2.1236
2.1228
2.1224
2.1172
2.1204
2.12
2.114
2.11
2.1076
2.1056
2.1012
2.1032
2.0992
2.098
2.094
2.0904
2.0884
2.086
2.082
2.0844
2.0844
2.0832
2.0772
2.072
2.0728
2.0752
2.0644
2.0684
2.0664
2.0632
2.0596
2.0588
2.0528
2.0528
2.0488
2.0492
2.0432
2.0408
2.0344
2.036
2.0344
2.0352
2.0252
2.0228
2.0216
2.0228
2.0156
2.0112
2.0096
2.0144
2.0092
2.0116
2.0048
2.0084
2.0004
2.0016
1.9996
1.9984
1.9928
1.9896
1.99
1.9916
1.988
1.984
1.9804
1.9824
1.9728
1.9716
1.9736
1.9704
1.9696
1.9628
1.9652
1.9648
1.9604
1.9576
1.958
1.9596
1.952
1.956
1.954
1.958
1.9504
1.9484
1.948
1.9492
1.9492
1.9412
1.9436
1.9448
1.9372
1.9392
1.9352
1.9344
1.9288
1.9336
1.9268
1.9312
1.9276
1.926
1.9244
1.9276
1.9228
1.9256
1.9208
1.9248
1.9208
1.924
1.9216
1.9216
1.9192
1.9196
1.9204
1.9192
1.9148
1.9128
1.9168
1.9156
1.9124
1.9116
1.9116
1.9116
1.9072
1.9044
1.906
1.9044
1.9016
1.906
1.9012
1.9072
1.9
1.9028
1.9028
1.904
1.9012
1.8992
1.9024
1.9036
1.898
1.9024
1.8972
1.9008
1.8948
1.8968
1.8996
1.8968
1.8968
1.8968
1.8952
1.8936
1.89
1.8924
1.8948
1.8964
1.8904
1.892
1.8904
1.8904
1.8936
1.8888
1.8908
1.8904
1.8896
1.8884
1.8916
1.894
1.8872
1.8888
1.8908
1.8896
1.8868
1.886
1.8848
1.8896
1.8872
1.8832
1.888
1.8836
1.8856
1.8852
1.8852
1.8888
1.8848
1.8816
1.8828
1.886
1.882
1.884
1.8844
1.8872
1.8884
1.8812
1.8852
1.89
1.8836
1.8848
1.8836
1.8836
1.886
1.8844
1.8864
1.8868
1.8856
1.8836
1.8832
1.8876
1.8832
1.8828
1.8864
1.8864
1.8904
1.888
1.8884
1.8908
1.886
1.8864
1.8876
1.8856
1.8856
1.886
1.8844
1.8872
1.8864
1.8872
1.8852
1.8856
1.882
1.884
1.8836
1.886
1.884
1.8876
1.8884
1.8888
1.8876
1.8852
1.888
1.8896
1.8856
1.89
1.8904
1.8904
1.8916
1.8892
1.8872
1.8904
1.8872
1.8896
1.8924
1.89
1.8884
1.8864
1.8872
1.8948
1.89
1.8868
1.8876
1.8896
1.888
1.89
1.8944
1.8956
1.8904
1.8928
1.8932
1.8984
1.8984
1.8924
1.8984
1.898
1.894
1.8968
1.8908
1.8984
1.8936
1.894
1.8972
1.8984
1.8916
1.894
1.898
1.9004
1.8956
1.8996
1.9004
1.9048
1.9052
1.9024
1.9044
1.9076
1.9028
1.9036
1.9064
1.9096
1.902
1.9076
1.9056
1.908
1.9064
1.9056
1.9072
1.9052
1.902
1.9028
1.9052
1.9088
1.9044
1.904
1.9048
1.9076
1.9076
1.9092
1.9128
1.9104
1.9072
1.9108
1.912
1.9132
1.9128
1.9116
1.9164
1.916
1.9152
1.9136
1.9168
1.9168
1.9148
1.9148
1.9124
1.9172
1.9156
1.9128
1.9152
1.918
1.9152
1.9172
1.9192
1.9212
1.9188
1.9208
1.9228
1.92
1.9196
1.924
1.9216
1.9268
1.922
1.9244
1.928
1.9308
1.924
1.928
1.926
1.9272
1.9252
1.9268
1.9268
1.928
1.9236
1.926
1.9268
1.928
1.9272
1.9324
1.928
1.932
1.9304
1.9296
1.9304
1.934
1.9284
1.9352
1.9332
1.9352
1.9344
1.9352
1.936
1.9376
1.9388
1.938
1.9408
1.94
1.9384
1.9404
1.934
1.94
1.9392
1.9372
1.9392
1.9428
1.9368
1.9408
1.9416
1.9444
1.9416
1.9416
1.9452
1.9424
1.9456
1.9456
1.9492
1.952
1.9488
1.9492
1.9508
1.9572
1.95
1.952
1.9504
1.9492
1.9528
1.9492
1.9484
1.9564
1.95
1.9536
1.952
1.954
1.95
1.952
1.9544
1.9548
1.9532
1.9536
1.9596
1.9588
1.9548
1.9608
1.9592
1.9656
1.964
1.9656
1.966
1.9684
1.9636
1.964
1.9668
1.968
1.9648
1.9636
1.9628
1.9668
1.962
1.9616
1.9676
1.9664
1.9632
1.9692
1.9636
1.9708
1.9696
1.9708
1.9696
1.9724
1.9732
1.9704
1.9716
1.976
1.9736
1.976
1.978
1.978
1.976
1.978
1.9748
1.9784
1.9808
1.9752
1.9764
1.9796
1.9748
1.9772
1.972
1.9816
1.9772
1.9764
1.9768
1.9808
1.9832
1.9808
1.9812
1.9848
1.9828
1.9844
1.9868
1.9888
1.9864
1.9888
1.9896
1.9888
1.9908
1.9884
1.9876
1.9876
1.992
1.986
1.988
1.9928
1.9888
1.9876
1.9904
1.9876
1.9884
1.9912
1.99
1.9968
1.9904
1.9916
1.9984
1.9944
1.9992
1.9952
1.9984
2.0028
1.998
1.9972
2.002
2.002
1.9996
2
2.0012
2.0052
1.998
2.0008
2.0024
2.0016
2.0016
1.9976
2.0016
2.004
1.9992
2.0012
2.0016
2.0064
2.0048
2.0068
2.0072
2.012
2.0116
2.0104
2.0136
2.0144
2.0092
2.0108
2.014
2.0132
2.0144
2.0112
2.0132
2.012
2.0112
2.0088
2.012
2.0128
2.0108
2.012
2.0104
2.012
2.014
2.0112
2.0156
2.0212
2.018
2.0192
2.0208
2.0232
2.0196
2.0232
2.0196
2.0252
2.022
2.024
2.024
2.0304
2.0228
2.0216
2.026
2.0252
2.026
2.0216
2.022
2.0224
2.0244
2.0276
2.0248
2.028
2.022
2.0288
2.0312
2.0308
2.0304
2.0304
2.03
2.0376
2.0308
2.032
2.036
2.0352
2.0356
2.036
2.0352
2.036
2.0328
2.0308
2.0316
2.0344
2.0336
2.0316
2.032
2.034
2.0348
2.0384
2.036
2.0416
2.0396
2.0364
2.0432
2.0416
2.0384
2.0428
2.0428
2.0452
2.0436
2.0456
2.0436
2.0472
2.0436
2.0448
2.0472
2.0436
2.0428
2.0392
2.0432
2.0488
2.042
2.042
2.0448
2.0488
2.0432
2.044
2.048
2.0472
2.0448
2.05
2.0488
2.0496
2.0496
2.0488
2.0492
2.0524
2.0512
2.0524
2.0508
2.0528
2.0504
2.0508
2.05
2.0544
2.0492
2.0512
2.0536
2.054
2.0512
2.0532
2.0548
2.0564
2.0536
2.0544
2.0576
2.0596
2.0572
2.0584
2.0564
2.0612
2.0608
2.0568
2.0624
2.0604
2.0584
2.0608
2.0608
2.064
2.0596
2.0592
2.0616
2.0656
2.06
2.06
2.0648
2.0664
2.0632
2.0628
2.0628
2.0668
2.0644
2.066
2.0656
2.0672
2.0648
2.0664
2.0652
2.0688
2.068
2.0672
2.0648
2.074
2.0664
2.0684
2.0672
2.068
2.0716
2.0696
2.0736
2.0752
2.0716
2.0696
2.074
2.0716
2.072
2.078
2.0772
2.074
2.0732
2.0744
2.0768
2.0744
2.0724
2.072
2.0752
2.076
2.0736
2.0752
2.074
2.0776
2.078
2.076
2.0768
2.0768
2.0772
2.0812
2.082
2.0816
2.0744
2.08
2.0776
2.08
2.0776
2.08
2.0784
2.0828
2.0772
2.0816
2.0796
2.0856
2.0816
2.08
2.0788
2.0828
2.0804
2.0828
2.082
2.08
2.084
2.0804
2.0836
2.0844
2.0812
2.0828
2.0864
2.0868
2.0848
2.0832
2.0848
2.0916
2.082
2.0892
2.0872
2.0896
2.0872
2.086
2.0864
2.0884
2.0864
2.09
2.0848
2.0888
2.0868
2.084
2.0912
2.0892
2.0884
2.09
2.0888
2.0928
2.0904
2.0864
2.0928
2.0936
2.0904
2.094
2.09
2.0892
2.0924
2.0936
2.094
2.0956
2.0936
2.0952
2.0916
2.0944
2.0928
2.0924
2.0972
2.0904
2.0948
2.0964
2.0924
2.0948
2.096
2.0948
2.098
2.0956
2.0988
2.0956
2.0996
2.1008
2.0964
2.0984
2.102
2.104
2.0992
2.1028
2.0984
2.1024
2.0996
2.1012
2.1016
2.0996
2.1016
2.1004
2.0992
2.1016
2.098
2.098
2.1048
2.1032
2.0996
2.1024
2.1052
2.1052
2.1052
2.106
2.1052
2.11
2.1048
2.1072
2.1072
2.1068
2.1052
2.104
2.1084
2.1076
2.1084
2.1048
2.106
2.108
2.106
2.1048
2.1076
2.1104
2.1052
2.108
2.1092
2.1112
2.1068
2.1096
2.1076
2.1088
2.112
2.1104
2.1132
2.112
2.1092
2.1116
2.1124
2.1156
2.1108
2.1156
2.1156
2.116
2.1112
2.112
2.1124
2.1108
2.108
2.1104
2.1116
2.1144
2.1124
2.11
2.1128
2.1176
2.1116
2.1128
2.116
2.1136
2.1152
2.1156
2.1148
2.1152
2.118
2.1168
2.1164
2.1176
2.116
2.116
2.116
2.1192
2.118
2.1172
2.1172
2.1212
2.1176
2.1176
2.1156
2.1156
2.1156
2.1144
2.1148
2.1192
2.1188
2.1188
2.1204
2.1196
2.1164
2.1204
2.1212
2.1224
2.1216
2.1244
2.1204
2.1264
2.1204
2.1204
2.1272
2.1244
2.1236
2.124
2.1208
2.1208
2.1212
2.1232
2.1228
2.1224
2.118
2.1232
2.1184
2.1208
2.1208
2.1184
2.1228
2.1232
2.1232
2.1256
2.126
2.1308
2.1256
2.1272
2.1308
2.1292
2.1272
2.126
2.1292
2.1264
2.1244
2.1284
2.1272
2.128
2.1232
2.1236
2.1256
2.1288
2.1268
2.1264
2.1248
2.1264
2.1268
2.1304
2.1324
2.1308
2.1264
2.1288
2.1332
2.1344
2.1312
2.1308
2.1292
2.1332
2.1304
2.1308
2.13
2.1304
2.1288
2.1284
2.126
2.1336
2.1256
2.128
2.1288
2.126
2.124
2.1284
2.1308
2.1296
2.126
2.1284
2.1328
2.1304
2.1288
2.1336
2.1324
2.1376
2.1308
2.1336
2.1336
2.1376
2.1364
2.1348
2.1328
2.1348
2.1308
2.1352
2.1312
2.136
2.1312
2.132
2.1336
2.1312
2.1332
2.1348
2.132
2.136
2.1344
2.1312
2.1364
2.1372
2.1368
2.1348
2.1328
2.1328
2.1364
2.14
2.1368
2.138
2.1356
2.1356
2.1372
2.138
2.1332
2.1348
2.134
2.1372
2.134
2.1344
2.136
2.1324
2.1332
2.134
2.1368
2.1364
2.1376
2.136
2.1372
2.1408
2.1396
2.14
2.1392
2.142
2.142
2.1392
2.1412
2.1396
2.1444
2.1384
2.1408
2.14
2.136
2.1376
2.1404
2.1376
2.1376
2.1392
2.1364
2.1396
2.1404
2.1388
2.1376
2.138
2.1388
2.1376
2.136
2.1416
2.1388
2.1396
2.1416
2.1444
2.1432
2.142
2.1416
2.1432
2.1432
2.1444
2.1404
2.1424
2.1384
2.1416
2.142
2.1384
2.1392
2.1384
2.1392
2.1412
2.1384
2.1408
2.1396
2.1432
2.1408
2.1412
2.1448
2.1444
2.1464
2.1388
2.1452
2.1436
2.1444
2.1452
2.1424
2.1444
2.1428
2.1432
2.144
2.1448
2.142
2.1408
2.1388
2.1428
2.14
2.1408
2.1384
2.1384
2.1384
2.1404
2.1384
2.1428
2.1424
2.1428
2.1448
2.144
2.1432
2.1464
2.1436
2.1468
2.1464
2.1452
2.1512
2.1452
2.1456
2.1484
2.1424
2.1484
2.1436
2.1444
2.1456
2.1456
2.1432
2.1436
2.1452
2.1464
2.1432
2.1464
2.1464
2.148
2.1452
2.1468
2.1484
2.1468
2.148
2.1472
2.15
2.1484
2.1508
2.1456
2.1468
2.1496
2.1516
2.146
2.1496
2.1488
2.1452
2.1464
2.1436
2.1484
2.1464
2.1492
2.1476
2.1504
2.1476
2.1472
2.1492
2.1468
2.1504
2.1532
2.1456
2.1516
2.152
2.1496
2.1508
2.1528
2.1504
2.1516
2.1504
2.1512
2.15
2.1496
2.148
2.1488
2.148
2.1492
2.1484
2.1476
2.152
2.1464
2.1496
2.154
2.1516
2.1508
2.1508
2.1528
2.1492
2.1512
2.1544
2.1472
2.1516
2.1484
2.15
2.152
2.1492
2.152
2.1516
2.1532
2.1488
2.1508
2.152
2.1484
2.1488
2.1492
2.1484
2.1524
2.1492
2.1528
2.1516
2.1536
2.1508
2.152
2.1512
2.1512
2.1536
2.1504
2.1524
2.1572
2.152
2.1484
2.1516
2.1532
2.1504
2.154
2.152
2.1548
2.1516
2.1488
2.1504
2.152
2.148
2.1496
2.1516
2.1512
2.1508
2.156
2.1528
2.1556
2.1532
2.1504
2.154
2.1568
2.1512
2.1508
2.1536
2.1568
2.1524
2.1548
2.1524
2.1528
2.154
2.152
2.1532
2.1576
2.1504
2.1508
2.1496
2.1576
2.1532
2.1576
2.158
2.1528
2.1528
2.1528
2.1548
2.1568
2.1568
2.152
2.156
2.1516
2.1508
2.1508
2.1516
2.1532
2.1532
2.1524
2.1536
2.1548
2.1512
2.1528
2.1544
2.1524
2.1532
2.1544
2.1536
2.1568
2.156
2.1524
2.1552
2.156
2.1536
2.1584
2.1552
2.1564
2.156
2.1544
2.154
2.1596
2.1524
2.156
2.1584
2.1556
2.1572
2.1572
2.1552
2.1564
2.156
2.152
2.158
2.158
2.1572
2.1572
2.1572
2.1592
2.162
2.1552
2.1576
2.162
2.1572
2.158
2.1592
2.1604
2.158
2.1592
2.1584
2.1596
2.1576
2.1592
2.1576
2.1588
2.1572
2.1616
2.16
2.1576
2.16
2.1576
2.1584
2.16
2.158
2.1592
2.1624
2.1644
2.1604
2.16
2.16
2.1632
2.1624
2.1624
2.1632
2.162
2.1616
2.1604
2.1596
2.1632
2.1572
2.16
2.1596
2.1608
2.1592
2.1572
2.1596
2.16
2.1568
2.1592
2.1604
2.1604
2.158
2.1608
2.1636
2.1644
2.1644
2.1628
2.1616
2.1612
2.1628
2.1592
2.1612
2.1616
2.1588
2.1612
2.158
2.1644
2.1564
2.1564
2.1584
2.1596
2.1628
2.1624
2.1616
2.16
2.1592
2.1572
2.1636
2.1656
2.16
2.1608
2.1636
2.1636
2.1628
2.1644
2.1656
2.1608
2.1636
2.1632
2.1636
2.1636
2.1604
2.1612
2.1624
2.1612
2.16
2.1636
2.1592
2.1616
2.1588
2.1636
2.1612
2.1616
2.1644
2.16
2.164
2.1672
2.1624
2.1664
2.1672
2.166
2.1684
2.1664
2.1656
2.166
2.1612
2.1628
2.1616
2.164
2.16
2.1632
2.1616
2.1616
2.1568
2.1604
2.16
2.162
2.1616
2.1612
2.162
2.1624
2.1584
2.1628
2.1596
2.1632
2.164
2.162
2.1624
2.1656
2.1636
2.1656
2.1644
2.1644
2.1636
2.1628
2.1636
2.168
2.1616
2.164
2.1612
2.162
2.16
2.1624
2.1596
2.1648
2.1584
2.1584
2.1604
2.1624
2.1604
2.1616
2.1624
2.164
2.1652
2.1632
2.1632
2.1688
2.1624
2.1672
2.1656
2.1656
2.1652
2.1664
2.164
2.164
2.1628
2.1604
2.1628
2.1648
2.1596
2.1592
2.162
2.1624
2.1576
2.1632
2.1592
2.1624
2.1636
2.1672
2.1624
2.1668
2.1636
2.1652
2.1684
2.1668
2.1668
2.1676
2.168
2.1712
2.1588
2.168
2.1652
2.1648
2.164
2.1588
2.1644
2.1664
2.1604
2.1632
2.162
2.1644
2.1616
2.1604
2.1612
2.164
2.1632
2.1676
2.1664
2.1676
2.1688
2.168
2.1696
2.172
2.1664
2.1684
2.1672
2.1712
2.1652
2.1672
2.1644
2.1644
2.1648
2.162
2.1612
2.1652
2.1608
2.1616
2.1632
2.164
2.16
2.1608
2.1624
2.168
2.1604
2.1696
2.166
2.17
2.168
2.1664
2.1716
2.1716
2.1648
2.168
2.1708
2.1676
2.164
2.1664
2.1644
2.1652
2.1612
2.162
2.1624
2.164
2.1628
2.1624
2.162
2.1652
2.1616
2.164
2.1632
2.1644
2.1672
2.1704
2.1692
2.17
2.1676
2.1688
2.166
2.1696
2.1664
2.1664
2.1684
2.1652
2.1652
2.166
2.164
2.1668
2.1652
2.1636
2.1616
2.1656
2.1608
2.1604
2.1636
2.1664
2.166
2.1652
2.1672
2.1676
2.1668
2.168
2.1692
2.1692
2.1668
2.168
2.1712
2.172
2.17
2.17
2.1672
2.168
2.164
2.166
2.1656
2.166
2.1616
2.1668
2.1652
2.1684
2.1668
2.1636
2.1644
2.1644
2.1672
2.1656
2.1664
2.1656
2.1668
2.168
2.168
2.172
2.1656
2.1664
2.1688
2.1728
2.1672
2.168
2.1664
2.1684
2.1664
2.1688
2.1688
2.1696
2.1664
2.1656
2.1652
2.1692
2.1596
2.1648
2.168
2.1688
2.1644
2.1696
2.1668
2.1664
2.1668
2.1684
2.168
2.1724
2.1676
2.1692
2.1712
2.1692
2.1668
2.1684
2.168
2.168
2.166
2.168
2.1696
2.1672
2.164
2.1672
2.1656
2.1656
2.166
2.1628
2.1692
2.1688
2.1644
2.1664
2.17
2.17
2.1664
2.1684
2.168
2.1724
2.1704
2.17
2.1704
2.1748
2.1688
2.1696
2.1688
2.1696
2.1656
2.1672
2.164
2.1708
2.1636
2.1676
2.1668
2.1656
2.1672
2.1652
2.168
2.17
2.1704
2.1668
2.1716
2.1712
2.1696
2.1752
2.1716
2.1728
2.1688
2.168
2.174
2.1732
2.1688
2.1708
2.1684
2.1728
2.1692
2.1708
2.1696
2.1724
2.1656
2.17
2.1704
2.1752
2.1708
2.1704
2.1748
2.1704
2.17
2.1688
2.1672
2.1748
2.1716
2.1712
2.174
2.174
2.17
2.1704
2.1724
2.1728
2.1704
2.1728
2.1708
2.172
2.1732
2.1708
2.1712
2.172
2.1696
2.17
2.174
2.172
2.1716
2.172
2.17
2.1708
2.1724
2.1708
2.1732
2.1756
2.1716
2.1716
2.1724
2.1748
2.17
2.1772
2.1744
2.1768
2.17
2.1728
2.1732
2.1696
2.1704
2.172
2.174
2.1748
2.1708
2.1708
2.1736
2.1724
2.168
2.1688
2.176
2.1732
2.1704
2.1676
2.1716
2.1748
2.1724
2.174
2.1732
2.1756
2.1716
2.17
2.1724
2.1728
2.1712
2.1676
2.1744
2.1768
2.1704
2.1712
2.1732
2.1756
2.1724
2.1752
2.174
2.1756
2.1748
2.1748
2.1752
2.1748
2.1732
2.1776
2.1752
2.1772
2.1692
2.172
2.1728
2.1748
2.1728
2.176
2.1756
2.1756
2.1704
2.1732
2.1748
2.174
2.172
2.1736
2.1752
2.176
2.1776
2.1712
2.174
2.1764
2.1732
2.1756
2.1752
2.1772
2.1728
2.174
2.1704
2.174
2.1708
2.1724
2.1752
2.1748
2.1752
2.174
2.174
2.1784
2.174
2.1732
2.1764
2.1712
2.1728
2.174
2.1752
2.176
2.1756
2.1768
2.1768
2.1764
2.1752
2.1752
2.1744
2.1768
2.1724
2.172
2.1756
2.1792
2.1752
2.1748
2.1748
2.1732
2.1716
2.1728
2.1768
2.1748
2.1732
2.1732
2.1748
2.1796
2.174
2.1792
2.1788
2.1736
2.176
2.1768
2.1764
2.1748
2.1732
2.1748
2.1764
2.1788
2.1752
2.172
2.1736
2.174
2.1752
2.1704
2.174
2.176
2.1712
2.1752
2.1784
2.1764
2.172
2.1752
2.1728
2.1792
2.1748
2.1756
2.1776
2.18
2.1756
2.1772
2.174
2.174
2.176
2.1776
2.1776
2.1776
2.1756
2.1764
2.1756
2.1784
2.1788
2.1748
2.1764
2.1744
2.1776
2.1748
2.1784
2.1804
2.1764
2.1776
2.178
2.1796
2.1784
2.1748
2.1812
2.1772
2.1776
2.1776
2.1772
2.178
2.1764
2.1776
2.1756
2.1776
2.1724
2.1752
2.1752
2.1824
2.174
2.176
2.1792
2.1752
2.1716
2.1768
2.176
2.1768
2.1724
2.1768
2.1788
2.178
2.1764
2.1768
2.1784
2.1792
2.1736
2.1796
2.1756
2.1752
2.1736
2.1724
2.174
2.1756
2.1732
2.1752
2.1748
2.1704
2.1748
2.1732
2.174
2.1796
2.1704
2.172
2.1776
2.178
2.1748
2.1776
2.1768
2.178
2.1776
2.1748
2.1804
2.1752
2.1744
2.1776
2.1732
2.1776
2.1744
2.1724
2.1732
2.1772
2.1716
2.176
2.1724
2.1724
2.1724
2.1756
2.1764
2.1756
2.1768
2.1768
2.18
2.176
2.1776
2.1792
2.176
2.1808
2.174
2.1788
2.1764
2.1768
2.1764
2.176
2.1776
2.1788
2.1744
2.1748
2.1732
2.1716
2.1732
2.1728
2.1756
2.1776
2.1752
2.1724
2.1744
2.1748
2.1732
2.1796
2.174
2.1792
2.1788
2.1784
2.1768
2.1776
2.1748
2.1788
2.1764
2.1764
2.1744
2.176
2.1748
2.1744
2.1736
2.176
2.1764
2.1748
2.1704
2.1724
2.1748
2.1756
2.1752
2.174
2.1792
2.1748
2.1756
2.1724
2.176
2.1772
2.1776
2.1788
2.1772
2.178
2.1768
2.1764
2.1756
2.1776
2.1776
2.1788
2.18
2.1732
2.1744
2.1756
2.172
2.1784
2.172
2.1732
2.1744
2.1728
2.1744
2.1756
2.176
2.178
2.1764
2.1764
2.1784
2.1796
2.1776
2.1784
2.1792
2.1816
2.1796
2.18
2.1776
2.1824
2.178
2.1772
2.1796
2.1784
2.1764
2.1776
2.1784
2.1768
2.1764
2.178
2.1748
2.1784
2.1752
2.1768
2.1752
2.1784
2.1784
2.1772
2.1812
2.1804
2.1776
2.1796
2.1792
2.1816
2.1808
2.184
2.184
2.1824
2.1832
2.182
2.1808
2.1796
2.178
2.1784
2.1752
2.178
2.178
2.1752
2.1752
2.1784
2.1768
2.18
2.1776
2.1784
2.18
2.1796
2.1788
2.18
2.1772
2.18
2.1824
2.1848
2.1828
2.182
2.182
2.1844
2.178
2.18
2.1812
2.1788
2.1764
2.174
2.1728
2.1792
2.176
2.1764
2.1772
2.1764
2.174
2.1772
2.1792
2.178
2.1792
2.1776
2.1796
2.1824
2.1808
2.1844
2.182
2.1868
2.1784
2.184
2.1828
2.1828
2.178
2.1808
2.1776
2.1776
2.1752
2.1732
2.1776
2.178
2.1736
2.176
2.1772
2.18
2.1764
2.176
2.1788
2.1816
2.1772
2.1816
2.184
2.186
2.1816
2.182
2.1832
2.184
2.1808
2.1848
2.178
2.1832
2.1772
2.178
2.1788
2.178
2.1788
2.1772
2.1772
2.1808
2.178
2.1776
2.1792
2.1776
2.1784
2.176
2.176
2.1824
2.18
2.1784
2.1804
2.1808
2.1812
2.1776
2.1824
2.1792
2.1768
2.182
2.1812
2.1812
2.1788
2.176
2.1812
2.1816
2.178
2.178
2.1788
2.18
2.1764
2.1796
2.1772
2.1776
2.1788
2.1776
2.1788
2.1788
2.1788
2.1804
2.182
2.1816
2.1788
2.182
2.1804
2.1808
2.1784
2.1772
2.1788
2.18
2.1776
2.1772
2.1776
2.1796
2.1748
2.1772
2.1748
2.1776
2.1772
2.1812
2.1808
2.18
2.1808
2.178
2.1796
2.1816
2.1792
2.1808
2.1788
2.182
2.1796
2.1768
2.18
2.1772
2.1784
2.1776
2.1792
2.1788
2.18
2.1784
2.1784
2.1808
2.178
2.1796
2.1816
2.1784
2.1776
2.1812
2.1772
2.1824
2.1804
2.1776
2.1784
2.1812
2.1792
2.1804
2.1776
2.18
2.1796
2.1804
2.1788
2.18
2.1748
2.1796
2.1796
2.1784
2.1796
2.1784
2.1776
2.18
2.1784
2.1788
2.1776
2.1796
2.18
2.18
2.1832
2.182
2.1824
2.1788
2.1792
2.1812
2.1796
2.1768
2.1796
2.1812
2.1776
2.1796
2.1796
2.1812
2.18
2.1796
2.1788
2.1824
2.1768
2.176
2.1784
2.1788
2.178
2.1792
2.18
2.1804
2.1816
2.18
2.1776
2.1808
2.1792
2.1748
2.1784
2.1788
2.1776
2.176
2.1788
2.1816
2.1792
2.1776
2.1776
2.1824
2.1792
2.1796
2.18
2.1768
2.1788
2.1776
2.1824
2.1784
2.1808
2.18
2.1812
2.1816
2.176
2.1792
2.18
2.1804
2.1788
2.178
2.1804
2.1824
2.178
2.1816
2.1796
2.1808
2.1812
2.1784
2.1808
2.1816
2.1788
2.1792
2.1776
2.1824
2.1792
2.18
2.1824
2.1824
2.1748
2.1812
2.1804
2.1832
2.1808
2.1824
2.178
2.1812
2.1764
2.1768
2.1796
2.1808
2.1792
2.178
2.1816
2.1812
2.1784
2.1796
2.1788
2.18
2.1784
2.1788
2.182
2.1792
2.1792
2.1792
2.1804
2.1828
2.1804
2.1796
2.1792
2.1828
2.1772
2.1812
2.1812
2.1824
2.176
2.1804
2.1792
2.1788
2.1796
2.1796
2.1804
2.18
2.1756
2.1812
2.1792
2.1852
2.182
2.1796
2.18
2.1816
2.1808
2.182
2.1808
2.1852
2.1804
2.1848
2.1844
2.1804
2.18
2.1796
2.18
2.1848
2.1808
2.182
2.1828
2.1816
2.1772
2.1804
2.1796
2.1796
2.1788
2.174
2.18
2.1824
2.1812
2.1788
2.1812
2.182
2.1788
2.1848
2.182
2.1848
2.1812
2.1804
2.1796
2.1824
2.1812
2.184
2.1852
2.184
2.182
2.1832
2.18
2.184
2.1788
2.182
2.18
2.1804
2.1784
2.178
2.1788
2.1812
2.1804
2.1812
2.1828
2.1808
2.1804
2.1812
2.1812
2.186
2.1808
2.1828
2.1852
2.1844
2.1808
2.1804
2.1828
2.1788
2.1792
2.18
2.1784
2.1788
2.176
2.1784
2.1796
2.1796
2.1796
2.1792
2.18
2.1804
2.18
2.1816
2.184
2.186
2.1796
2.1844
2.1832
2.184
2.1816
2.182
2.1844
2.1816
2.1796
2.1848
2.178
2.1816
2.1764
2.1788
2.1788
2.178
2.176
2.1748
2.176
2.1804
2.1744
2.176
2.1808
2.1824
2.1764
2.1792
2.1796
2.1812
2.1808
2.1792
2.1836
2.1852
2.1788
2.1816
2.1816
2.1828
2.182
2.178
2.178
2.182
2.1812
2.176
2.1788
2.1776
2.1768
2.176
2.1776
2.1776
2.1768
2.178
2.176
2.1824
2.1828
2.1788
2.1804
2.1824
2.1808
2.1796
2.18
2.1848
2.1816
2.182
2.1804
2.1796
2.1772
2.1776
2.1772
2.1796
2.1756
2.1764
2.1748
2.182
2.1732
2.1784
2.1784
2.1784
2.1764
2.1812
2.1776
2.182
2.1764
2.1796
2.184
2.1816
2.1828
2.1836
2.1804
2.182
2.1804
2.178
2.1816
2.1788
2.1768
2.1792
2.178
2.1788
2.1792
2.1784
2.178
2.1812
2.1764
2.1776
2.1784
2.1792
2.1768
2.1808
2.1772
2.1784
2.1792
2.1804
2.178
2.1832
2.1808
2.184
2.182
2.1828
2.1776
2.1812
2.1788
2.178
2.1768
2.1752
2.174
2.1768
2.1732
2.1776
2.1768
2.176
2.1776
2.1768
2.1776
2.1784
2.1764
2.1764
2.1824
2.182
2.1784
2.1824
2.1836
2.1832
2.1808
2.1804
2.1804
2.182
2.1772
2.1784
2.1776
2.1784
2.1756
2.1744
2.1772
2.178
2.176
2.176
2.1812
2.1784
2.176
2.1764
2.1764
2.1792
2.1768
2.1824
2.1796
2.1816
2.1812
2.1828
2.1816
2.1796
2.182
2.1832
2.1788
2.1812
2.1808
2.182
2.1804
2.1812
2.1788
2.1764
2.1752
2.1796
2.1784
2.178
2.1772
2.1784
2.174
2.1776
2.178
2.1796
2.178
2.1812
2.178
2.1784
2.1792
2.1784
2.1796
2.184
2.1792
2.1808
2.184
2.1812
2.1792
2.1788
2.1792
2.1816
2.1764
2.178
2.176
2.1768
2.1728
2.1764
2.1784
2.178
2.1752
2.1776
2.1784
2.18
2.1796
2.1808
2.1792
2.18
2.178
2.1804
2.1804
2.1836
2.1828
2.18
2.1784
2.1816
2.1784
2.1788
2.1812
2.1776
2.1828
2.1748
2.1832
2.1792
2.1752
2.18
2.1768
2.178
2.1776
2.1764
2.1804
2.182
2.178
2.1812
2.1788
2.1788
2.182
2.1812
2.1832
2.184
2.1812
2.1804
2.1784
2.184
2.1828
2.1796
2.182
2.182
2.176
2.1792
2.1792
2.1788
2.1768
2.1764
2.1784
2.1808
2.1828
2.1804
2.1784
2.1824
2.1808
2.182
2.182
2.1828
2.1816
2.1812
2.1804
2.1816
2.1796
2.1784
2.1836
2.18
2.1772
2.1824
2.1816
2.1776
2.1792
2.178
2.178
2.1812
2.18
2.178
2.1776
2.1788
2.176
2.1776
2.1788
2.178
2.18
2.18
2.1776
2.1828
2.1796
2.1816
2.184
2.1804
2.1792
2.1788
2.1796
2.184
2.1792
2.1784
2.1772
2.1816
2.1796
2.178
2.1792
2.1792
2.1756
2.1804
2.178
2.182
2.1784
2.1776
2.178
2.178
2.1808
2.1808
2.1812
2.182
2.1824
2.1812
2.182
2.1836
2.1784
2.1772
2.1828
2.1824
2.1784
2.18
2.1812
2.1812
2.1812
2.1812
2.1816
2.1824
2.1808
2.1808
2.1772
2.1792
2.182
2.1768
2.1804
2.1856
2.1824
2.1824
2.182
2.1848
2.1824
2.1816
2.1848
2.182
2.1776
2.1796
2.1812
2.1792
2.176
2.1804
2.1792
2.184
2.1768
2.1784
2.1812
2.1788
2.1848
2.1772
2.1808
2.1824
2.1816
2.184
2.1816
2.1816
2.1816
2.1832
2.186
2.1844
2.1836
2.1844
2.1796
2.1808
2.1792
2.1788
2.18
2.182
2.1812
2.1784
2.182
2.1844
2.1848
2.184
2.1816
2.1832
2.1784
2.1808
2.1772
2.1816
2.1804
2.1824
2.1804
2.1832
2.1816
2.1812
2.1816
2.1836
2.1828
2.1792
2.1848
2.1836
2.178
2.1824
2.178
2.1816
2.1804
2.1804
2.1832
2.1824
2.1828
2.1824
2.18
2.1824
2.1808
2.1816
2.1816
2.1832
2.1816
2.1792
2.1804
2.1824
2.18
2.1832
2.18
2.1816
2.182
2.1796
2.182
2.1828
2.1784
2.1796
2.1836
2.1812
2.1796
2.1832
2.1804
2.1844
2.184
2.1804
2.1788
2.1844
2.1816
2.1796
2.1824
2.1844
2.18
2.1812
2.182
2.1824
2.178
2.1788
2.1808
2.1852
2.1812
2.1812
2.1812
2.18
2.1808
2.1812
2.1788
2.1852
2.1764
2.1832
2.1844
2.1828
2.186
2.1828
2.1832
2.1844
2.1832
2.1832
2.1816
2.1848
2.1824
2.1816
2.1844
2.1808
2.184
2.1816
2.1828
2.1852
2.1812
2.1832
2.1836
2.184
2.1796
2.1868
2.184
2.184
2.188
2.186
2.1852
2.1868
2.184
2.184
2.1844
2.1868
2.184
2.1872
2.184
2.1828
2.184
2.182
2.1836
2.1848
2.184
2.1848
2.1844
2.1832
2.1848
2.1832
2.1804
2.1864
2.1828
2.1848
2.186
2.186
2.1852
2.1836
2.184
2.1916
2.1852
2.1864
2.1844
2.188
2.1872
2.1896
2.1868
2.1888
2.1832
2.1844
2.1828
2.1896
2.184
2.184
2.184
2.1864
2.184
2.1844
2.1836
2.1832
2.1812
2.184
2.1892
2.1872
2.1856
2.1896
2.1884
2.1884
2.1872
2.1888
2.1904
2.1904
2.1872
2.1884
2.186
2.1888
2.1812
2.1876
2.1848
2.1848
2.1864
2.1828
2.1856
2.1856
2.182
2.1856
2.1872
2.186
2.186
2.1852
2.1872
2.188
2.1856
2.1904
2.1888
2.1928
2.1896
2.1872
2.1868
2.1904
2.1852
2.1876
2.1872
2.1832
2.1876
2.1848
2.1868
2.1876
2.18
2.184
2.1804
2.1856
2.184
2.184
2.1864
2.1912
2.1824
2.1868
2.186
2.188
2.1864
2.188
2.186
2.1916
2.1844
2.1888
2.1868
2.1912
2.1864
2.1868
2.1848
2.1876
2.1852
2.1836
2.188
2.1852
2.1856
2.186
2.1864
2.1872
2.1828
2.1844
2.1824
2.1868
2.188
2.1884
2.1884
2.1896
2.1872
2.188
2.1888
2.1924
2.188
2.1844
2.1916
2.1908
2.188
2.1852
2.1856
2.19
2.1844
2.1864
2.1848
2.1864
2.1812
2.1848
2.1856
2.1868
2.1824
2.188
2.1856
2.1904
2.1896
2.1864
2.1908
2.1904
2.1864
2.1916
2.1888
2.188
2.1876
2.1892
2.1876
2.1892
2.1856
2.1912
2.1848
2.1856
2.1844
2.1872
2.1856
2.1884
2.1844
2.1848
2.1848
2.188
2.1856
2.188
2.182
2.1888
2.1836
2.1924
2.188
2.1888
2.1864
2.1872
2.1904
2.1904
2.1896
2.188
2.188
2.1868
2.1888
2.1892
2.1888
2.1892
2.1844
2.1872
2.1852
2.1852
2.182
2.1856
2.184
2.1872
2.1872
2.1868
2.184
2.1868
2.1872
2.1928
2.188
2.1916
2.1876
2.1916
2.1916
2.1936
2.188
2.1932
2.1912
2.1924
2.1908
2.1852
2.1888
2.1848
2.1872
2.184
2.1816
2.1872
2.1828
2.1816
2.1836
2.1868
2.1824
2.1864
2.188
2.188
2.1848
2.1904
2.1892
2.1896
2.188
2.1924
2.1916
2.1932
2.1904
2.1876
2.1888
2.1932
2.188
2.1832
2.1884
2.1872
2.1824
2.1892
2.1832
2.1816
2.1824
2.1808
2.1836
2.1828
2.1844
2.1828
2.1844
2.1876
2.1852
2.1888
2.1864
2.1888
2.186
2.1908
2.1876
2.19
2.1864
2.1848
2.1876
2.1884
2.1852
2.1852
2.1808
2.1872
2.1856
2.1844
2.1816
2.1856
2.1828
2.184
2.1844
2.1848
2.1812
2.186
2.1876
2.186
2.1908
2.1852
2.1852
2.188
2.1824
2.1856
2.1872
2.188
2.186
2.1872
2.188
2.1872
2.1856
2.1812
2.1864
2.1876
2.1832
2.1848
2.1852
2.184
2.1848
2.186
2.1824
2.1896
2.186
2.1868
2.1868
2.1868
2.1872
2.1876
2.1864
2.1908
2.1872
2.19
2.1884
2.1864
2.1824
2.1852
2.1844
2.1872
2.1856
2.1872
2.1852
2.1864
2.18
2.184
2.1824
2.1836
2.1864
2.1828
2.1852
2.186
2.1828
2.1896
2.1844
2.1832
2.186
2.1868
2.1848
2.1876
2.1868
2.1832
2.1896
2.1868
2.184
2.1892
2.1852
2.1872
2.186
2.184
2.1868
2.1844
2.1844
2.1808
2.1832
2.1884
2.1812
2.1868
2.1856
2.1908
2.1908
2.186
2.19
2.1856
2.1852
2.1876
2.1828
2.1872
2.1856
2.188
2.1872
2.1848
2.1864
2.184
2.1848
2.1868
2.182
2.1832
2.1836
2.1848
2.1816
2.1856
2.1824
2.1864
2.184
2.1844
2.188
2.1872
2.1844
2.1864
2.1888
2.1872
2.1864
2.1884
2.184
2.1872
2.184
2.1884
2.1856
2.1892
2.1844
2.1812
2.1868
2.1824
2.1872
2.1864
2.1848
2.1872
2.1816
2.184
2.1872
2.1852
2.186
2.186
2.1836
2.1832
2.186
2.1848
2.1852
2.1888
2.186
2.188
2.1896
2.1864
2.1848
2.1852
2.1864
2.1848
2.1864
2.1848
2.1856
2.1868
2.186
2.186
2.1872
2.188
2.1876
2.186
2.1876
2.1892
2.1868
2.1844
2.1836
2.1868
2.1856
2.186
2.186
2.1896
2.1836
2.1844
2.1868
2.186
2.1872
2.1844
2.1836
2.1848
2.1868
2.1872
2.186
2.188
2.1864
2.188
2.1844
2.1868
2.1868
2.1884
2.1856
2.1888
2.186
2.1864
2.1872
2.1872
2.188
2.1888
2.1848
2.1836
2.1852
2.1844
2.1848
2.186
2.1848
2.1864
2.184
2.1884
2.1852
2.1876
2.188
2.19
2.1872
2.1864
2.1864
2.1884
2.1844
2.1892
2.1836
2.1848
2.1836
2.1884
2.1844
2.1864
2.1812
2.1836
2.1812
2.184
2.1856
2.1824
2.1828
2.1832
2.1816
2.1852
2.18
2.1876
2.1824
2.1872
2.1884
2.1856
2.1896
2.1828
2.1876
2.1876
2.1824
2.1828
2.188
2.188
2.1848
2.184
2.1796
2.1856
2.1852
2.1816
2.1836
2.1872
2.1808
2.1812
2.182
2.1844
2.1856
2.1844
2.1832
2.1828
2.1848
2.1856
2.1852
2.188
2.186
2.1836
2.1828
2.1848
2.1864
2.1832
2.1904
2.184
2.1808
2.1856
2.1836
2.184
2.1824
2.1804
2.1812
2.182
2.1812
2.1836
2.1836
2.1872
2.1812
2.182
2.1848
2.1908
2.1876
2.1868
2.1864
2.1852
2.1864
2.1884
2.1844
2.1876
2.1856
2.1852
2.182
2.1852
2.1844
2.1844
2.1864
2.1844
2.1828
2.1792
2.182
2.182
2.1796
2.1808
2.1836
2.1864
2.1808
2.1864
2.1856
2.1864
2.1864
2.1864
2.1856
2.1852
2.1852
2.1864
2.1884
2.1868
2.1816
2.1876
2.1828
2.184
2.1796
2.1844
2.1836
2.184
2.1788
2.1812
2.1816
2.184
2.1816
2.1828
2.1792
2.1872
2.1832
2.1832
2.1852
2.1864
2.1868
2.1864
2.1856
2.1888
2.186
2.1872
2.1856
2.1884
2.1824
2.1856
2.1892
2.1844
2.184
2.1828
2.182
2.186
2.182
2.1816
2.1836
2.1816
2.1808
2.1844
2.1828
2.1876
2.1804
2.1848
2.1848
2.1848
2.186
2.1848
2.182
2.1884
2.1844
2.1872
2.1848
2.1888
2.1872
2.1864
2.1856
2.188
2.1828
2.1848
2.184
2.1824
2.1804
2.1804
2.1792
2.1832
2.1808
2.1808
2.178
2.1812
2.1792
2.1828
2.1824
2.1792
2.1848
2.1836
2.1872
2.1888
2.1848
2.188
2.1872
2.1876
2.1836
2.1856
2.1856
2.186
2.1848
2.1832
2.1836
2.1836
2.1816
2.1808
2.184
2.1832
2.1828
2.18
2.1836
2.1836
2.1836
2.1844
2.1864
2.1872
2.1852
2.1832
2.1828
2.1868
2.1872
2.1876
2.186
2.1884
2.1852
2.184
2.184
2.1844
2.182
2.182
2.1812
2.1844
2.1816
2.1796
2.1808
2.1828
2.1768
2.1792
2.1816
2.1788
2.1796
2.1848
2.184
2.1904
2.184
2.1832
2.1884
2.1884
2.1856
2.1848
2.1832
2.1872
2.186
2.186
2.1856
2.1828
2.1804
2.1804
2.1852
2.1804
2.1804
2.1828
2.178
2.1816
2.18
2.182
2.1812
2.1832
2.1848
2.1856
2.1872
2.1844
2.1856
2.1848
2.1848
2.1856
2.1844
2.184
2.184
2.186
2.1816
2.1852
2.1844
2.1844
2.1804
2.184
2.1812
2.1848
2.1816
2.1788
2.178
2.1856
2.1788
2.1828
2.1804
2.1848
2.184
2.184
2.1852
2.1872
2.1844
2.184
2.1816
2.19
2.1836
2.1836
2.184
2.1848
2.1828
2.1868
2.1828
2.184
2.178
2.1784
2.1836
2.1816
2.1796
2.1812
2.1812
2.1804
2.1804
2.184
2.1808
2.186
2.1828
2.1812
2.1864
2.1844
2.184
2.184
2.1844
2.1832
2.1884
2.1828
2.1856
2.1872
2.1824
2.1844
2.1812
2.1828
2.1792
2.18
2.1816
2.1836
2.1788
2.1812
2.182
2.1816
2.1808
2.1808
2.1844
2.1844
2.1812
2.1824
2.1804
2.1848
2.1832
2.1856
2.184
2.186
2.1832
2.1848
2.1836
2.1872
2.1832
2.1824
2.1804
2.1824
2.1804
2.1804
2.182
2.1796
2.1828
2.1804
2.1804
2.184
2.1828
2.1864
2.1852
2.1848
2.1828
2.184
2.1856
2.1872
2.1832
2.1856
2.1856
2.188
2.1836
2.1852
2.1844
2.182
2.1852
2.1828
2.1824
2.1848
2.18
2.1828
2.1808
2.1824
2.1812
2.1828
2.184
2.1848
2.1804
2.1816
2.1796
2.1844
2.184
2.1808
2.1844
2.1844
2.1796
2.1872
2.1824
2.184
2.1852
2.1848
2.1836
2.1844
2.1832
2.1824
2.1816
2.184
2.1836
2.1812
2.1856
2.1824
2.1784
2.1832
2.1836
2.1832
2.1832
2.1836
2.1844
2.1864
2.1816
2.184
2.186
2.1852
2.184
2.1864
2.184
2.1832
2.1808
2.184
2.182
2.1848
2.1844
2.186
2.1828
2.1796
2.182
2.1824
2.182
2.1876
2.1808
2.1832
2.1788
2.1844
2.1844
2.1836
2.1832
2.186
2.186
2.1876
2.1844
2.188
2.186
2.1844
2.1828
2.1848
2.182
2.1844
2.1836
2.184
2.1824
2.1864
2.1836
2.1828
2.1828
2.1848
2.1808
2.184
2.1828
2.1852
2.18
2.188
2.182
2.1856
2.1864
2.1864
2.184
2.1848
2.1868
2.1864
2.1836
2.1884
2.1824
2.1872
2.1832
2.1792
2.1848
2.1852
2.184
2.1852
2.1832
2.1852
2.1844
2.1832
2.1816
2.1836
2.1784
2.182
2.1812
2.186
2.1844
2.1828
2.182
2.1856
2.1824
2.1844
2.1844
2.1844
2.184
2.1852
2.188
2.186
2.1824
2.1864
2.1824
2.1884
2.1816
2.1816
2.1824
2.1848
2.184
2.1848
2.186
2.1852
2.1836
2.1872
2.1844
2.1864
2.1864
2.1868
2.1848
2.1852
2.1852
2.182
2.1816
2.1836
2.1792
2.1824
2.184
2.1844
2.1852
2.1848
2.1844
2.1868
2.1844
2.184
2.1836
2.1828
2.186
2.1812
2.1808
2.1864
2.1828
2.1856
2.1844
2.1844
2.184
2.1832
2.184
2.1848
2.184
2.1828
2.1864
2.1864
2.1824
2.184
2.186
2.1828
2.1812
2.1848
2.184
2.1876
2.1856
2.1828
2.184
2.1868
2.1852
2.1844
2.1844
2.1864
2.1836
2.1844
2.186
2.1876
2.1844
2.186
2.1864
2.186
2.1848
2.186
2.1832
2.1832
2.1828
2.1816
2.1856
2.1844
2.1824
2.1844
2.1844
2.1868
2.184
2.1852
2.1832
2.1892
2.1824
2.186
2.1884
2.1848
2.1852
2.1852
2.1808
2.1856
2.1852
2.1812
2.184
2.1856
2.1836
2.1832
2.1816
2.1844
2.1832
2.1832
2.1832
2.1864
2.1796
2.1844
2.1844
2.1864
2.1864
2.1884
2.1868
2.1856
2.1868
2.1888
2.186
2.1868
2.1836
2.1832
2.1868
2.186
2.1852
2.186
2.1824
2.1828
2.1836
2.186
2.182
2.1852
2.1836
2.1828
2.1828
2.1876
2.184
2.1832
2.1872
2.1876
2.1868
2.19
2.1872
2.1896
2.1844
2.1852
2.1872
2.1868
2.186
2.1844
2.1832
2.1868
2.1816
2.1828
2.1808
2.1868
2.1796
2.18
2.1804
2.1864
2.1816
2.1852
2.1848
2.188
2.1824
2.1876
2.1864
2.1884
2.1908
2.1856
2.1864
2.19
2.186
2.186
2.1848
2.188
2.1864
2.1816
2.1848
2.1864
2.1848
2.1808
2.1844
2.1808
2.18
2.1848
2.1816
2.1852
2.1808
2.178
2.1812
2.1824
2.1848
2.1876
2.1864
2.1888
2.1836
2.184
2.1864
2.1832
2.182
2.1856
2.1844
2.1868
2.1816
2.1836
2.184
2.1824
2.1824
2.1812
2.18
2.1824
2.184
2.1812
2.184
2.188
2.1828
2.1828
2.184
2.1876
2.188
2.1868
2.1852
2.1888
2.1816
2.1848
2.1852
2.1856
2.1812
2.1844
2.1812
2.1864
2.1816
2.1824
2.1824
2.1856
2.1796
2.1844
2.1812
2.1816
2.1824
2.1804
2.1844
2.1832
2.1824
2.1816
2.1836
2.1856
2.184
2.1856
2.1872
2.1884
2.1892
2.1884
2.1852
2.1912
2.1832
2.186
2.1856
2.1832
2.1804
2.1836
2.1808
2.184
2.1816
2.1828
2.1816
2.1816
2.18
2.1824
2.184
2.1844
2.1836
2.1848
2.1836
2.1864
2.1848
2.184
2.1904
2.1876
2.186
2.1888
2.1888
2.186
2.186
2.1876
2.184
2.1888
2.1788
2.1832
2.1836
2.1852
2.1812
2.1804
2.1876
2.184
2.1824
2.1856
2.1824
2.1852
2.1848
2.1864
2.188
2.1888
2.1868
2.1892
2.186
2.1884
2.1872
2.188
2.1868
2.1872
2.1868
2.1868
2.186
2.19
2.1816
2.1828
2.1864
2.178
2.1808
2.1836
2.1844
2.184
2.1816
2.186
2.186
2.1848
2.1836
2.1876
2.188
2.1892
2.1856
2.1896
2.1896
2.1912
2.1872
2.1852
2.1868
2.1872
2.1868
2.1856
2.1844
2.1844
2.1816
2.182
2.1828
2.1864
2.1836
2.1832
2.1844
2.1856
2.182
2.184
2.1868
2.1876
2.1848
2.1848
2.1864
2.1864
2.1872
2.1884
2.1896
2.1904
2.1892
2.1868
2.1888
2.1872
2.1856
2.1868
2.1844
2.1844
2.1828
2.1852
2.1848
2.1864
2.1856
2.1828
2.1812
2.1856
2.1796
2.1824
2.1832
2.186
2.186
2.1876
2.186
2.188
2.1892
2.1892
2.188
2.1884
2.1916
2.1884
2.188
2.1872
2.182
2.1848
2.1824
2.1844
2.1804
2.1848
2.1848
2.1836
2.1784
2.1832
2.1816
2.1848
2.1848
2.1852
2.184
2.1896
2.1852
2.1892
2.1892
2.1892
2.1884
2.1868
2.1884
2.1884
2.1864
2.1884
2.1864
2.1896
2.188
2.1876
2.1852
2.1872
2.1896
2.186
2.1816
2.1856
2.18
2.1824
2.1852
2.1872
2.182
2.186
2.1884
2.1908
2.1872
2.1852
2.1856
2.188
2.1824
2.1868
2.1864
2.1872
2.1828
2.1844
2.1848
2.188
2.182
2.1892
2.1872
2.184
2.184
2.1852
2.1828
2.1836
2.1816
2.1828
2.184
2.1828
2.1856
2.1848
2.188
2.1872
2.1852
2.1864
2.1884
2.1872
2.1848
2.186
2.1864
2.186
2.1856
2.1844
2.1852
2.1868
2.186
2.1864
2.1824
2.1864
2.1828
2.1824
2.1852
2.1868
2.1844
2.1836
2.1872
2.184
2.1852
2.1836
2.1836
2.1816
2.1828
2.1796
2.1856
2.1884
2.1824
2.1856
2.1864
2.1876
2.1864
2.1844
2.1864
2.186
2.182
2.184
2.1864
2.1868
2.1836
2.1836
2.1824
2.1836
2.1828
2.1816
2.1848
2.186
2.1804
2.1848
2.1812
2.1876
2.1824
2.1828
2.184
2.1844
2.1848
2.1844
2.1816
2.1836
2.18
2.1796
2.1824
2.1836
2.1808
2.1824
2.182
2.1816
2.1824
2.1812
2.182
2.1816
2.18
2.18
2.1804
2.18
2.1824
2.1816
2.1832
2.1804
2.1796
2.1828
2.1844
2.1852
2.1792
2.1804
2.1808
2.1832
2.1832
2.1804
2.1828
2.1832
2.1796
2.1824
2.1776
2.1832
2.18
2.1828
2.1828
2.1804
2.1796
2.1808
2.1812
2.1824
2.1816
2.1796
2.1828
2.1852
2.182
2.18
2.1792
2.1804
2.182
2.1824
2.1816
2.182
2.1764
2.1796
2.1836
2.1824
2.1796
2.1808
2.1812
2.1796
2.1804
2.1832
2.1792
2.1808
2.1812
2.1808
2.1824
2.1828
2.1792
2.1804
2.184
2.1812
2.1796
2.1796
2.1776
2.1816
2.1788
2.1816
2.1796
2.1828
2.1776
2.1784
2.1812
2.1832
2.1804
2.182
2.1812
2.1864
2.1788
2.1824
2.1828
2.1832
2.1788
2.1804
2.1804
2.1836
2.1788
2.1796
2.1836
2.1816
2.182
2.1792
2.18
2.1784
2.1772
2.1804
2.1824
2.1804
2.1804
2.18
2.1816
2.1852
2.1844
2.1804
2.1836
2.1816
2.1816
2.1836
2.18
2.1824
2.1808
2.1788
2.178
2.1844
2.1768
2.1808
2.1804
2.1792
2.1776
2.1776
2.1804
2.1816
2.1772
2.1792
2.1804
2.182
2.1808
2.18
2.1816
2.1852
2.1788
2.18
2.1808
2.1804
2.1784
2.1796
2.1844
2.1816
2.1772
2.1792
2.1784
2.182
2.1808
2.1768
2.1808
2.1812
2.1752
2.1796
2.1768
2.1796
2.1752
2.1756
2.1768
2.1804
2.1808
2.1788
2.1776
2.1824
2.18
2.178
2.1816
2.1836
2.1796
2.1808
2.184
2.1784
2.1772
2.1832
2.1772
2.1812
2.1812
2.1748
2.178
2.18
2.178
2.1764
2.1764
2.1812
2.1728
2.1788
2.1788
2.1764
2.178
2.1764
2.182
2.184
2.186
2.1828
2.184
2.1832
2.18
2.1828
2.1808
2.184
2.1788
2.1796
2.1792
2.1804
2.1768
2.1756
2.1792
2.1776
2.1752
2.1792
2.1784
2.1796
2.1764
2.178
2.1804
2.1828
2.176
2.1792
2.1788
2.18
2.18
2.1836
2.1796
2.1832
2.1784
2.1812
2.1808
2.18
2.1768
2.18
2.1772
2.178
2.1764
2.1744
2.1724
2.174
2.1748
2.1752
2.18
2.1764
2.1752
2.1772
2.1768
2.178
2.1784
2.1756
2.1784
2.1804
2.1796
2.18
2.1812
2.1804
2.1776
2.18
2.1804
2.1768
2.1776
2.1788
2.1756
2.1768
2.1724
2.1728
2.1748
2.1796
2.1728
2.1776
2.176
2.1736
2.1768
2.1764
2.178
2.1776
2.1752
2.1804
2.182
2.184
2.1824
2.1816
2.1776
2.1812
2.1772
2.1768
2.1788
2.1812
2.1756
2.1788
2.1736
2.1756
2.1772
2.1776
2.1764
2.1768
2.1752
2.1764
2.176
2.1812
2.1756
2.1776
2.1784
2.18
2.1796
2.1796
2.1792
2.1812
2.1788
2.1816
2.1764
2.1792
2.1788
2.1772
2.1804
2.1804
2.1792
2.1776
2.176
2.182
2.176
2.178
2.1776
2.1788
2.1752
2.1796
2.178
2.18
2.176
2.1816
2.1764
2.1812
2.1796
2.18
2.182
2.182
2.1804
2.1796
2.18
2.1808
2.1804
2.176
2.1832
2.1784
2.1772
2.1756
2.1756
2.1764
2.178
2.1764
2.1736
2.1796
2.176
2.1756
2.1756
2.1776
2.1776
2.1808
2.1788
2.1796
2.1804
2.1796
2.18
2.1836
2.1776
2.1796
2.18
2.1776
2.1824
2.1792
2.1796
2.1812
2.1756
2.178
2.1756
2.1796
2.1744
2.1756
2.1752
2.1788
2.174
2.1708
2.1772
2.1776
2.1784
2.1772
2.178
2.1792
2.1788
2.1784
2.1784
2.1816
2.1748
2.178
2.18
2.1784
2.178
2.1784
2.1772
2.1776
2.1728
2.1752
2.1752
2.1784
2.1764
2.1716
2.1744
2.1752
2.1748
2.1792
2.1752
2.1772
2.174
2.1792
2.1772
2.178
2.1768
2.178
2.1764
2.1796
2.1784
2.1796
2.18
2.178
2.1776
2.178
2.1768
2.1796
2.1748
2.1728
2.1716
2.1784
2.172
2.1764
2.1788
2.174
2.172
2.1776
2.1768
2.1808
2.1744
2.1764
2.1776
2.1808
2.1796
2.18
2.1784
2.1824
2.1784
2.1776
2.178
2.18
2.1764
2.1764
2.1792
2.1756
2.1716
2.1788
2.1744
2.1748
2.178
2.176
2.1788
2.1784
2.1756
2.1768
2.1756
2.1784
2.1768
2.1792
2.1772
2.1808
2.1804
2.1804
2.178
2.1808
2.1816
2.1756
2.1792
2.1808
2.1808
2.1764
2.1776
2.1804
2.1712
2.1764
2.1776
2.1788
2.1732
2.1768
2.1784
2.1756
2.176
2.1764
2.1756
2.1764
2.18
2.1776
2.1808
2.1812
2.1748
2.1788
2.1808
2.1792
2.1808
2.1808
2.1804
2.1828
2.1768
2.1784
2.176
2.1792
2.1796
2.1788
2.1764
2.1768
2.1764
2.1796
2.176
2.1772
2.1776
2.174
2.1788
2.1808
2.178
2.1804
2.182
2.1796
2.1816
2.1836
2.1796
2.1804
2.1796
2.178
2.1796
2.1812
2.178
2.1776
2.178
2.1788
2.1792
2.1776
2.178
2.1784
2.1768
2.1768
2.18
2.1792
2.1776
2.178
2.1768
2.1804
2.1756
2.18
2.1772
2.1792
2.178
2.178
2.1776
2.1808
2.1776
2.1752
2.178
2.1792
2.1756
2.1776
2.1736
2.1804
2.178
2.1788
2.1816
2.1784
2.1776
2.182
2.1784
2.1828
2.178
2.1796
2.1816
2.1804
2.1768
2.1808
2.1788
2.1804
2.1804
2.1808
2.1804
2.1812
2.1756
2.176
2.178
2.1776
2.1788
2.176
2.1768
2.1812
2.1776
2.1748
2.1796
2.1796
2.1768
2.1796
2.182
2.1796
2.178
2.1776
2.18
2.1772
2.1784
2.1772
2.1808
2.1768
2.1776
2.172
2.1768
2.1796
2.1756
2.1744
2.1752
2.1816
2.178
2.18
2.1796
2.1768
2.1772
2.1788
2.1796
2.18
2.1788
2.1816
2.1796
2.1808
2.1784
2.18
2.1792
2.1808
2.1768
2.1752
2.1804
2.1784
2.1768
2.1788
2.1796
2.176
2.1776
2.1764
2.1792
2.1816
2.1768
2.1796
2.1804
2.1804
2.1768
2.1804
2.1816
2.1804
2.1788
2.176
2.1792
2.18
2.1812
2.1808
2.1768
2.1768
2.1756
2.1776
2.1792
2.1812
2.1756
2.1764
2.1784
2.1788
2.1744
2.1796
2.178
2.1852
2.1796
2.1812
2.1804
2.1804
2.1804
2.1784
2.1812
2.1816
2.1808
2.1812
2.1816
2.1804
2.1796
2.178
2.1808
2.178
2.178
2.176
2.176
2.1796
2.1748
2.176
2.1808
2.1748
2.1768
2.1776
2.1784
2.184
2.18
2.1784
2.1816
2.182
2.1792
2.1808
2.18
2.1816
2.18
2.1808
2.1792
2.1804
2.1784
2.1776
2.1804
2.1764
2.1764
2.18
2.1776
2.1812
2.1768
2.1756
2.1744
2.1792
2.1788
2.1748
2.1784
2.18
2.1784
2.1828
2.1812
2.1828
2.178
2.1792
2.1812
2.178
2.1812
2.1816
2.1796
2.1808
2.1784
2.176
2.1756
2.1792
2.1792
2.176
2.178
2.1776
2.1764
2.1756
2.1776
2.1784
2.1772
2.1744
2.18
2.1816
2.1796
2.1816
2.1776
2.1836
2.1796
2.1808
2.1824
2.1764
2.178
2.1772
2.1756
2.1796
2.178
2.1776
2.1776
2.1748
2.176
2.1732
2.1772
2.1812
2.1764
2.1752
2.1756
2.1776
2.1756
2.1756
2.1772
2.18
2.1784
2.1792
2.1832
2.178
2.178
2.1804
2.1776
2.1816
2.1764
2.1804
2.1788
2.1804
2.176
2.1748
2.1768
2.178
2.174
2.1748
2.1728
2.1752
2.1716
2.1748
2.174
2.1764
2.1732
2.1792
2.1788
2.1796
2.1776
2.1796
2.1744
2.1808
2.176
2.1776
2.182
2.1816
2.1772
2.1776
2.1776
2.1736
2.1764
2.1756
2.172
2.1768
2.1728
2.1736
2.176
2.1748
2.1736
2.1736
2.1752
2.1752
2.176
2.176
2.1792
2.1816
2.1772
2.1796
2.1748
2.1808
2.1784
2.1768
2.1792
2.1796
2.1776
2.1768
2.1768
2.1752
2.176
2.1748
2.1756
2.1772
2.1748
2.1744
2.176
2.176
2.1728
2.18
2.1748
2.1776
2.1772
2.1768
2.18
2.1788
2.18
2.1788
2.1772
2.1816
2.1808
2.1772
2.178
2.1796
2.178
2.1768
2.1764
2.1772
2.1752
2.174
2.176
2.1804
2.1764
2.1712
2.174
2.1756
2.1768
2.1744
2.1784
2.178
2.1756
2.178
2.1784
2.1816
2.1808
2.1796
2.1788
2.1808
2.1804
2.1808
2.1784
2.178
2.1768
2.1776
2.1752
2.1768
2.1784
2.1732
2.1748
2.1752
2.1724
2.1756
2.1736
2.1752
2.1748
2.1732
2.1776
2.1776
2.1752
2.1772
2.1784
2.1808
2.178
2.1776
2.1796
2.1812
2.1804
2.1744
2.1784
2.1776
2.1768
2.1768
2.176
2.178
2.1748
2.1764
2.1768
2.1748
2.1704
2.176
2.1728
2.1788
2.1756
2.1756
2.1748
2.1776
2.178
2.1792
2.1812
2.18
2.1784
2.178
2.178
2.1796
2.1772
2.1772
2.1752
2.1812
2.1708
2.176
2.1724
2.1748
2.1728
2.174
2.1708
2.174
2.174
2.1756
2.1772
2.1784
2.174
2.1772
2.1776
2.1788
2.1816
2.1772
2.1784
2.1796
2.1804
2.1772
2.1784
2.1784
2.1768
2.1772
2.1788
2.1788
2.1736
2.1768
2.1764
2.1776
2.1724
2.1704
2.1748
2.1752
2.1748
2.1744
2.174
2.1748
2.1748
2.176
2.1768
2.1792
2.1752
2.1772
2.1792
2.18
2.1816
2.1788
2.1764
2.1816
2.1752
2.1776
2.1764
2.1764
2.1768
2.1788
2.1756
2.176
2.1748
2.1748
2.1784
2.1764
2.1772
2.1752
2.1724
2.1796
2.1768
2.1764
2.1788
2.178
2.174
2.1772
2.1748
2.1792
2.178
2.1764
2.18
2.1828
2.1748
2.178
2.1772
2.1756
2.1776
2.178
2.1744
2.1808
2.1764
2.1756
2.1788
2.18
2.174
2.1768
2.178
2.1808
2.178
2.178
2.1764
2.1828
2.1716
2.1748
2.1764
2.1756
2.1784
2.1764
2.176
2.1816
2.1732
2.1756
2.1796
2.178
2.174
2.1764
2.1808
2.176
2.1752
2.1744
2.1768
2.1756
2.1756
2.1752
2.176
2.1792
2.1776
2.1764
2.174
2.176
2.1748
2.1764
2.1772
2.18
2.1776
2.1756
2.1804
2.1768
2.1788
2.1752
2.176
2.1772
2.174
2.1764
2.1752
2.1764
2.1748
2.1776
2.1736
2.1752
2.1756
2.176
2.178
2.176
2.1728
2.1736
2.1776
2.1756
2.1776
2.1756
2.1736
2.1784
2.1744
2.1752
2.178
2.1776
2.1764
2.1812
2.178
2.1776
2.1724
2.1764
2.1748
2.1776
2.178
2.1756
2.1764
2.1744
2.174
2.1752
2.1776
2.1776
2.1768
2.1732
2.1748
2.1756
2.1736
2.1736
2.1784
2.1764
2.176
2.176
2.1776
2.178
2.1748
2.1764
2.1752
2.1764
2.176
2.1744
2.1732
2.1756
2.1748
2.1736
2.1752
2.174
2.176
2.1736
2.1756
2.1752
2.1752
2.1768
2.1752
2.1744
2.1752
2.172
2.1764
2.1768
2.1756
2.18
2.1764
2.1764
2.178
2.1744
2.1752
2.1764
2.172
2.1756
2.1736
2.1748
2.1712
2.1764
2.1728
2.178
2.172
2.1764
2.1756
2.1764
2.1712
2.1752
2.1768
2.1716
2.172
2.172
2.1744
2.1756
2.1728
2.1704
2.1744
2.174
2.1728
2.1768
2.1728
2.1788
2.1724
2.174
2.1812
2.176
2.178
2.1796
2.176
2.178
2.1756
2.1736
2.174
2.1756
2.1732
2.174
2.1748
2.1768
2.1712
2.1732
2.1772
2.1756
2.1728
2.1732
2.1724
2.174
2.1748
2.176
2.1756
2.18
2.1756
2.1756
2.1772
2.1764
2.1732
2.1772
2.174
2.1788
2.1792
2.1772
2.1764
2.1804
2.174
2.1764
2.1768
2.1748
2.1764
2.1768
2.1768
2.1808
2.1768
2.1772
2.1736
2.1756
2.1772
2.1764
2.1768
2.1784
2.1748
2.1776
2.1776
2.18
2.1768
2.1748
2.178
2.1772
2.1756
2.1796
2.1764
2.1792
2.1752
2.1748
2.1736
2.1772
2.1728
2.1752
2.1756
2.174
2.174
2.1768
2.1732
2.1792
2.1776
2.1768
2.1772
2.1784
2.1776
2.1784
2.1808
2.1776
2.1764
2.1748
2.1772
2.178
2.1768
2.1768
2.1748
2.1748
2.1736
2.1756
2.1764
2.1756
2.1732
2.1764
2.1744
2.1788
2.176
2.1748
2.1776
2.1776
2.1756
2.1784
2.1776
2.1812
2.1764
2.178
2.1776
2.1808
2.178
2.1776
2.1768
2.1772
2.176
2.178
2.174
2.1752
2.1764
2.1724
2.1712
2.176
2.1732
2.1748
2.1772
2.178
2.1744
2.176
2.1752
2.1816
2.1764
2.1784
2.18
2.1796
2.1808
2.1772
2.1732
2.1812
2.1788
2.1764
2.1788
2.178
2.174
2.1772
2.1776
2.1768
2.176
2.1736
2.1744
2.1732
2.1724
2.1764
2.1796
2.1812
2.1756
2.1772
2.1768
2.178
2.1776
2.174
2.1788
2.1808
2.1792
2.1808
2.1768
2.1856
2.18
2.18
2.1816
2.178
2.1756
2.1744
2.1744
2.1744
2.1756
2.1752
2.172
2.1768
2.1716
2.1748
2.176
2.176
2.174
2.1756
2.1728
2.1792
2.1768
2.1796
2.1792
2.18
2.178
2.1796
2.1796
2.178
2.1784
2.178
2.178
2.1804
2.1724
2.1768
2.1756
2.1752
2.1724
2.1712
2.1752
2.1752
2.1744
2.1736
2.1732
2.1768
2.1752
2.1748
2.178
2.1788
2.1776
2.1784
2.1776
2.178
2.178
2.1712
2.1788
2.1804
2.176
2.1756
2.174
2.1744
2.1752
2.1692
2.172
2.1776
2.1692
2.1736
2.174
2.1704
2.174
2.172
2.1752
2.1784
2.1764
2.1736
2.176
2.1768
2.1756
2.1784
2.1776
2.182
2.1748
2.1764
2.1772
2.1756
2.1764
2.1776
2.1756
2.1756
2.1724
2.1744
2.1732
2.174
2.1704
2.1736
2.1712
2.1744
2.1728
2.1744
2.172
2.1764
2.172
2.1732
2.176
2.1764
2.1752
2.1784
2.1732
2.1812
2.1732
2.1772
2.1756
2.1768
2.1724
2.174
2.1748
2.1748
2.1708
2.1708
2.1744
2.176
2.1756
2.1724
2.1752
2.1732
2.1716
2.1736
2.1752
2.1748
2.1776
2.1744
2.1768
2.1744
2.1764
2.1768
2.1736
2.1788
2.1716
2.176
2.1748
2.1756
2.1716
2.1744
2.1748
2.1736
2.172
2.1744
2.1736
2.174
2.168
2.1708
2.172
2.172
2.1724
2.172
2.1748
2.1756
2.172
2.1768
2.1748
2.1748
2.1728
2.1764
2.1716
2.1788
2.172
2.1752
2.1752
2.178
2.1748
2.172
2.1748
2.1728
2.1696
2.1712
2.1688
2.1728
2.1744
2.1684
2.1728
2.1756
2.1708
2.1756
2.1744
2.1788
2.1716
2.1748
2.1728
2.176
2.1732
2.1704
2.1744
2.1756
2.1732
2.1732
2.1712
2.1732
2.1712
2.1716
2.1736
2.1736
2.1708
2.1716
2.1704
2.1736
2.174
2.1708
2.172
2.174
2.1692
2.1736
2.1732
2.1744
2.1724
2.1724
2.1776
2.1756
2.17
2.1768
2.1756
2.176
2.1712
2.1732
2.172
2.1716
2.1704
2.17
2.1708
2.1752
2.168
2.174
2.1716
2.1724
2.1724
2.1704
2.172
2.1736
2.1704
2.1708
2.174
2.1712
2.1748
2.1708
2.1768
2.1776
2.17
2.1728
2.1724
2.1788
2.1708
2.172
2.1756
2.1716
2.1732
2.1704
2.1708
2.1744
2.1696
2.1736
2.1716
2.1712
2.1708
2.1656
2.1716
2.1744
2.1664
2.17
2.174
2.1728
2.1708
2.174
2.1712
2.1736
2.17
2.1744
2.1668
2.1712
2.1692
2.172
2.172
2.1732
2.1692
2.1708
2.172
2.168
2.1688
2.1716
2.1672
2.1736
2.1692
2.168
2.1684
2.172
2.1704
2.1708
2.172
2.1744
2.1692
2.1732
2.174
2.1752
2.172
2.17
2.1708
2.1724
2.1708
2.1724
2.1688
2.1732
2.1712
2.1708
2.1712
2.1716
2.1684
2.1684
2.1692
2.1696
2.1636
2.1716
2.1676
2.17
2.168
2.1712
2.17
2.172
2.1692
2.17
2.17
2.17
2.1704
2.1716
2.174
2.1728
2.1664
2.17
2.1692
2.1732
2.1736
2.1668
2.1692
2.1728
2.1704
2.1712
2.1712
2.1716
2.1692
2.1696
2.168
2.172
2.1664
2.1688
2.1724
2.1716
2.172
2.1684
2.172
2.1736
2.1692
2.1672
2.172
2.1716
2.1704
2.1668
2.1724
2.1748
2.17
2.17
2.1696
2.172
2.17
2.1696
2.1728
2.1728
2.1716
2.17
2.1712
2.1744
2.168
2.1696
2.1688
2.1696
2.1708
2.1704
2.1728
2.1732
2.1684
2.1688
2.1688
2.1716
2.1712
2.1684
2.1704
2.1744
2.1692
2.1728
2.168
2.1672
2.1704
2.1696
2.1696
2.1748
2.1696
2.1684
2.1704
2.172
2.1716
2.1732
2.1664
2.1684
2.1644
2.1652
2.1704
2.1696
2.1664
2.1716
2.168
2.17
2.1696
2.1672
2.1716
2.172
2.1696
2.1684
2.1736
2.1732
2.168
2.1712
2.1692
2.17
2.17
2.17
2.168
2.1708
2.1676
2.168
2.1676
2.1684
2.1656
2.1668
2.1644
2.1704
2.1656
2.1668
2.166
2.1696
2.164
2.1664
2.1672
2.1684
2.1676
2.168
2.1696
2.1728
2.1672
2.1688
2.1696
2.1696
2.1676
2.1652
2.166
2.1716
2.1648
2.1648
2.1656
2.1648
2.1652
2.1664
2.1668
2.1672
2.168
2.1672
2.166
2.1716
2.1652
2.1668
2.17
2.1684
2.1692
2.17
2.1692
2.172
2.1672
2.1684
2.17
2.17
2.1668
2.1668
2.1704
2.1704
2.1644
2.172
2.1664
2.1656
2.1668
2.168
2.168
2.1696
2.1652
2.1672
2.17
2.17
2.1684
2.1716
2.1688
2.1724
2.1688
2.1708
2.1684
2.1712
2.1684
2.1732
2.1716
2.1688
2.168
2.1656
2.17
2.168
2.1684
2.1664
2.1668
2.1664
2.1644
2.1672
2.1656
2.1696
2.1664
2.1672
2.168
2.1704
2.172
2.168
2.1684
2.1728
2.1724
2.1744
2.1748
2.1748
2.1724
2.172
2.1692
2.1708
2.166
2.168
2.1692
2.1704
2.1676
2.1664
2.1632
2.1692
2.164
2.1672
2.1684
2.1692
2.1692
2.1656
2.1712
2.1712
2.172
2.172
2.1676
2.172
2.1712
2.17
2.1708
2.174
2.1684
2.1708
2.1708
2.1696
2.1684
2.1656
2.1656
2.1696
2.1684
2.1656
2.1684
2.17
2.164
2.1668
2.1704
2.1692
2.1688
2.17
2.17
2.1716
2.17
2.1696
2.1716
2.172
2.1696
2.1708
2.1748
2.174
2.1696
2.1692
2.1696
2.1724
2.168
2.17
2.1656
2.166
2.1636
2.1656
2.1628
2.1664
2.1676
2.1696
2.1704
2.1696
2.1708
2.1692
2.1716
2.1732
2.1696
2.1668
2.1672
2.1716
2.1696
2.1684
2.17
2.1696
2.1672
2.1684
2.172
2.1704
2.166
2.1692
2.1636
2.168
2.1676
2.1668
2.1656
2.1676
2.166
2.1664
2.1684
2.1688
2.1672
2.1676
2.1668
2.1736
2.1692
2.1716
2.1716
2.1716
2.1704
2.1688
2.1732
2.1696
2.1672
2.1688
2.1696
2.1692
2.1708
2.166
2.1656
2.1664
2.1644
2.1632
2.1636
2.1664
2.1664
2.1672
2.17
2.1692
2.1668
2.1668
2.1732
2.1716
2.1684
2.1692
2.1688
2.168
2.172
2.1684
2.168
2.1728
2.1668
2.1648
2.1684
2.1676
2.1656
2.1664
2.1624
2.1672
2.1636
2.1664
2.1672
2.1692
2.1648
2.1648
2.1676
2.1708
2.1676
2.1712
2.1652
2.17
2.1684
2.166
2.1712
2.1728
2.1696
2.1704
2.17
2.1696
2.1704
2.1708
2.1664
2.172
2.1648
2.1684
2.1716
2.1664
2.1652
2.1664
2.1656
2.1652
2.1672
2.1684
2.1676
2.1708
2.1648
2.1672
2.166
2.1688
2.1696
2.1712
2.1724
2.1736
2.1704
2.172
2.1728
2.1752
2.1696
2.1704
2.1684
2.1724
2.1696
2.1712
2.1684
2.1704
2.1668
2.1644
2.1688
2.1664
2.168
2.1632
2.168
2.1696
2.1688
2.1712
2.1692
2.174
2.17
2.1684
