2.1504
2.148
2.1456
2.1496
2.1452
2.1524
2.1476
2.1472
2.148
2.1476
2.1484
2.1496
2.148
2.1472
2.1456
2.152
2.1512
2.15
2.1496
2.1512
2.1496
2.15
2.1468
2.1492
2.1496
2.1512
2.1472
2.1492
2.1432
2.1492
2.1472
2.1508
2.1476
2.148
2.1472
2.152
2.148
2.1496
2.1472
2.1492
2.1452
2.1484
2.1496
2.1484
2.15
2.1516
2.1488
2.1476
2.1488
2.1484
2.1484
2.1508
2.1476
2.15
2.1472
2.1496
2.1476
2.1464
2.1484
2.1496
2.1472
2.1512
2.148
2.1496
2.15
2.1512
2.1508
2.1532
2.148
2.148
2.1468
2.1488
2.1464
2.1492
2.1476
2.1512
2.1464
2.1488
2.1464
2.1488
2.1508
2.1504
2.15
2.1508
2.15
2.1508
2.15
2.1512
2.1508
2.1544
2.1484
2.1484
2.1472
2.1496
2.1472
2.1516
2.148
2.1464
2.1456
2.1464
2.1488
2.1476
2.1472
2.1492
2.1492
2.15
2.1472
2.1496
2.1492
2.1484
2.152
2.15
2.1472
2.1492
2.1472
2.148
2.148
2.1492
2.1512
2.1524
2.1488
2.1496
2.1464
2.1504
2.148
2.1484
2.1504
2.1492
2.1512
2.1496
2.1468
2.1492
2.1496
2.146
2.1472
2.1496
2.1464
2.1484
2.1484
2.1496
2.1456
2.1472
2.1472
2.1516
2.1484
2.1476
2.1496
2.1504
2.1488
2.1504
2.1492
2.1516
2.15
2.1496
2.1476
2.1508
2.1488
2.1496
2.1464
2.1508
2.1524
2.1476
2.15
2.152
2.1496
2.1512
2.1496
2.148
2.1492
2.1496
2.1464
2.1544
2.1508
2.15
2.1516
2.152
2.1476
2.1504
2.1476
2.1492
2.1484
2.1512
2.1488
2.1508
2.1476
2.1476
2.148
2.1492
2.148
2.1524
2.1468
2.1516
2.1444
2.1488
2.1496
2.1508
2.1496
2.1484
2.1484
2.1512
2.15
2.148
2.1492
2.1516
2.1508
2.1496
2.1476
2.148
2.148
2.1468
2.1468
2.148
2.1468
2.1488
2.1516
2.1492
2.1472
2.1512
2.1488
2.1528
2.1508
2.1484
2.1508
2.148
2.148
2.1484
2.1452
2.1496
2.148
2.1508
2.1488
2.1512
2.152
2.148
2.148
2.152
2.1488
2.1484
2.1496
2.1472
2.1496
2.1496
2.1488
2.1516
2.152
2.1512
2.1512
2.148
2.1492
2.1524
2.1488
2.15
2.146
2.148
2.1468
2.148
2.1524
2.1512
2.1488
2.1496
2.1496
2.1492
2.1484
2.1528
2.1504
2.1468
2.1456
2.148
2.1504
2.15
2.1476
2.1456
2.1476
2.1464
2.1448
2.1504
2.1464
2.1488
2.1488
2.1532
2.1496
2.1512
2.1464
2.1464
2.1496
2.1508
2.1452
2.152
2.1488
2.152
2.1476
2.1516
2.1472
2.1484
2.1476
2.1452
2.1492
2.1516
2.1476
2.1512
2.1504
2.1464
2.1464
2.1496
2.1452
2.1488
2.1496
2.1548
2.1492
2.1508
2.1492
2.1484
2.1528
2.1484
2.1484
2.1492
2.1504
2.148
2.1492
2.1504
2.1492
2.152
2.148
2.1492
2.1492
2.1488
2.1484
2.1496
2.1488
2.15
2.1452
2.1484
2.1468
2.1496
2.15
2.148
2.1512
2.148
2.1476
2.148
2.1508
2.1524
2.1484
2.1496
2.15
2.15
2.1508
2.1504
2.1496
2.1488
2.1468
2.15
2.1508
2.1456
2.15
2.1492
2.1488
2.154
2.1472
2.1516
2.148
2.1512
2.148
2.1536
2.1468
2.1488
2.1456
2.146
2.1484
2.15
2.1464
2.1512
2.148
2.1464
2.146
2.148
2.1468
2.1464
2.1516
2.1492
2.1476
2.1496
2.146
2.1504
2.1476
2.1468
2.146
2.1484
2.1516
2.1484
2.1468
2.1512
2.1488
2.1516
2.1456
2.1516
2.1496
2.146
2.148
2.1492
2.1484
2.1476
2.1488
2.1492
2.1468
2.1488
2.1488
2.1492
2.1472
2.15
2.1464
2.1492
2.1476
2.1492
2.1476
2.1472
2.146
2.148
2.1464
2.1512
2.1456
2.1492
2.1484
2.1484
2.1496
2.15
2.1476
2.15
2.1488
2.1476
2.1484
2.1496
2.1476
2.144
2.1444
2.1476
2.15
2.15
2.1476
2.1468
2.1448
2.1496
2.15
2.1524
2.1472
2.146
2.1484
2.1488
2.1452
2.1512
2.1476
2.1536
2.148
2.1504
2.15
2.1492
2.1496
2.1496
2.146
2.1504
2.1488
2.1492
2.1472
2.1508
2.1476
2.1444
2.1476
2.1496
2.146
2.1496
2.1492
2.1476
2.15
2.1508
2.1464
2.1524
2.1472
2.1492
2.148
2.1492
2.148
2.15
2.148
2.1504
2.1484
2.1496
2.1472
2.1504
2.148
2.1464
2.148
2.1476
2.15
2.1468
2.146
2.1484
2.1484
2.15
2.1468
2.1496
2.148
2.1492
2.1428
2.15
2.1464
2.1508
2.1456
2.1484
2.1492
2.1472
2.148
2.1496
2.1476
2.1464
2.1472
2.1504
2.15
2.1488
2.1456
2.1536
2.1488
2.1484
2.1476
2.1508
2.1508
2.1492
2.1452
2.1488
2.1488
2.1508
2.1484
2.148
2.1484
2.1492
2.1472
2.1496
2.1496
2.1496
2.1464
2.15
2.148
2.1488
2.148
2.1512
2.1504
2.1492
2.1484
2.1496
2.1464
2.1524
2.1464
2.1492
2.1508
2.1508
2.1476
2.1548
2.1472
2.1512
2.1492
2.1536
2.1496
2.1484
2.1456
2.15
2.1468
2.1492
2.154
2.154
2.1516
2.1536
2.1496
2.152
2.1488
2.1464
2.1484
2.1496
2.1464
2.1504
2.1492
2.1492
2.1488
2.1472
2.1496
2.1492
2.1472
2.1492
2.1492
2.1508
2.1476
2.1452
2.1488
2.15
2.1468
2.1488
2.1488
2.1524
2.1448
2.1476
2.1468
2.1492
2.15
2.1504
2.1496
2.1536
2.1468
2.1452
2.1488
2.1512
2.1516
2.1508
2.1456
2.1508
2.1508
2.15
2.1516
2.152
2.1492
2.1528
2.1496
2.1484
2.1496
2.1492
2.1476
2.148
2.15
2.1492
2.1488
2.148
2.1492
2.1496
2.1508
2.1524
2.15
2.1496
2.1492
2.15
2.146
2.1448
2.1504
2.1476
2.15
2.1504
2.1508
2.1504
2.1488
2.1456
2.1476
2.1496
2.1512
2.1508
2.1504
2.15
2.1512
2.1512
2.1476
2.152
2.1512
2.15
2.1492
2.152
2.1472
2.1544
2.1492
2.15
2.1496
2.1468
2.1484
2.1488
2.1484
2.1476
2.1468
2.1488
2.1484
2.146
2.146
2.1504
2.1484
2.1504
2.1476
2.1484
2.1476
2.1508
2.1492
2.1524
2.1488
2.1476
2.15
2.1476
2.1516
2.1508
2.146
2.1516
2.1488
2.1512
2.1464
2.1472
2.1492
2.1508
2.1484
2.1516
2.1492
2.1492
2.1484
2.1504
2.15
2.1492
2.148
2.1524
2.1504
2.1472
2.1504
2.1512
2.1504
2.1496
2.1512
2.1512
2.1516
2.1492
2.1488
2.1516
2.1496
2.146
2.1516
2.1472
2.1492
2.1496
2.1472
2.146
2.1484
2.1456
2.148
2.1508
2.1488
2.1528
2.1496
2.152
2.1516
2.1504
2.1476
2.1496
2.1488
2.15
2.1504
2.1504
2.1508
2.1468
2.1444
2.1492
2.1444
2.1488
2.1504
2.1524
2.1484
2.152
2.15
2.1508
2.1488
2.148
2.1476
2.1516
2.148
2.15
2.1464
2.1508
2.1472
2.1488
2.1488
2.1524
2.1496
2.1508
2.1468
2.15
2.1524
2.148
2.1528
2.15
2.1492
2.15
2.1468
2.148
2.152
2.1488
2.148
2.1508
2.1488
2.1512
2.1496
2.1468
2.1512
2.1464
2.146
2.1476
2.15
2.1488
2.1504
2.1496
2.1508
2.1504
2.1476
2.15
2.1488
2.15
2.1472
2.1488
2.1504
2.1488
2.1508
2.148
2.1504
2.1476
2.1484
2.148
2.1504
2.1492
2.1468
2.1508
2.1512
2.1488
2.15
2.1516
2.1476
2.1504
2.1512
2.1484
2.1528
2.1508
2.1468
2.1492
2.1504
2.1504
2.1488
2.152
2.1504
2.148
2.1504
2.1496
2.1484
2.1492
2.1492
2.1544
2.1472
2.1516
2.146
2.1492
2.1476
2.1492
2.1496
2.148
2.1504
2.1484
2.1492
2.148
2.1476
2.1476
2.1464
2.1496
2.1464
2.1504
2.148
2.1472
2.1472
2.1524
2.1504
2.1512
2.1504
2.1488
2.1504
2.15
2.1452
2.1464
2.146
2.1492
2.1488
2.1508
2.1468
2.1472
2.1476
2.1484
2.146
2.1504
2.1504
2.148
2.1524
2.1532
2.1488
2.1476
2.1484
2.1464
2.1496
2.1512
2.1488
2.1508
2.1504
2.1504
2.1484
2.1516
2.148
2.152
2.1472
2.1496
2.1508
2.1476
2.1488
2.1496
2.1472
2.15
2.1468
2.1464
2.1484
2.1496
2.148
2.1516
2.1496
2.1504
2.1476
2.15
2.148
2.1492
2.1492
2.1476
2.1512
2.1508
2.1508
2.1492
2.1468
2.1508
2.1476
2.1492
2.1512
2.1488
2.1456
2.1508
2.146
2.148
2.148
2.148
2.148
2.1476
2.1468
2.148
2.1484
2.148
2.1508
2.1488
2.1488
2.1504
2.148
2.1504
2.1448
2.1492
2.1464
2.154
2.1508
2.1488
2.1484
2.1484
2.1496
2.1492
2.1464
2.1496
2.1484
2.1488
2.15
2.1488
2.1496
2.1516
2.148
2.1504
2.1496
2.1496
2.148
2.15
2.148
2.15
2.1448
2.1512
2.148
2.1464
2.1476
2.146
2.148
2.15
2.1496
2.1508
2.1484
2.1512
2.1476
2.148
2.1472
2.148
2.1472
2.1488
2.1504
2.1508
2.148
2.152
2.1472
2.1512
2.146
2.1504
2.1516
2.1476
2.1492
2.148
2.1476
2.1476
2.1488
2.1532
2.1484
2.1496
2.1492
2.1508
2.1504
2.1524
2.148
2.1504
2.1488
2.1484
2.148
2.1504
2.1512
2.15
2.1504
2.1512
2.1472
2.1476
2.1472
2.1488
2.1464
2.144
2.148
2.148
2.1472
2.1508
2.1456
2.1504
2.1448
2.1504
2.1476
2.1504
2.1488
2.148
2.152
2.1508
2.1488
2.1484
2.1492
2.1496
2.1464
2.1504
2.1464
2.1472
2.1488
2.1492
2.146
2.1496
2.1476
2.1484
2.1484
2.1504
2.1484
2.1488
2.146
2.1508
2.15
2.1484
2.148
2.1512
2.148
2.1504
2.1496
2.1488
2.1476
2.1476
2.15
2.1496
2.1484
2.1484
2.1512
2.1476
2.1524
2.1472
2.1496
2.1528
2.15
2.1508
2.148
2.1484
2.148
2.1504
2.1476
2.1476
2.1492
2.1484
2.146
2.1464
2.1484
2.15
2.146
2.1484
2.1496
2.1484
2.1492
2.1484
2.1472
2.1496
2.1464
2.1504
2.1504
2.1496
2.1476
2.1488
2.1468
2.152
2.1472
2.1496
2.1496
2.15
2.1472
2.1512
2.1488
2.1516
2.1484
2.1504
2.1516
2.1484
2.1496
2.1484
2.1468
2.1496
2.1484
2.1484
2.1468
2.1456
2.1476
2.1492
2.1492
2.148
2.1472
2.1468
2.1456
2.1536
2.1476
2.1488
2.1476
2.15
2.1444
2.1504
2.1476
2.148
2.1476
2.1492
2.1492
2.1492
2.1468
2.1536
2.1472
2.15
2.1464
2.1488
2.1456
2.1484
2.1472
2.1488
2.1472
2.1508
2.1484
2.1484
2.1496
2.1488
2.1468
2.1484
2.1476
2.148
2.1472
2.1476
2.148
2.15
2.148
2.1492
2.1496
2.1484
2.1476
2.1488
2.1496
2.1472
2.1524
2.1492
2.1512
2.15
2.1464
2.15
2.1508
2.1496
2.1456
2.1532
2.1468
2.1496
2.1488
2.146
2.1464
2.1504
2.1436
2.15
2.148
2.1488
2.1476
2.148
2.1512
2.1496
2.144
2.1472
2.1472
2.15
2.15
2.1512
2.1492
2.1504
2.1492
2.1508
2.1504
2.15
2.144
2.1536
2.1456
2.1468
2.1488
2.1492
2.1484
2.148
2.144
2.1476
2.1456
2.15
2.1488
2.1492
2.1476
2.15
2.15
2.15
2.1456
2.1512
2.1472
2.1512
2.1512
2.1512
2.1468
2.1468
2.146
2.1492
2.1492
2.1468
2.148
2.1492
2.148
2.1504
2.1464
2.1516
2.148
2.1472
2.148
2.1488
2.148
2.1508
2.1444
2.1444
2.1512
2.1476
2.1456
2.148
2.1448
2.1484
2.1468
2.1456
2.1464
2.1464
2.148
2.1488
2.144
2.1476
2.1468
2.1476
2.1468
2.148
2.148
2.1468
2.1488
2.1532
2.1488
2.1468
2.1456
2.1496
2.1448
2.1472
2.144
2.1476
2.1484
2.1496
2.1492
2.1468
2.1472
2.1512
2.1448
2.1512
2.1448
2.1488
2.1452
2.15
2.1488
2.1496
2.1472
2.146
2.1472
2.1472
2.1456
2.1464
2.146
2.1468
2.1452
2.1488
2.15
2.1508
2.1452
2.1468
2.1468
2.1512
2.1504
2.1508
2.148
2.148
2.1484
2.1488
2.146
2.1496
2.1488
2.1508
2.15
2.1464
2.1484
2.1488
2.1432
2.1492
2.1456
2.148
2.148
2.1476
2.1476
2.1488
2.1456
2.1524
2.1484
2.1516
2.1476
2.148
2.1452
2.1476
2.1468
2.1476
2.1496
2.1496
2.1476
2.1488
2.1468
2.1508
2.146
2.1516
2.1484
2.1492
2.1476
2.148
2.1484
2.1488
2.1512
2.1496
2.144
2.1488
2.144
2.1472
2.1488
2.1484
2.148
2.1476
2.15
2.15
2.148
2.1528
2.1436
2.15
2.1508
2.1484
2.146
2.1476
2.146
2.1484
2.1496
2.146
2.1468
2.1508
2.1436
2.148
2.148
2.1464
2.1484
2.1476
2.1468
2.1516
2.1452
2.1492
2.15
2.1488
2.1452
2.1492
2.1436
2.1468
2.1496
2.15
2.1508
2.1484
2.1468
2.1488
2.1456
2.1492
2.1476
2.1476
2.1476
2.1488
2.1484
2.1492
2.1464
2.1448
2.1492
2.1488
2.1448
2.15
2.146
2.1484
2.1496
2.1508
2.1468
2.148
2.1448
2.148
2.1488
2.1492
2.148
2.1484
2.1452
2.148
2.146
2.1484
2.1468
2.1476
2.146
2.1488
2.1472
2.1488
2.1432
2.1472
2.146
2.15
2.1496
2.1496
2.1484
2.1512
2.1488
2.1512
2.15
2.148
2.1448
2.148
2.146
2.146
2.1476
2.1476
2.1488
2.1488
2.1504
2.1504
2.1472
2.1468
2.1452
2.1468
2.148
2.1476
2.1472
2.1488
2.1456
2.1496
2.1452
2.1484
2.1476
2.1496
2.1488
2.1464
2.1464
2.1496
2.146
2.1512
2.1476
2.1508
2.148
2.1492
2.1492
2.148
2.1496
2.148
2.1488
2.1504
2.1484
2.1492
2.1488
2.1488
2.148
2.15
2.1476
2.1488
2.1492
2.1532
2.1484
2.1524
2.1496
2.1496
2.1468
2.1512
2.148
2.1524
2.1488
2.1504
2.1488
2.1464
2.1488
2.1504
2.15
2.1488
2.148
2.1504
2.148
2.1492
2.1476
2.15
2.1492
2.148
2.1468
2.148
2.1472
2.15
2.1476
2.148
2.1456
2.1468
2.1452
2.148
2.15
2.1464
2.1472
2.1468
2.1484
2.1524
2.1484
2.1488
2.1452
2.1484
2.1472
2.1496
2.148
2.1456
2.1464
2.1512
2.1504
2.1504
2.1488
2.1492
2.152
2.15
2.15
2.15
2.1492
2.1488
2.1472
2.1504
2.1496
2.148
2.148
2.1508
2.1488
2.1516
2.1468
2.1488
2.1456
2.1476
2.1496
2.1508
2.148
2.1488
2.1452
2.1496
2.1488
2.1508
2.1472
2.1492
2.148
2.1508
2.1448
2.1496
2.1448
2.148
2.1492
2.1512
2.1476
2.1504
2.1468
2.1492
2.1496
2.1484
2.1448
2.1516
2.1508
2.15
2.1488
2.148
2.1468
2.1512
2.1484
2.148
2.1452
2.1516
2.148
2.1496
2.148
2.1472
2.1492
2.15
2.1484
2.1484
2.1484
2.1488
2.1496
2.1488
2.1504
2.146
2.1436
2.15
2.1452
2.1496
2.1456
2.1496
2.1488
2.1496
2.1532
2.148
2.1452
2.152
2.1492
2.1504
2.1504
2.1512
2.1504
2.1476
2.1476
2.1536
2.1492
2.1472
2.1512
2.1484
2.1476
2.1476
2.1468
2.148
2.152
2.15
2.1488
2.1508
2.1484
2.15
2.1472
2.1492
2.146
2.1492
2.1504
2.1512
2.1484
2.15
2.1456
2.1492
2.1484
2.1492
2.148
2.1464
2.1496
2.1484
2.1464
2.1536
2.1472
2.1452
2.1484
2.1484
2.15
2.15
2.1476
2.15
2.1468
2.1448
2.1436
2.1484
2.1496
2.1508
2.1452
2.1496
2.1468
2.1496
2.1488
2.1496
2.1476
2.1508
2.1472
2.1532
2.152
2.1496
2.1484
2.1488
2.1512
2.1516
2.1516
2.15
2.1484
2.1488
2.1472
2.15
2.15
2.1496
2.1484
2.1484
2.1508
2.1504
2.1484
2.1508
2.1492
2.1484
2.1476
2.148
2.1488
2.1524
2.1456
2.1508
2.1504
2.146
2.1492
2.1492
2.1484
2.148
2.1472
2.152
2.1512
2.1484
2.1496
2.1492
2.1452
2.148
2.1472
2.1508
2.148
2.1512
2.1456
2.1492
2.1464
2.1488
2.1476
2.1472
2.1496
2.1504
2.1452
2.1496
2.1504
2.1476
2.1504
2.148
2.1504
2.1484
2.1476
2.1476
2.1476
2.1468
2.1476
2.15
2.1484
2.146
2.1488
2.1508
2.1496
2.1484
2.1464
2.1484
2.1456
2.1476
2.1496
2.1496
2.1476
2.1496
2.1444
2.1516
2.1484
2.1476
2.1464
2.1508
2.148
2.1512
2.1484
2.1508
2.1488
2.1516
2.148
2.1524
2.1512
2.1476
2.1492
2.1496
2.15
2.1544
2.1468
2.1548
2.1484
2.15
2.1516
2.15
2.1492
2.1524
2.1468
2.1532
2.1492
2.1504
2.1492
2.1484
2.1512
2.146
2.1488
2.1492
2.1476
2.1512
2.1504
2.1492
2.15
2.1468
2.1512
2.15
2.1488
2.1484
2.1488
2.1488
2.1472
2.1476
2.1496
2.1504
2.1496
2.1524
2.1476
2.1516
2.1484
2.1472
2.1476
2.1516
2.1508
2.15
2.1476
2.1508
2.1492
2.1496
2.1504
2.1532
2.1512
2.1504
2.148
2.1484
2.1496
2.1476
2.1504
2.1536
2.1464
2.1484
2.148
2.1508
2.15
2.1516
2.1468
2.1496
2.1472
2.1464
2.1468
2.1468
2.1488
2.1504
2.146
2.1488
2.1464
2.148
2.1496
2.1508
2.1484
2.1504
2.1468
2.1504
2.1472
2.1492
2.1468
2.148
2.1484
2.1464
2.1464
2.1504
2.1492
2.1492
2.1464
2.1472
2.148
2.1468
2.1468
2.1496
2.1492
2.1464
2.1464
2.1496
2.1448
2.1488
2.1504
2.1504
2.1496
2.1472
2.1516
2.15
2.15
2.148
2.15
2.1496
2.1476
2.1504
2.1476
2.1504
2.1496
2.1496
2.1512
2.1516
2.1496
2.1496
2.1508
2.1496
2.1488
2.1496
2.1468
2.15
2.148
2.1504
2.1496
2.1492
2.1504
2.15
2.146
2.1512
2.1488
2.1516
2.1508
2.1496
2.1468
2.1488
2.1468
2.1504
2.1512
2.1516
2.1504
2.1504
2.1468
2.1488
2.1464
2.1488
2.1504
2.15
2.1496
2.152
2.1456
2.1508
2.1456
2.1508
2.148
2.1476
2.1492
2.1492
2.1484
2.1508
2.1484
2.1512
2.1512
2.1496
2.1508
2.15
2.1472
2.152
2.1488
2.1504
2.1496
2.1488
2.1476
2.1544
2.1504
2.15
2.152
2.1504
2.1504
2.1484
2.148
2.1536
2.1508
2.1476
2.146
2.1496
2.1484
2.1508
2.1476
2.1496
2.1488
2.1504
2.1468
2.1488
2.152
2.1508
2.1472
2.1536
2.1484
2.1508
2.146
2.1488
2.152
2.1472
2.1488
2.1504
2.1452
2.1496
2.15
2.1464
2.152
2.1492
2.1508
2.1532
2.15
2.1508
2.1456
2.1476
2.1532
2.148
2.1492
2.1524
2.1484
2.1492
2.1488
2.1488
2.1488
2.1484
2.146
2.1492
2.1472
2.1508
2.1508
2.1512
2.1504
2.1516
2.1504
2.1484
2.1488
2.1512
2.1476
2.1488
2.1516
2.1476
2.1484
2.1504
2.1516
2.1496
2.1512
2.1496
2.1472
2.1492
2.15
2.1508
2.1516
2.15
2.146
2.1492
2.1492
2.1476
2.1484
2.1516
2.1488
2.15
2.1468
2.148
2.1512
2.1464
2.1508
2.148
2.1508
2.1516
2.1456
2.1488
2.1504
2.1504
2.1468
2.1508
2.1504
2.1492
2.1464
2.1512
2.1496
2.1492
2.1476
2.1468
2.1496
2.1508
2.1476
2.1516
2.1512
2.1484
2.146
2.1516
2.148
2.1492
2.1496
2.1488
2.1508
2.1472
2.1492
2.1504
2.1516
2.1492
2.148
2.1508
2.1484
2.152
2.148
2.1508
2.15
2.1468
2.148
2.1484
2.1492
2.1516
2.1488
2.1512
2.1512
2.1488
2.1488
2.1524
2.1504
2.1508
2.15
2.1488
2.1512
2.15
2.1476
2.1504
2.1488
2.1508
2.1468
2.1532
2.1444
2.1512
2.1492
2.1524
2.1484
2.1472
2.1484
2.1468
2.1512
2.1484
2.1488
2.1512
2.1476
2.15
2.148
2.152
2.1504
2.1464
2.1488
2.1488
2.148
2.1492
2.1488
2.1496
2.1448
2.15
2.1444
2.152
2.1488
2.1484
2.1452
2.15
2.1484
2.1476
2.146
2.1484
2.1464
2.1488
2.1488
2.1488
2.1492
2.1508
2.1504
2.148
2.1464
2.1496
2.148
2.1516
2.15
2.1484
2.1488
2.148
2.1464
2.1508
2.1488
2.1476
2.1516
2.148
2.1432
2.148
2.1472
2.15
2.1484
2.1488
2.148
2.1492
2.1464
2.1492
2.1492
2.148
2.1488
2.1488
2.1528
2.1484
2.1468
2.1504
2.1452
2.1508
2.1496
2.148
2.148
2.1488
2.1452
2.1472
2.1492
2.1504
2.1536
2.1532
2.1504
2.15
2.1492
2.1516
2.15
2.1508
2.15
2.1528
2.1508
2.15
2.1476
2.1508
2.1492
2.1512
2.1488
2.1504
2.1516
2.1496
2.1476
2.1496
2.1468
2.146
2.1464
2.1508
2.1476
2.1512
2.146
2.1516
2.15
2.1444
2.148
2.148
2.1464
2.1448
2.148
2.15
2.1484
2.1492
2.1444
2.1508
2.1456
2.148
2.1492
2.1492
2.1508
2.1492
2.1476
2.1488
2.1488
2.1512
2.1468
2.1504
2.1488
2.1496
2.1508
2.1516
2.1472
2.148
2.146
2.1508
2.1452
2.1496
2.1468
2.1532
2.1484
2.1508
2.1456
2.1484
2.1532
2.148
2.1488
2.1488
2.148
2.15
2.1488
2.1484
2.1484
2.1484
2.1476
2.1484
2.1472
2.1484
2.1496
2.1516
2.1516
2.1476
2.1476
2.1496
2.1488
2.1484
2.148
2.1492
2.15
2.152
2.148
2.1492
2.1488
2.1492
2.1492
2.1508
2.1496
2.15
2.1472
2.1512
2.1464
2.1484
2.1484
2.152
2.1476
2.1532
2.1484
2.1488
2.1452
2.1488
2.1484
2.1476
2.1496
2.1488
2.1464
2.1484
2.1496
2.1496
2.1484
2.1504
2.1488
2.1496
2.1492
2.1468
2.1444
2.148
2.1472
2.1484
2.1484
2.148
2.1464
2.152
2.1504
2.1488
2.1488
2.1492
2.15
2.152
2.1516
2.1496
2.152
2.1504
2.1484
2.1488
2.1484
2.1468
2.148
2.1504
2.1508
2.1488
2.148
2.1504
2.1476
2.1472
2.1456
2.148
2.1456
2.1512
2.1452
2.1476
2.15
2.1496
2.1448
2.1516
2.1456
2.1456
2.1476
2.1508
2.1504
2.152
2.1464
2.1488
2.1496
2.1496
2.1468
2.1484
2.15
2.1508
2.1488
2.1512
2.1496
2.15
2.148
2.15
2.15
2.1476
2.1508
2.1536
2.1516
2.1504
2.152
2.1504
2.1468
2.15
2.1488
2.1544
2.1488
2.1512
2.1496
2.1508
2.1504
2.1532
2.15
2.1532
2.1528
2.1516
2.1504
2.1516
2.146
2.15
2.1512
2.1532
2.1504
2.1492
2.1512
2.1492
2.146
2.1488
2.1492
2.1504
2.1504
2.1504
2.15
2.1508
2.1496
2.1504
2.1484
2.15
2.1484
2.1508
2.148
2.1496
2.1476
2.1508
2.1492
2.1516
2.148
2.1504
2.1484
2.1516
2.15
2.15
2.148
2.1516
2.1484
2.1524
2.1484
2.1508
2.1472
2.1468
2.1496
2.1512
2.146
2.1516
2.1492
2.1484
2.1516
2.1488
2.1472
2.1524
2.1472
2.1512
2.1504
2.1488
2.1456
2.1484
2.1492
2.1472
2.1484
2.148
2.146
2.1484
2.15
2.1496
2.1464
2.15
2.148
2.152
2.1492
2.1484
2.1488
2.1508
2.1524
2.1516
2.1504
2.1508
2.1488
2.1516
2.15
2.1512
2.146
2.1496
2.1508
2.1484
2.1496
2.1548
2.1484
2.1488
2.1504
2.1528
2.1488
2.1492
2.1488
2.1504
2.1508
2.1492
2.1492
2.1496
2.1512
2.15
2.1488
2.148
2.15
2.15
2.1488
2.1524
2.1496
2.1508
2.146
2.1492
2.15
2.1468
2.1504
2.152
2.1492
2.1516
2.1472
2.1516
2.1492
2.1492
2.146
2.1492
2.1476
2.1484
2.1488
2.1508
2.1492
2.1484
2.1476
2.1496
2.1464
2.1512
2.142
2.1472
2.148
2.1496
2.1468
2.1484
2.1484
2.1476
2.1484
2.1484
2.15
2.148
2.1468
2.1476
2.1492
2.1532
2.1492
2.1488
2.1452
2.1468
2.1504
2.1488
2.152
2.1496
2.1484
2.1508
2.152
2.148
2.1488
2.1516
2.1472
2.152
2.1496
2.1512
2.1488
2.1476
2.1468
2.1516
2.1512
2.15
2.1484
2.1488
2.1508
2.1508
2.1484
2.1524
2.1488
2.1504
2.1488
2.1472
2.1532
2.1512
2.15
2.1548
2.1476
2.1524
2.1492
2.1484
2.15
2.1468
2.1468
2.1508
2.146
2.1508
2.148
2.1528
2.1496
2.1496
2.148
2.1512
2.1496
2.1508
2.1476
2.1524
2.1488
2.15
2.1492
2.1488
2.15
2.1484
2.1504
2.1512
2.1512
2.1504
2.148
2.15
2.1532
2.1516
2.1484
2.1524
2.1484
2.1492
2.1484
2.1456
2.1496
2.1488
2.1456
2.1496
2.1508
2.1528
2.1488
2.1524
2.152
2.1512
2.15
2.1532
2.1484
2.1496
2.1504
2.1528
2.148
2.152
2.1496
2.1504
2.15
2.1532
2.15
2.1496
2.1492
2.1524
2.1484
2.1472
2.1492
2.1496
2.1476
2.1516
2.1476
2.15
2.148
2.1492
2.15
2.148
2.1508
2.1488
2.1496
2.1496
2.15
2.1484
2.1472
2.152
2.1484
2.1492
2.1504
2.1492
2.1484
2.1504
2.152
2.1492
2.1496
2.1484
2.1484
2.1468
2.1464
2.15
2.1476
2.1496
2.1492
2.1504
2.152
2.15
2.1496
2.1492
2.1492
2.1528
2.148
2.1504
2.1512
2.1528
2.1504
2.1528
2.1472
2.1496
2.1492
2.1512
2.15
2.1492
2.1468
2.1508
2.152
2.152
2.1512
2.154
2.1484
2.1484
2.148
2.1492
2.152
2.1496
2.1492
2.1532
2.1488
2.15
2.1508
2.1512
2.15
2.1496
2.15
2.1516
2.1484
2.15
2.1508
2.1496
2.1504
2.1552
2.1476
2.1532
2.1496
2.1512
2.1468
2.1508
2.1488
2.1508
2.1472
2.1508
2.1488
2.1504
2.1492
2.1492
2.1468
2.1524
2.1456
2.1516
2.1504
2.1504
2.1492
2.1512
2.1504
2.1488
2.148
2.1476
2.1504
2.1504
2.1508
2.15
2.1508
2.15
2.148
2.1516
2.1516
2.1496
2.148
2.1524
2.1504
2.1488
2.1516
2.1516
2.1508
2.1528
2.1464
2.1504
2.1508
2.1488
2.1448
2.148
2.146
2.1476
2.1504
2.1528
2.15
2.152
2.15
2.152
2.1504
2.1496
2.1496
2.1496
2.148
2.15
2.1464
2.152
2.152
2.1488
2.1488
2.1472
2.1488
2.1476
2.1476
2.1508
2.1472
2.1512
2.1492
2.148
2.1468
2.1504
2.1488
2.1492
2.1488
2.1472
2.1496
2.1484
2.1472
2.15
2.148
2.1504
2.1532
2.15
2.148
2.1488
2.1492
2.148
2.1488
2.1516
2.1488
2.1528
2.148
2.15
2.152
2.1472
2.148
2.148
2.146
2.1496
2.1492
2.15
2.1496
2.152
2.1468
2.1512
2.1512
2.1528
2.1472
2.1532
2.1508
2.148
2.1492
2.1508
2.15
2.1508
2.1484
2.1448
2.1464
2.148
2.1472
2.1496
2.1524
2.1484
2.1508
2.152
2.1508
2.1496
2.1468
2.148
2.1448
2.1468
2.148
2.1488
2.1496
2.1484
2.1484
2.1492
2.1496
2.1472
2.1484
2.1484
2.152
2.1484
2.1504
2.1484
2.1464
2.1508
2.1484
2.1516
2.1472
2.1484
2.1496
2.1496
2.152
2.1488
2.1476
2.1488
2.15
2.1488
2.1492
2.1496
2.1472
2.1512
2.1504
2.1508
2.152
2.148
2.144
2.146
2.1484
2.1472
2.148
2.1464
2.148
2.1472
2.1472
2.15
2.1496
2.1488
2.15
2.1484
2.1484
2.1512
2.146
2.1512
2.1476
2.148
2.1532
2.1504
2.1512
2.1508
2.146
2.1492
2.1472
2.1476
2.1492
2.1476
2.148
2.1468
2.1448
2.1512
2.146
2.148
2.1428
2.1488
2.1496
2.1456
2.1488
2.1508
2.1508
2.1524
2.1484
2.1504
2.1504
2.1512
2.1488
2.1504
2.1496
2.1492
2.15
2.1472
2.1488
2.1464
2.1468
2.1492
2.1476
2.1484
2.1476
2.1504
2.1492
2.1468
2.146
2.1508
2.1476
2.1504
2.15
2.1504
2.1492
2.1476
2.1464
2.1484
2.1492
2.1512
2.1472
2.1492
2.1472
2.1492
2.1492
2.1524
2.1516
2.1484
2.1504
2.1496
2.1492
2.1528
2.1492
2.1524
2.1476
2.1484
2.1472
2.1516
2.1492
2.152
2.1496
2.1492
2.15
2.1496
2.1476
2.1516
2.1484
2.1504
2.1532
2.1492
2.1524
2.15
2.1492
2.1492
2.1504
2.1508
2.1464
2.1524
2.152
2.1508
2.1492
2.15
2.1488
2.1472
2.1488
2.1448
2.148
2.1516
2.148
2.1504
2.1468
2.1468
2.1456
2.148
2.1488
2.1512
2.1456
2.1488
2.1484
2.1484
2.1476
2.1504
2.1488
2.1492
2.1464
2.1536
2.1504
2.1504
2.1488
2.1488
2.1516
2.152
2.1488
2.1516
2.1464
2.1528
2.1476
2.1488
2.1488
2.1468
2.15
2.1484
2.1496
2.1496
2.1472
2.1488
2.148
2.1488
2.1488
2.1496
2.1488
2.1496
2.1488
2.1508
2.1476
2.1492
2.1432
2.1512
2.1488
2.1504
2.1504
2.1492
2.1488
2.152
2.1504
2.1504
2.1496
2.1512
2.1488
2.1544
2.15
2.1516
2.1508
2.1504
2.152
2.1508
2.152
2.1516
2.1484
2.1512
2.1464
2.1496
2.15
2.1492
2.15
2.1532
2.15
2.1512
2.1496
2.148
2.1532
2.1496
2.1504
2.152
2.1492
2.1508
2.1472
2.15
2.1476
2.148
2.1504
2.1536
2.1472
2.15
2.1472
2.1496
2.1488
2.1484
2.144
2.1532
2.15
2.1496
2.1484
2.1484
2.1472
2.1508
2.1488
2.1504
2.1496
2.1468
2.1488
2.15
2.1484
2.1504
2.1448
2.1524
2.1512
2.1496
2.1508
2.1504
2.1468
2.15
2.148
2.1528
2.148
2.1496
2.148
2.1464
2.15
2.1512
2.15
2.1516
2.148
2.1508
2.1524
2.1508
2.1504
2.1504
2.15
2.1504
2.1508
2.1504
2.148
2.152
2.1504
2.1508
2.1512
2.1516
2.1484
2.1488
2.15
2.1512
2.1492
2.1512
2.1464
2.1492
2.1484
2.1484
2.1452
2.1488
2.1484
2.1512
2.1552
2.1508
2.1476
2.1508
2.1504
2.1544
2.1516
2.1504
2.1476
2.1464
2.1476
2.1504
2.148
2.1512
2.1476
2.1504
2.1496
2.1524
2.1528
2.1504
2.1484
2.1512
2.15
2.1516
2.1472
2.1512
2.1476
2.1516
2.1464
2.1492
2.148
2.1512
2.15
2.1528
2.1524
2.1512
2.15
2.1504
2.1472
2.1512
2.1484
2.1492
2.1488
2.1464
2.1508
2.1512
2.1476
2.1492
2.15
2.1536
2.1492
2.152
2.1472
2.15
2.152
2.1528
2.1508
2.1492
2.1484
2.1524
2.1476
2.1504
2.152
2.148
2.1488
2.152
2.1508
2.1512
2.1484
2.1536
2.1496
2.1508
2.1464
2.1472
2.15
2.1496
2.148
2.1476
2.1504
2.1524
2.1476
2.152
2.1488
2.1496
2.1476
2.1488
2.1472
2.15
2.1476
2.1508
2.1468
2.1512
2.1484
2.1508
2.1496
2.1512
2.1492
2.15
2.1484
2.1492
2.1488
2.1472
2.1476
2.1492
2.1476
2.1448
2.1508
2.1528
2.1488
2.1516
2.1492
2.1512
2.1476
2.148
2.1488
2.15
2.1476
2.1484
2.1512
2.1464
2.1488
2.1512
2.148
2.1488
2.1448
2.152
2.1488
2.1488
2.1508
2.148
2.1488
2.1476
2.1484
2.148
2.1488
2.1508
2.1476
2.1488
2.146
2.1468
2.1488
2.146
2.1468
2.1472
2.1448
2.15
2.1468
2.1428
2.1488
2.148
2.15
2.1516
2.1464
2.1472
2.146
2.1512
2.1484
2.1512
2.1496
2.1504
2.152
2.1508
2.1476
2.152
2.1484
2.152
2.1508
2.146
2.1508
2.15
2.1496
2.1488
2.1488
2.1504
2.148
2.1468
2.1512
2.1516
2.1476
2.1536
2.1488
2.1536
2.1496
2.1504
2.148
2.1512
2.1484
2.1492
2.1488
2.1496
2.15
2.1484
2.1468
2.1536
2.1516
2.15
2.1516
2.1496
2.1496
2.148
2.1484
2.15
2.1496
2.152
2.1472
2.1508
2.1472
2.1504
2.1472
2.1528
2.1444
2.1504
2.1468
2.15
2.15
2.1496
2.1488
2.1488
2.1484
2.1496
2.1476
2.1484
2.146
2.148
2.1488
2.1524
2.1492
2.1508
2.1504
2.1492
2.1488
2.1464
2.1492
2.1532
2.1456
2.1516
2.148
2.1504
2.1492
2.146
2.1492
2.1504
2.1468
2.1472
2.15
2.1532
2.148
2.1468
2.1484
2.1512
2.1508
2.1504
2.1484
2.1484
2.1484
2.1504
2.15
2.1512
2.15
2.1476
2.1484
2.1492
2.1508
2.1488
2.15
2.1476
2.1512
2.1496
2.148
2.15
2.1464
2.1476
2.1428
2.1496
2.1504
2.1484
2.1472
2.1472
2.1448
2.148
2.1468
2.1488
2.1484
2.1504
2.1488
2.1512
2.1496
2.1492
2.146
2.1496
2.146
2.1472
2.148
2.1512
2.1488
2.1496
2.1468
2.15
2.1468
2.15
2.1504
2.1516
2.1508
2.1516
2.1464
2.1504
2.15
2.1484
2.152
2.1516
2.1512
2.1488
2.1512
2.15
2.1472
2.1496
2.1508
2.1508
2.15
2.1468
2.1488
2.1468
2.1492
2.1468
2.15
2.1488
2.1508
2.15
2.1504
2.15
2.1484
2.15
2.1484
2.1536
2.1476
2.1468
2.1472
2.15
2.1488
2.1548
2.1516
2.1536
2.1488
2.1504
2.1508
2.1524
2.1492
2.1504
2.1488
2.15
2.15
2.1484
2.1476
2.1508
2.1484
2.1484
2.1452
2.1496
2.1476
2.1504
2.148
2.1488
2.1488
2.148
2.1468
2.1484
2.1476
2.1492
2.1496
2.1496
2.1508
2.148
2.1492
2.1496
2.15
2.1468
2.1472
2.1504
2.1496
2.1508
2.1492
2.1508
2.1484
2.1512
2.1504
2.1508
2.1516
2.1464
2.1468
2.1524
2.1512
2.1508
2.1488
2.1496
2.148
2.1504
2.1508
2.1496
2.148
2.1516
2.1484
2.1532
2.1464
2.1468
2.1492
2.1484
2.1468
2.15
2.1484
2.1496
2.1504
2.1504
2.1504
2.1504
2.1476
2.1436
2.1472
2.1472
2.1508
2.152
2.1468
2.1504
2.1476
2.148
2.1496
2.15
2.1492
2.1508
2.1516
2.1512
2.146
2.15
2.1516
2.1496
2.1508
2.1492
2.1492
2.1524
2.152
2.1464
2.1464
2.1476
2.1468
2.1492
2.1488
2.1472
2.1492
2.1464
2.1468
2.1488
2.1472
2.1492
2.1488
2.1516
2.1488
2.1496
2.1508
2.1484
2.1484
2.1536
2.148
2.1524
2.1504
2.15
2.1484
2.146
2.1484
2.1492
2.146
2.1488
2.1528
2.1468
2.1516
2.1508
2.148
2.15
2.1448
2.148
2.1508
2.1508
2.1484
2.1476
2.1516
2.1492
2.1488
2.1496
2.1496
2.15
2.15
2.1504
2.152
2.1488
2.15
2.1508
2.1488
2.1532
2.1504
2.1492
2.1504
2.1512
2.1472
2.15
2.1492
2.1484
2.1516
2.15
2.1492
2.1476
2.1512
2.1472
2.1484
2.1496
2.15
2.1476
2.1508
2.1488
2.1476
2.1488
2.148
2.1504
2.1452
2.1512
2.15
2.1472
2.1496
2.1496
2.148
2.15
2.1484
2.1512
2.1512
2.1496
2.15
2.1504
2.1492
2.152
2.1488
2.1508
2.1492
2.1516
2.148
2.1488
2.1472
2.1472
2.1484
2.1536
2.1512
2.1468
2.1508
2.1476
2.1512
2.1492
2.1496
2.1528
2.1536
2.1496
2.1488
2.1488
2.1492
2.1516
2.146
2.1496
2.1488
2.1496
2.1504
2.1484
2.148
2.1496
2.1488
2.15
2.148
2.1496
2.1472
2.15
2.1476
2.1516
2.1488
2.152
2.1496
2.1476
2.1488
2.1492
2.1472
2.15
2.1484
2.1488
2.15
2.1516
2.1484
2.1492
2.1504
2.152
2.1492
2.148
2.15
2.1512
2.1476
2.1496
2.1484
2.1476
2.1492
2.15
2.1476
2.1516
2.1504
2.1516
2.1496
2.1524
2.1492
2.1496
2.1496
2.1464
2.1472
2.1492
2.1472
2.1484
2.1484
2.1508
2.1488
2.1504
2.1484
2.1504
2.1464
2.152
2.1516
2.1484
2.1476
2.1468
2.148
2.1512
2.1524
2.1516
2.1508
2.1524
2.1528
2.1508
2.1492
2.1508
2.1508
2.1508
2.1456
2.152
2.15
2.1468
2.1508
2.1504
2.1504
2.148
2.1484
2.1504
2.1488
2.1504
2.1496
2.1484
2.15
2.1512
2.1508
2.1492
2.1496
2.148
2.1472
2.1492
2.1524
2.1532
2.1492
2.1544
2.152
2.1492
2.1492
2.1476
2.1484
2.1476
2.15
2.1504
2.1468
2.1508
2.1484
2.1528
2.1516
2.1456
2.148
2.1504
2.1508
2.1524
2.1448
2.1476
2.15
2.1488
2.1484
2.1484
2.1476
2.1472
2.148
2.1496
2.1488
2.1496
2.148
2.1516
2.1472
2.1524
2.1484
2.152
2.1508
2.148
2.1496
2.148
2.1472
2.1524
2.1472
2.1548
2.1548
2.1508
2.1516
2.1496
2.1528
2.1524
2.1488
2.148
2.1484
2.1504
2.1492
2.152
2.15
2.1528
2.1504
2.1532
2.1484
2.1484
2.1528
2.1508
2.1508
2.1512
2.1488
2.1488
2.148
2.154
2.1464
2.1504
2.1508
2.1492
2.1516
2.152
2.1484
2.1476
2.1488
2.15
2.1504
2.1512
2.1484
2.1488
2.1496
2.1516
2.148
2.1532
2.1492
2.148
2.1504
2.1524
2.1468
2.1504
2.1504
2.1496
2.148
2.1488
2.152
2.1532
2.1512
2.1516
2.148
2.148
2.1488
2.1496
2.1512
2.1524
2.15
2.1512
2.1512
2.1492
2.1504
2.1512
2.152
2.148
2.1492
2.1512
2.1492
2.1512
2.1504
2.1512
2.1484
2.1528
2.148
2.15
2.1508
2.1488
2.1492
2.1516
2.1492
2.1492
2.1476
2.1468
2.1492
2.1496
2.1492
2.1528
2.148
2.152
2.1484
2.1488
2.1476
2.1484
2.15
2.148
2.1468
2.1496
2.1504
2.1504
2.1452
2.1512
2.15
2.1476
2.1488
2.148
2.1476
2.15
2.1488
2.1524
2.1508
2.1476
2.1504
2.1528
2.1504
2.152
2.1484
2.15
2.1504
2.1508
2.1464
2.15
2.1488
2.1524
2.1492
2.1528
2.1516
2.1508
2.1496
2.1476
2.1512
2.1464
2.1496
2.1516
2.1468
2.1524
2.1476
2.1508
2.15
2.15
2.15
2.1492
2.1496
2.1524
2.1496
2.1504
2.1472
2.148
2.15
2.1476
2.1512
2.1476
2.1492
2.15
2.15
2.1524
2.1504
2.15
2.15
2.1508
2.1496
2.1528
2.1488
2.1488
2.1476
2.152
2.1512
2.1512
2.1468
2.15
2.1492
2.1504
2.1496
2.1508
2.1496
2.1516
2.1484
2.152
2.1476
2.1516
2.1508
2.1496
2.148
2.1508
2.148
2.1516
2.1512
2.1492
2.1512
2.1512
2.1516
2.1468
2.1472
2.1504
2.152
2.1488
2.1488
2.15
2.1496
2.1496
2.148
2.1496
2.1512
2.1484
2.1532
2.1512
2.1492
2.1516
2.1488
2.1508
2.1508
2.1484
2.1488
2.1504
2.1496
2.148
2.152
2.1524
2.1484
2.1528
2.148
2.1532
2.1476
2.1516
2.1452
2.1504
2.1524
2.1472
2.1464
2.1508
2.15
2.1492
2.1464
2.1512
2.1504
2.1496
2.1488
2.1488
2.1492
2.1504
2.1492
2.1492
2.1496
2.1496
2.1484
2.15
2.15
2.1484
2.1484
2.1516
2.1496
2.1488
2.1472
2.1496
2.1516
2.1488
2.1504
2.1508
2.148
2.1528
2.1484
2.1492
2.1468
2.1488
2.1476
2.1468
2.1504
2.15
2.1472
2.148
2.1496
2.1512
2.148
2.1508
2.1476
2.1476
2.1472
2.1496
2.1484
2.148
2.148
2.1492
2.1472
2.1472
2.1488
2.1504
2.15
2.1476
2.1476
2.1472
2.15
2.1496
2.1492
2.1536
2.152
2.1516
2.1512
2.1508
2.1512
2.1512
2.1488
2.1516
2.1496
2.1512
2.1496
2.1496
2.152
2.1488
2.1468
2.1452
2.148
2.1488
2.1488
2.1496
2.1496
2.1512
2.1492
2.15
2.1528
2.1488
2.148
2.1528
2.1488
2.1488
2.1472
2.1492
2.1496
2.1492
2.148
2.1492
2.1476
2.1468
2.1472
2.1488
2.15
2.1492
2.1488
2.1488
2.1484
2.15
2.1464
2.1484
2.1512
2.1504
2.1488
2.1476
2.1488
2.1512
2.1472
2.1484
2.15
2.1516
2.1512
2.1516
2.148
2.1504
2.1492
2.15
2.1488
2.1492
2.1484
2.1476
2.15
2.15
2.1492
2.15
2.148
2.1472
2.1476
2.1504
2.1492
2.1512
2.1488
2.1508
2.1508
2.1492
2.1484
2.1492
2.1488
2.1468
2.1468
2.15
2.1492
2.1516
2.1452
2.1496
2.1452
2.1504
2.1508
2.1496
2.152
2.1508
2.1496
2.1484
2.1532
2.1488
2.15
2.1496
2.152
2.15
2.15
2.148
2.1484
2.1496
2.1472
2.1496
2.1496
2.1492
2.1508
2.1484
2.1508
2.1504
2.1508
2.1472
2.1472
2.1496
2.15
2.148
2.1512
2.1496
2.1484
2.154
2.148
2.1512
2.1468
2.1476
2.1492
2.1492
2.1488
2.15
2.1512
2.148
2.15
2.1468
2.1456
2.148
2.1476
2.1508
2.1492
2.1516
2.1476
2.1492
2.1488
2.1496
2.1496
2.1476
2.1504
2.1508
2.1476
2.1532
2.1532
2.1472
2.1424
2.1484
2.1492
2.1508
2.1476
2.1484
2.15
2.1496
2.1508
2.1488
2.1468
2.1504
2.1488
2.1484
2.1512
2.1512
2.1448
2.1516
2.148
2.1496
2.1476
2.1516
2.1492
2.1532
2.1476
2.1468
2.15
2.1508
2.1484
2.1484
2.148
2.1524
2.1488
2.1484
2.1448
2.1472
2.1508
2.1484
2.1492
2.1452
2.146
2.1512
2.1488
2.1496
2.1496
2.1508
2.1504
2.1468
2.1484
2.1504
2.1476
2.1472
2.1504
2.148
2.1504
2.1516
2.1428
2.1472
2.1508
2.1488
2.1452
2.1504
2.1492
2.1512
2.148
2.1504
2.1508
2.1516
2.1496
2.1504
2.1492
2.1476
2.1496
2.1516
2.1504
2.1512
2.1468
2.1492
2.1504
2.1472
2.144
2.15
2.15
2.1496
2.1476
2.1496
2.1496
2.1532
2.1504
2.1508
2.1476
2.1488
2.1488
2.1512
2.1524
2.1524
2.1472
2.1488
2.152
2.1488
2.1496
2.1464
2.1492
2.1504
2.148
2.152
2.1468
2.1488
2.1476
2.1516
2.15
2.1512
2.1476
2.1484
2.1484
2.1488
2.1472
2.1484
2.1488
2.15
2.1504
2.1508
2.1476
2.1512
2.1484
2.1496
2.1468
2.148
2.15
2.1496
2.1512
2.1524
2.1472
2.1532
2.1512
2.1508
2.1512
2.1512
2.1516
2.1492
2.1496
2.1516
2.152
2.1464
2.1492
2.1496
2.1496
2.1492
2.1492
2.1504
2.1504
2.15
2.1504
2.1492
2.1508
2.1508
2.1488
2.1528
2.148
2.1492
2.1488
2.152
2.1504
2.1464
2.1472
2.1496
2.1472
2.1472
2.1468
2.152
2.1496
2.15
2.1468
2.1496
2.1508
2.1456
2.1476
2.1496
2.1484
2.1504
2.1516
2.148
2.1488
2.1528
2.148
2.148
2.148
2.1492
2.148
2.15
2.1504
2.1544
2.1476
2.1492
2.1484
2.1464
2.1472
2.1496
2.1504
2.1476
2.1456
2.1504
2.1488
2.15
2.1464
2.1496
2.1504
2.1508
2.1484
2.1488
2.15
2.1532
2.1468
2.148
2.1484
2.1504
2.1484
2.1492
2.146
2.15
2.1492
2.152
2.1472
2.1508
2.1476
2.1488
2.148
2.1444
2.1476
2.1492
2.1492
2.1516
2.1456
2.146
2.1476
2.1508
2.1488
2.1504
2.1492
2.1484
2.1508
2.1524
2.1472
2.15
2.1468
2.1496
2.1488
2.1496
2.1452
2.1468
2.15
2.1472
2.1472
2.1496
2.148
2.1472
2.1496
2.15
2.148
2.1492
2.1484
2.1508
2.1496
2.1472
2.1488
2.1468
2.1492
2.1516
2.144
2.1516
2.15
2.15
2.1484
2.1484
2.1496
2.1484
2.1492
2.1496
2.1488
2.1492
2.146
2.1496
2.148
2.1508
2.1492
2.1484
2.1488
2.1484
2.148
2.1508
2.1492
2.148
2.1456
2.1468
2.1476
2.1516
2.1472
2.1476
2.15
2.1492
2.1484
2.1488
2.1512
2.15
2.1504
2.1516
2.1464
2.1548
2.1472
2.1488
2.1492
2.1496
2.1464
2.1468
2.1492
2.1496
2.1524
2.1488
2.15
2.1508
2.1476
2.1492
2.1492
2.1476
2.1456
2.1508
2.1492
2.1528
2.1488
2.1492
2.1496
2.1464
2.1484
2.1504
2.1488
2.1516
2.1468
2.1488
2.1496
2.1472
2.1476
2.1484
2.1476
2.148
2.1496
2.1492
2.1504
2.1532
2.1508
2.1496
2.1492
2.1472
2.1496
2.1492
2.1492
2.1492
2.1504
2.1504
2.1496
2.1488
2.1476
2.1508
2.1472
2.1472
2.152
2.1476
2.1532
2.148
2.148
2.1492
2.15
2.1504
2.1488
2.1516
2.1484
2.1464
2.1504
2.1524
2.1492
2.152
2.146
2.1508
2.1516
2.1508
2.1516
2.1508
2.1528
2.1512
2.1484
2.1516
2.1484
2.1504
2.1456
2.1496
2.15
2.1516
2.15
2.146
2.152
2.1516
2.1508
2.1488
2.1492
2.152
2.1488
2.1496
2.1488
2.15
2.152
2.1496
2.1508
2.15
2.1492
2.152
2.1496
2.1496
2.1488
2.1536
2.1508
2.1532
2.1512
2.1464
2.15
2.15
2.1496
2.148
2.1476
2.1564
2.1504
2.1512
2.1488
2.1484
2.1488
2.1488
2.1524
2.1508
2.1476
2.1496
2.148
2.1496
2.1512
2.1488
2.1512
2.1528
2.1476
2.1532
2.1516
2.1508
2.1488
2.1484
2.15
2.1512
2.1472
2.148
2.1496
2.1512
2.1496
2.152
2.1488
2.1512
2.1496
2.1512
2.1484
2.1504
2.1472
2.1464
2.1508
2.1508
2.1504
2.1504
2.1516
2.1496
2.1508
2.1516
2.1508
2.1484
2.148
2.1504
2.1512
2.1544
2.1488
2.1524
2.1484
2.1508
2.1508
2.1504
2.1512
2.1508
2.15
2.1492
2.1496
2.1484
2.1496
2.1512
2.1516
2.1508
2.1492
2.1464
2.1496
2.1476
2.1496
2.1516
2.1496
2.152
2.1528
2.15
2.1516
2.1488
2.15
2.154
2.1492
2.154
2.1488
2.1496
2.1484
2.1492
2.1468
2.1508
2.1492
2.1484
2.1484
2.15
2.1496
2.152
2.1508
2.1504
2.1504
2.1504
2.1488
2.1508
2.1496
2.152
2.1484
2.1516
2.1492
2.1488
2.1476
2.15
2.148
2.1496
2.148
2.1504
2.152
2.1464
2.1504
2.1508
2.148
2.148
2.15
2.15
2.1516
2.1496
2.1476
2.1524
2.1468
2.1484
2.1472
2.148
2.1472
2.1488
2.1456
2.1488
2.1468
2.1496
2.1492
2.1504
2.1488
2.15
2.1496
2.1472
2.1504
2.1472
2.1476
2.148
2.1468
2.1484
2.148
2.1476
2.1496
2.1496
2.1496
2.15
2.1452
2.1496
2.15
2.15
2.15
2.15
2.1436
2.1512
2.1492
2.1484
2.1496
2.1512
2.1504
2.1496
2.1464
2.1492
2.1496
2.1484
2.1492
2.154
2.154
2.1512
2.1484
2.1484
2.1512
2.1484
2.1476
2.1512
2.1496
2.1468
2.1484
2.1476
2.1504
2.1468
2.148
2.1508
2.1472
2.1472
2.1468
2.1452
2.1484
2.1488
2.1472
2.1516
2.1452
2.1492
2.1456
2.1492
2.1516
2.1492
2.1468
2.1508
2.1508
2.1504
2.1508
2.15
2.1488
2.1504
2.1448
2.1532
2.1488
2.1496
2.1488
2.1512
2.1528
2.1456
2.1468
2.148
2.148
2.152
2.1452
2.1508
2.1488
2.1472
2.1468
2.1488
2.1492
2.1484
2.1524
2.1512
2.1456
2.1468
2.148
2.146
2.1508
2.1508
2.1476
2.1512
2.1472
2.148
2.1504
2.1524
2.1484
2.1464
2.148
2.146
2.1456
2.1488
2.1464
2.1496
2.148
2.1496
2.1476
2.1508
2.15
2.1524
2.1484
2.15
2.1496
2.1512
2.1484
2.15
2.1496
2.148
2.15
2.1496
2.1496
2.1496
2.1484
2.1484
2.15
2.1524
2.1492
2.1472
2.15
2.1484
2.1508
2.1508
2.1484
2.1512
2.1472
2.1512
2.1464
2.1492
2.1468
2.1508
2.1496
2.1512
2.15
2.1532
2.15
2.15
2.1472
2.15
2.1476
2.1508
2.1496
2.1508
2.1504
2.15
2.1512
2.1476
2.1508
2.1496
2.1456
2.1472
2.1488
2.1484
2.1496
2.152
2.1508
2.1512
2.1492
2.1492
2.148
2.1512
2.1496
2.1516
2.1484
2.1508
2.146
2.1516
2.1472
2.1492
2.1448
2.1492
2.148
2.1504
2.148
2.15
2.1492
2.1508
2.1512
2.148
2.1492
2.1496
2.148
2.1516
2.1508
2.1492
2.1464
2.1492
2.1492
2.1504
2.1472
2.1488
2.1496
2.1512
2.1492
2.148
2.1508
2.1488
2.1492
2.1544
2.1488
2.1548
2.1476
2.1512
2.1472
2.15
2.152
2.1512
2.146
2.1512
2.15
2.1484
2.1488
2.1492
2.1496
2.1492
2.1496
2.1492
2.1488
2.152
2.1512
2.1512
2.1488
2.1512
2.1464
2.1504
2.1492
2.1508
2.15
2.15
2.1472
2.1488
2.148
2.1512
2.1448
2.1516
2.1484
2.1524
2.1476
2.1548
2.1508
2.1504
2.1504
2.1512
2.1528
2.154
2.148
2.15
2.1512
2.1496
2.1516
2.1532
2.1524
2.1496
2.15
2.1492
2.1508
2.1508
2.1472
2.1496
2.1484
2.1492
2.1492
2.1516
2.1508
2.1504
2.1484
2.15
2.1512
2.1516
2.1484
2.1504
2.1512
2.1496
2.1488
2.1512
2.1508
2.1532
2.148
2.1508
2.1484
2.1516
2.1504
2.1504
2.1504
2.15
2.1488
2.1488
2.1492
2.1516
2.1492
2.152
2.1492
2.1496
2.1496
2.15
2.148
2.1492
2.148
2.1492
2.1512
2.1504
2.1496
2.1468
2.1488
2.1504
2.1476
2.1504
2.1492
2.1476
2.1484
2.1508
2.1468
2.1468
2.1496
2.1484
2.1496
2.148
2.1468
2.1508
2.15
2.1432
2.146
2.148
2.1468
2.1468
2.144
2.1464
2.1428
2.1436
2.1428
2.1448
2.1416
2.1484
2.1432
2.148
2.1428
2.144
2.1396
2.1456
2.1448
2.1444
2.142
2.142
2.1408
2.14
2.138
2.1416
2.1376
2.142
2.1376
2.1412
2.1376
2.136
2.1364
2.1412
2.1392
2.1368
2.1392
2.142
2.1368
2.1356
2.1324
2.134
2.1312
2.1324
2.1336
2.1328
2.132
2.1324
2.1276
2.132
2.1304
2.1288
2.1272
2.1284
2.1252
2.1272
2.1236
2.1268
2.1256
2.1228
2.12
2.1204
2.1168
2.1212
2.1172
2.1184
2.116
2.12
2.1128
2.1132
2.1164
2.1136
2.1108
2.1164
2.1112
2.112
2.1052
2.1096
2.1092
2.108
2.1048
2.106
2.1012
2.1036
2.1012
2.0992
2.0976
2.0992
2.098
2.0976
2.092
2.098
2.0948
2.0924
2.0924
2.0928
2.088
2.088
2.0872
2.0868
2.086
2.0844
2.0844
2.082
2.0804
2.0828
2.0768
2.0812
2.0768
2.0772
2.0724
2.0748
2.0704
2.074
2.07
2.0696
2.0684
2.0648
2.0636
2.0652
2.0608
2.0596
2.06
2.0576
2.058
2.0556
2.0512
2.0536
2.054
2.0508
2.0476
2.0488
2.048
2.0468
2.0436
2.0468
2.042
2.0444
2.0388
2.038
2.0356
2.0384
2.0348
2.0348
2.0336
2.0364
2.0324
2.0312
2.0284
2.0276
2.0256
2.0248
2.0244
2.024
2.0208
2.0196
2.0188
2.0176
2.0136
2.018
2.0132
2.0152
2.0088
2.01
2.0076
2.0108
2.004
2.0068
2.0072
2.004
2.0004
2.002
1.996
2.002
1.996
1.9988
1.9956
1.996
1.9916
1.9936
1.992
1.99
1.9888
1.9864
1.9884
1.984
1.9872
1.9836
1.9796
1.984
1.9828
1.9828
1.9824
1.9768
1.9784
1.978
1.9756
1.9796
1.9732
1.9756
1.972
1.9736
1.972
1.9692
1.9676
1.9684
1.9656
1.9676
1.968
1.966
1.9624
1.968
1.9628
1.9636
1.9612
1.9596
1.9568
1.9564
1.9528
1.9548
1.9524
1.9544
1.9552
1.9548
1.952
1.9512
1.9508
1.9528
1.9524
1.9524
1.946
1.95
1.946
1.9512
1.9436
1.9456
1.9436
1.95
1.9436
1.944
1.9436
1.9456
1.9448
1.9428
1.9392
1.9408
1.9388
1.9436
1.9384
1.9388
1.9372
1.9412
1.9348
1.9364
1.934
1.9356
1.9312
1.9364
1.9356
1.9352
1.9324
1.9368
1.9312
1.934
1.9288
1.934
1.9324
1.932
1.9328
1.9344
1.9316
1.9312
1.9268
1.93
1.926
1.9308
1.9272
1.9324
1.926
1.9296
1.9292
1.9284
1.9228
1.9276
1.9256
1.9292
1.9308
1.9272
1.9264
1.9268
1.926
1.924
1.9272
1.9296
1.9244
1.9252
1.928
1.9268
1.9252
1.924
1.9232
1.9296
1.924
1.9272
1.924
1.9264
1.9252
1.922
1.924
1.9252
1.9252
1.9268
1.9204
1.9256
1.9248
1.9236
1.9224
1.9236
1.9248
1.9276
1.9228
1.924
1.9232
1.9228
1.9212
1.926
1.9248
1.9244
1.924
1.9252
1.9244
1.9284
1.9252
1.9236
1.9256
1.9228
1.9248
1.9252
1.9236
1.9292
1.922
1.9268
1.9248
1.9248
1.9248
1.9228
1.9232
1.9232
1.9232
1.928
1.9248
1.9244
1.9264
1.9228
1.9268
1.9272
1.9244
1.9292
1.9228
1.928
1.924
1.9288
1.9288
1.9284
1.928
1.928
1.9248
1.9292
1.9256
1.9292
1.9272
1.9316
1.9268
1.926
1.9288
1.93
1.9264
1.9336
1.93
1.9304
1.9272
1.9328
1.9308
1.9316
1.9312
1.9316
1.932
1.9344
1.9316
1.9316
1.9312
1.934
1.932
1.9364
1.9336
1.936
1.932
1.9344
1.9332
1.9348
1.9324
1.9348
1.9324
1.938
1.934
1.9404
1.9376
1.9396
1.938
1.9384
1.9384
1.9376
1.9388
1.9376
1.9388
1.9376
1.9388
1.9424
1.9384
1.9416
1.9384
1.9392
1.9392
1.9408
1.9408
1.9464
1.942
1.9432
1.9408
1.944
1.9436
1.9424
1.9464
1.9456
1.9428
1.946
1.9456
1.9464
1.9428
1.9492
1.9452
1.9492
1.9464
1.944
1.948
1.95
1.9456
1.9536
1.9492
1.9516
1.9504
1.948
1.95
1.9524
1.9516
1.9504
1.9496
1.9544
1.9528
1.9532
1.952
1.9552
1.9508
1.9548
1.9524
1.9584
1.9556
1.958
1.9572
1.9608
1.9564
1.9556
1.9568
1.9576
1.9568
1.9604
1.9608
1.9624
1.9608
1.9624
1.956
1.9636
1.9576
1.9612
1.962
1.9624
1.9628
1.9628
1.9604
1.966
1.9628
1.9664
1.9648
1.9684
1.9684
1.97
1.966
1.9692
1.9696
1.9668
1.9668
1.9692
1.97
1.9724
1.9688
1.9704
1.9704
1.9712
1.9708
1.97
1.9708
1.974
1.9752
1.9748
1.9708
1.9728
1.972
1.9764
1.972
1.9788
1.9712
1.9764
1.9752
1.9788
1.976
1.9808
1.9768
1.978
1.9808
1.9816
1.9792
1.98
1.9784
1.9816
1.9816
1.982
1.9832
1.9856
1.9836
1.9848
1.9796
1.9868
1.9852
1.9856
1.9872
1.9892
1.984
1.9884
1.9836
1.9864
1.9892
1.99
1.9852
1.9912
1.9872
1.99
1.9912
1.9888
1.9912
1.9912
1.9924
1.992
1.9924
1.9952
1.9936
1.9952
1.9904
1.9956
1.992
1.9964
1.9932
1.9944
1.9972
2.0016
1.9972
2
1.9992
1.9988
2
1.9976
1.9988
2
2.0004
2.0008
1.9984
2.0024
2
1.9992
2.0016
2.0016
2.0036
2.0048
2
2.0056
2.0044
2.0056
2.0036
2.0096
2.0028
2.0064
2.004
2.0048
2.0056
2.0068
2.0096
2.012
2.008
2.0108
2.0108
2.0104
2.01
2.0084
2.0124
2.0124
2.0116
2.0092
2.0128
2.0132
2.0104
2.0116
2.0128
2.0152
2.0116
2.0156
2.0132
2.0144
2.0156
2.0168
2.0164
2.0188
2.0184
2.0212
2.0148
2.0216
2.0168
2.022
2.0188
2.022
2.0208
2.0216
2.018
2.024
2.0204
2.0248
2.0232
2.0244
2.0248
2.0248
2.0256
2.0276
2.0228
2.0248
2.0224
2.0272
2.0244
2.0264
2.0268
2.028
2.0284
2.028
2.0264
2.0288
2.0268
2.0296
2.03
2.032
2.0288
2.0324
2.0284
2.0344
2.0332
2.0324
2.0324
2.0312
2.032
2.0328
2.0312
2.034
2.032
2.0348
2.0384
2.0396
2.0344
2.0388
2.036
2.0376
2.0376
2.0396
2.0376
2.0416
2.0384
2.0388
2.038
2.0416
2.0388
2.0412
2.0408
2.0432
2.0412
2.0416
2.044
2.0436
2.0436
2.0456
2.0408
2.044
2.0416
2.0424
2.0432
2.0448
2.0456
2.0456
2.0452
2.0468
2.0472
2.0476
2.0468
2.0496
2.0444
2.0516
2.0472
2.0484
2.048
2.0512
2.05
2.0552
2.0484
2.05
2.0496
2.0532
2.0512
2.0512
2.052
2.0532
2.0524
2.0524
2.0544
2.056
2.0552
2.052
2.0512
2.0552
2.0544
2.0576
2.0536
2.0576
2.0548
2.0564
2.0556
2.0556
2.0552
2.0564
2.0584
2.0624
2.0556
2.0592
2.06
2.062
2.0592
2.06
2.0596
2.0612
2.0596
2.0628
2.0604
2.0616
2.0592
2.0628
2.064
2.0652
2.0636
2.0644
2.0616
2.0644
2.062
2.0668
2.0624
2.0664
2.0656
2.0628
2.0652
2.0656
2.0656
2.0676
2.0648
2.0716
2.0648
2.0672
2.066
2.066
2.0664
2.0688
2.062
2.0676
2.0708
2.0684
2.0688
2.0676
2.0664
2.07
2.0716
2.0736
2.0712
2.0728
2.0712
2.074
2.072
2.0728
2.0724
2.0756
2.07
2.0748
2.0712
2.0744
2.0736
2.0744
2.0768
2.0752
2.072
2.0764
2.076
2.0784
2.0772
2.0776
2.0756
2.0772
2.0776
2.0748
2.078
2.0808
2.0744
2.078
2.0772
2.0792
2.0744
2.0832
2.0808
2.0784
2.0792
2.0816
2.0784
2.082
2.0804
2.0812
2.0804
2.0856
2.0816
2.0844
2.0804
2.0852
2.082
2.0816
2.0808
2.0844
2.084
2.086
2.0808
2.0848
2.082
2.0836
2.0872
2.0868
2.0836
2.0832
2.084
2.0884
2.0856
2.0848
2.086
2.0872
2.0896
2.0868
2.0852
2.0904
2.088
2.0888
2.0856
2.0876
2.0888
2.0908
2.0884
2.09
2.0892
2.0908
2.0892
2.0916
2.0876
2.094
2.0916
2.0924
2.09
2.0908
2.0904
2.0928
2.0912
2.0948
2.0916
2.0932
2.0916
2.0912
2.094
2.0932
2.092
2.0936
2.0912
2.0948
2.0932
2.0948
2.0932
2.096
2.0936
2.0996
2.0948
2.0956
2.0964
2.0976
2.0952
2.0968
2.0936
2.0948
2.0952
2.098
2.0948
2.0972
2.094
2.1016
2.098
2.1
2.0956
2.0988
2.098
2.1
2.098
2.1004
2.0988
2.102
2.1036
2.1024
2.1044
2.104
2.1
2.1032
2.1
2.1032
2.0992
2.106
2.1036
2.1052
2.1016
2.1044
2.1016
2.1036
2.1016
2.1028
2.1024
2.1052
2.106
2.1068
2.1064
2.106
2.106
2.106
2.0996
2.108
2.1064
2.1056
2.1044
2.11
2.1028
2.1084
2.1068
2.11
2.1108
2.1064
2.1064
2.1096
2.106
2.11
2.1084
2.1108
2.1052
2.1088
2.1064
2.106
2.108
2.1112
2.1072
2.11
2.106
2.11
2.106
2.1092
2.1096
2.108
2.1092
2.1124
2.106
2.1128
2.1084
2.1132
2.1124
2.1128
2.1068
2.1092
2.1108
2.1132
2.1136
2.1124
2.114
2.1104
2.1128
2.1128
2.1112
2.1128
2.1136
2.1148
2.1116
2.1164
2.1108
2.116
2.112
2.1192
2.1148
2.1184
2.1148
2.1132
2.1144
2.1152
2.116
2.1148
2.1148
2.1148
2.1156
2.1168
2.1176
2.1188
2.1156
2.1192
2.116
2.1176
2.1188
2.1176
2.1208
2.1216
2.1172
2.1208
2.1156
2.1184
2.1156
2.1168
2.1212
2.1196
2.1168
2.1192
2.1184
2.12
2.1212
2.1204
2.118
2.1188
2.1196
2.1224
2.1204
2.124
2.1188
2.1204
2.1192
2.1212
2.1216
2.12
2.1216
2.1232
2.1236
2.1236
2.1196
2.1216
2.1196
2.124
2.1212
2.1204
2.12
2.1256
2.1216
2.1268
2.1244
2.1224
2.1228
2.1236
2.1212
2.122
2.1244
2.1248
2.1232
2.1248
2.1264
2.1256
2.124
2.1264
2.1216
2.1272
2.1252
2.128
2.1248
2.1264
2.1268
2.1276
2.1224
2.1252
2.1216
2.1264
2.1256
2.1276
2.1248
2.1272
2.1268
2.1272
2.1284
2.1288
2.1248
2.1272
2.1264
2.1268
2.1268
2.132
2.1244
2.1288
2.1284
2.128
2.1276
2.13
2.1244
2.128
2.1272
2.1296
2.1276
2.1264
2.1268
2.1312
2.1252
2.1304
2.1292
2.132
2.128
2.1328
2.1288
2.1316
2.13
2.13
2.132
2.132
2.1308
2.1344
2.13
2.1344
2.1328
2.1312
2.13
2.1336
2.1324
2.1332
2.1316
2.1344
2.1304
2.1332
2.1292
2.1336
2.1328
2.1348
2.1316
2.1332
2.1324
2.1364
2.1312
2.1344
2.134
2.1312
2.1324
2.1324
2.1316
2.1352
2.1312
2.1352
2.1316
2.1348
2.138
2.1352
2.1352
2.1352
2.1372
2.1372
2.1368
2.1356
2.1344
2.1324
2.132
2.1384
2.1356
2.1388
2.138
2.1356
2.1328
2.1364
2.132
2.1372
2.134
2.1372
2.1404
2.1372
2.1368
2.1372
2.1324
2.1376
2.1336
2.1372
2.1364
2.1364
2.1376
2.1372
2.1364
2.1388
2.1372
2.1428
2.1416
2.1416
2.1372
2.1372
2.1368
2.1384
2.1392
2.1396
2.1388
2.1396
2.1372
2.1396
2.138
2.1388
2.1376
2.142
2.14
2.1396
2.138
2.1408
2.138
2.1392
2.1384
2.142
2.1368
2.1388
2.1392
2.138
2.1416
2.1416
2.1408
2.1428
2.1368
2.1432
2.1372
2.1388
2.138
2.1424
2.1368
2.1428
2.1408
2.1424
2.14
2.1428
2.1384
2.142
2.1432
2.1416
2.1416
2.1408
2.1396
2.1432
2.1428
2.1444
2.1408
2.1428
2.1424
2.1448
2.1408
2.1432
2.1424
2.1436
2.1436
2.1452
2.1428
2.1464
2.1448
2.1448
2.144
2.144
2.1468
2.1428
2.146
2.1468
2.1412
2.1492
2.1444
2.1412
2.1448
2.1456
2.1444
2.144
2.1436
2.1456
2.1428
2.144
2.1456
2.1452
2.1468
2.1468
2.1452
2.1456
2.1412
2.1428
2.1448
2.1472
2.144
2.1464
2.1456
2.1464
2.1436
2.146
2.1432
2.1448
2.1448
2.1448
2.1428
2.1484
2.1428
2.1472
2.1464
2.1464
2.1444
2.1452
2.1436
2.148
2.142
2.1464
2.1472
2.1472
2.1496
2.1476
2.146
2.1464
2.1464
2.1448
2.1472
2.148
2.1464
2.15
2.1476
2.1488
2.1448
2.15
2.1456
2.1496
2.1496
2.1476
2.148
2.1504
2.1488
2.1488
2.1488
2.1528
2.1492
2.1512
2.1496
2.1484
2.1484
2.15
2.1456
2.1464
2.1464
2.1476
2.1496
2.1508
2.1488
2.148
2.148
2.1524
2.146
2.1508
2.1476
2.15
2.152
2.1504
2.1484
2.1508
2.15
2.1496
2.1492
2.1508
2.1508
2.1508
2.1492
2.1528
2.1504
2.15
2.152
2.1496
2.1508
2.15
2.1488
2.1516
2.1484
2.1524
2.148
2.15
2.1496
2.154
2.15
2.1524
2.1496
2.1524
2.1512
2.1552
2.1504
2.1516
2.1508
2.1512
2.1504
2.1524
2.1488
2.1524
2.1524
2.1488
2.1508
2.1504
2.1504
2.1512
2.152
2.1524
2.152
2.1512
2.152
2.1564
2.1552
2.154
2.1488
2.154
2.1512
2.1524
2.1508
2.1524
2.1536
2.156
2.1528
2.1536
2.1504
2.1508
2.1516
2.1544
2.152
2.1536
2.1524
2.1544
2.1552
2.1548
2.1524
2.1548
2.154
2.1548
2.154
2.1568
2.1544
2.1556
2.154
2.1532
2.1548
2.1528
2.152
2.158
2.1528
2.1592
2.1536
2.1528
2.1536
2.154
2.1524
2.1556
2.1552
2.1528
2.1516
2.1512
2.154
2.1532
2.1564
2.1544
2.1556
2.1532
2.1524
2.154
2.1532
2.1552
2.1528
2.1568
2.1548
2.1548
2.1544
2.1556
2.1548
2.1588
2.1536
2.1576
2.1576
2.1564
2.1568
2.1588
2.156
2.1572
2.1548
2.1576
2.1564
2.1556
2.1544
2.1576
2.1536
2.158
2.1528
2.154
2.1588
2.1588
2.154
2.1584
2.1548
2.1536
2.1564
2.1556
2.1564
2.1532
2.16
2.1588
2.1552
2.16
2.1564
2.1584
2.1532
2.1576
2.1564
2.1576
2.1556
2.1608
2.1556
2.1604
2.1572
2.1536
2.1548
2.1588
2.1572
2.1564
2.154
2.1584
2.156
2.158
2.1544
2.1568
2.1588
2.158
2.1556
2.16
2.1576
2.1588
2.1564
2.1596
2.1556
2.1596
2.1584
2.158
2.1584
2.1576
2.1576
2.1636
2.1564
2.1584
2.1572
2.1564
2.1572
2.1588
2.1552
2.16
2.156
2.1596
2.1596
2.1592
2.162
2.1612
2.1556
2.1564
2.1576
2.1576
2.1592
2.1612
2.1572
2.16
2.1564
2.1604
2.1568
2.156
2.156
2.1592
2.158
2.1628
2.1604
2.1592
2.1608
2.1592
2.1588
2.1616
2.1556
2.1584
2.156
2.1596
2.1584
2.1644
2.1584
2.1604
2.156
2.1604
2.158
2.1584
2.1584
2.1588
2.1608
2.1592
2.1576
2.1592
2.1604
2.16
2.1592
2.1604
2.1592
2.1592
2.1576
2.1604
2.1572
2.1632
2.1616
2.1612
2.1584
2.1572
2.1592
2.1612
2.1584
2.1612
2.158
2.1608
2.1592
2.16
2.16
2.1596
2.1572
2.1652
2.1584
2.1608
2.1572
2.1608
2.1628
2.1632
2.1568
2.1564
2.1596
2.1612
2.1584
2.1656
2.1624
2.1608
2.1592
2.1604
2.1548
2.1616
2.1564
2.1624
2.1576
2.1628
2.158
2.1624
2.1608
2.1592
2.1572
2.1624
2.1584
2.1668
2.162
2.1632
2.1636
2.1596
2.1616
2.1632
2.16
2.1628
2.16
2.1648
2.1604
2.1632
2.16
2.16
2.1584
2.164
2.1588
2.1644
2.1584
2.1632
2.1608
2.162
2.1632
2.1656
2.1628
2.1624
2.1612
2.162
2.1612
2.1632
2.1636
2.1612
2.1592
2.1624
2.1624
2.1656
2.1592
2.164
2.16
2.1624
2.1608
2.1632
2.1624
2.1588
2.162
2.166
2.1604
2.1608
2.1596
2.164
2.1592
2.1628
2.1616
2.1624
2.1644
2.1636
2.1624
2.166
2.1636
2.1636
2.1604
2.1652
2.1652
2.1668
2.1628
2.166
2.1652
2.1652
2.1616
2.1636
2.1608
2.1596
2.1632
2.164
2.1632
2.1608
2.1612
2.1624
2.1624
2.1644
2.1596
2.1648
2.1604
2.164
2.1636
2.1636
2.1644
2.1656
2.1628
2.1656
2.1628
2.1648
2.1636
2.1656
2.1648
2.1652
2.162
2.1624
2.1628
2.1632
2.162
2.166
2.1644
2.1656
2.1616
2.1656
2.1652
2.1656
2.1656
2.1656
2.1616
2.1628
2.16
2.1644
2.1636
2.1644
2.1636
2.1672
2.1652
2.1664
2.1628
2.1696
2.1628
2.1636
2.1632
2.166
2.1652
2.1648
2.164
2.168
2.1664
2.1652
2.164
2.1628
2.166
2.166
2.1648
2.166
2.1648
2.1652
2.1636
2.1672
2.1652
2.1688
2.1632
2.1676
2.1612
2.1656
2.162
2.1652
2.164
2.1628
2.1644
2.17
2.1648
2.166
2.1624
2.1656
2.1652
2.1684
2.1628
2.164
2.1644
2.1656
2.164
2.1676
2.1648
2.1628
2.1652
2.168
2.1624
2.1648
2.1616
2.1644
2.1636
2.1672
2.1652
2.1664
2.1656
2.1656
2.1648
2.1672
2.1676
2.1692
2.1632
2.1692
2.1644
2.1696
2.1672
2.1652
2.164
2.1664
2.1672
2.1668
2.1648
2.1644
2.1632
2.1664
2.164
2.1648
2.1644
2.1652
2.166
2.1664
2.1632
2.17
2.1656
2.1684
2.1664
2.168
2.1656
2.1652
2.164
2.1684
2.1692
2.1676
2.1648
2.1656
2.1656
2.1676
2.1664
2.1668
2.1652
2.166
2.1644
2.1664
2.1652
2.1656
2.1672
2.166
2.1624
2.168
2.1636
2.1668
2.1656
2.1664
2.1616
2.1688
2.1668
2.1636
2.166
2.1684
2.166
2.1692
2.1676
2.1708
2.1684
2.166
2.1668
2.166
2.1668
2.1664
2.1636
2.1704
2.1676
2.166
2.1692
2.1668
2.1668
2.1676
2.1632
2.1676
2.1652
2.1664
2.1664
2.1708
2.168
2.1672
2.1644
2.1676
2.1676
2.1672
2.1652
2.1648
2.1684
2.1668
2.1644
2.1668
2.1668
2.1672
2.1636
2.1688
2.1672
2.17
2.1664
2.1708
2.1664
2.1668
2.1672
2.1688
2.1672
2.1704
2.1632
2.1676
2.17
2.1684
2.164
2.1712
2.1632
2.168
2.1644
2.168
2.1736
2.168
2.1652
2.17
2.168
2.1684
2.1668
2.166
2.168
2.166
2.1664
2.1688
2.1672
2.1664
2.168
2.17
2.1672
2.1684
2.1668
2.17
2.1676
2.17
2.1632
2.1688
2.1668
2.1696
2.1676
2.1692
2.1668
2.168
2.1656
2.1684
2.1652
2.1704
2.1692
2.1684
2.1688
2.1696
2.1652
2.17
2.1692
2.168
2.1684
2.1692
2.166
2.168
2.1672
2.1712
2.1668
2.1692
2.1688
2.1708
2.168
2.1692
2.1652
2.1668
2.168
2.1668
2.1644
2.1684
2.1676
2.1672
2.1668
2.1704
2.1744
2.1684
2.166
2.1716
2.1676
2.168
2.168
2.1692
2.1688
2.1704
2.1688
2.172
2.1648
2.1696
2.1644
2.1712
2.1672
2.1704
2.1664
2.1712
2.168
2.1684
2.168
2.1696
2.1708
2.1716
2.1652
2.1724
2.1704
2.172
2.166
2.1692
2.1692
2.1668
2.17
2.17
2.1668
2.17
2.166
2.1696
2.1684
2.168
2.168
2.1736
2.1684
2.1692
2.1636
2.1712
2.1656
2.168
2.1648
2.1688
2.17
2.17
2.1696
2.1676
2.1672
2.1704
2.1696
2.172
2.166
2.1684
2.1656
2.1692
2.17
2.1696
2.1684
2.172
2.1668
2.1708
2.1676
2.17
2.1684
2.168
2.1692
2.1688
2.17
2.1712
2.1664
2.1716
2.1692
2.17
2.1704
2.1752
2.1648
2.1696
2.1696
2.1712
2.1668
2.1696
2.1688
2.1704
2.17
2.1696
2.1672
2.1712
2.1668
2.1692
2.1672
2.1692
2.1696
2.168
2.1712
2.1712
2.1696
2.172
2.1696
2.1736
2.1688
2.1716
2.168
2.174
2.1672
2.1716
2.166
2.172
2.1696
2.1712
2.1708
2.1688
2.1676
2.1696
2.1696
2.1712
2.17
2.1684
2.168
2.1692
2.1716
2.17
2.1708
2.1688
2.1704
2.174
2.1696
2.1708
2.1684
2.1688
2.1708
2.1688
2.1712
2.1684
2.1668
2.1712
2.1692
2.172
2.1688
2.1704
2.168
2.1684
2.1688
2.1708
2.1672
2.1692
2.1684
2.1716
2.1708
2.1704
2.1688
2.1736
2.1688
2.172
2.1708
2.1716
2.1736
2.17
2.168
2.1728
2.1696
2.1744
2.1716
2.1728
2.1724
2.1708
2.172
2.1724
2.17
2.1704
2.1688
2.172
2.1696
2.1696
2.1668
2.176
2.17
2.1696
2.1696
2.1724
2.172
2.1736
2.1708
2.1716
2.1704
2.1724
2.1712
2.1688
2.1752
2.1712
2.1704
2.1728
2.1712
2.174
2.1728
2.1716
2.1712
2.1728
2.1708
2.1716
2.1716
2.1736
2.1712
2.1752
2.1708
2.176
2.1728
2.172
2.168
2.172
2.1708
2.1704
2.1716
2.1732
2.1712
2.1732
2.1692
2.1736
2.168
2.1748
2.1708
2.1728
2.1704
2.1728
2.1736
2.172
2.1724
2.1728
2.1724
2.172
2.1668
2.1716
2.1704
2.1696
2.1728
2.1716
2.1756
2.174
2.1748
2.1732
2.1728
2.1752
2.1704
2.178
2.1712
2.1732
2.1708
2.1728
2.1704
2.1696
2.168
2.17
2.1684
2.1704
2.1676
2.1712
2.1708
2.172
2.1688
2.1736
2.1724
2.1672
2.1712
2.172
2.1732
2.1716
2.1688
2.174
2.172
2.1744
2.1716
2.1728
2.1728
2.1728
2.172
2.1744
2.1712
2.1712
2.1716
2.1748
2.1724
2.1716
2.1732
2.172
2.1724
2.1712
2.1716
2.174
2.1756
2.1708
2.1732
2.1736
2.1688
2.1708
2.1712
2.174
2.1708
2.1676
2.1716
2.174
2.1752
2.1756
2.1716
2.174
2.1708
2.1732
2.1724
2.174
2.1712
2.1716
2.1716
2.17
2.1692
2.1696
2.1704
2.1716
2.1736
2.1696
2.1704
2.172
2.1736
2.1712
2.1728
2.1716
2.1752
2.1752
2.1716
2.1732
2.1736
2.1772
2.172
2.1756
2.1748
2.1744
2.1716
2.1744
2.1748
2.174
2.1744
2.1728
2.1704
2.1732
2.168
2.1724
2.172
2.1736
2.1712
2.1736
2.1712
2.1716
2.1728
2.1728
2.172
2.1704
2.1712
2.1752
2.1716
2.1752
2.1724
2.1748
2.174
2.1732
2.174
2.1724
2.17
2.1708
2.1676
2.1756
2.1728
2.1728
2.1756
2.174
2.1752
2.174
2.17
2.174
2.1756
2.1752
2.1728
2.1724
2.176
2.1728
2.1716
2.1728
2.1712
2.1732
2.17
2.1752
2.1744
2.1728
2.1728
2.172
2.1724
2.1704
2.168
2.174
2.1748
2.1736
2.1712
2.172
2.1736
2.172
2.1688
2.1728
2.1724
2.1748
2.1708
2.1716
2.1724
2.172
2.1712
2.1764
2.1732
2.1764
2.1728
2.174
2.1712
2.1712
2.1676
2.172
2.1704
2.1752
2.1716
2.1752
2.1728
2.1748
2.172
2.1744
2.1732
2.1712
2.1708
2.1752
2.1712
2.1752
2.1704
2.1732
2.1736
2.1744
2.1704
2.1728
2.1744
2.1736
2.1736
2.1756
2.1716
2.1756
2.1708
2.1752
2.174
2.1744
2.166
2.1736
2.172
2.1724
2.172
2.1704
2.1708
2.1732
2.1704
2.1752
2.1704
2.1752
2.1724
2.1756
2.174
2.172
2.1712
2.1736
2.174
2.1752
2.1728
2.1748
2.17
2.1736
2.1708
2.1736
2.1736
2.1748
2.1716
2.1736
2.172
2.176
2.1708
2.1756
2.1712
2.1748
2.1736
2.1724
2.1712
2.172
2.174
2.176
2.1708
2.1748
2.174
2.1752
2.1768
2.172
2.1712
2.1748
2.1764
2.1712
2.1736
2.1736
2.1712
2.1752
2.1712
2.1756
2.1704
2.1728
2.1716
2.1776
2.174
2.1736
2.172
2.17
2.1736
2.1712
2.174
2.1744
2.1744
2.174
2.174
2.1748
2.1724
2.1752
2.1728
2.1708
2.1724
2.1708
2.1744
2.1732
2.1736
2.1736
2.1728
2.1748
2.1728
2.1724
2.172
2.1736
2.1716
2.1728
2.1716
2.172
2.17
2.1732
2.174
2.1716
2.17
2.176
2.174
2.174
2.176
2.1744
2.1732
2.1736
2.1688
2.1764
2.1736
2.1752
2.1732
2.1732
2.1724
2.1744
2.1716
2.1728
2.1712
2.1732
2.1692
2.1748
2.1724
2.1764
2.1748
2.1724
2.174
2.1744
2.1724
2.1728
2.172
2.1728
2.1736
2.174
2.1724
2.1728
2.1724
2.1748
2.1692
2.1772
2.1732
2.1752
2.17
2.1728
2.174
2.1704
2.1748
2.1728
2.1724
2.1724
2.1756
2.1756
2.1748
2.1736
2.17
2.1752
2.1748
2.1752
2.1736
2.1796
2.1744
2.1756
2.1732
2.1752
2.174
2.1724
2.1716
2.1772
2.1716
2.1736
2.1696
2.1752
2.1756
2.1756
2.174
2.1776
2.1704
2.172
2.1732
2.1744
2.172
2.1752
2.1724
2.174
2.1756
2.1712
2.172
2.1744
2.1712
2.1708
2.1724
2.1728
2.1704
2.172
2.1732
2.174
2.176
2.1756
2.1748
2.1748
2.1752
2.1724
2.1736
2.1732
2.1748
2.1772
2.1716
2.172
2.1764
2.1748
2.1712
2.1756
2.1696
2.1752
2.1708
2.1764
2.1716
2.174
2.1736
2.174
2.1704
2.1724
2.1728
2.1744
2.1704
2.1744
2.1752
2.1764
2.1752
2.1704
2.1728
2.178
2.174
2.1756
2.1732
2.1776
2.1732
2.1764
2.1752
2.1736
2.1756
2.1744
2.1728
2.1728
2.1768
2.1748
2.172
2.1748
2.1716
2.1724
2.1704
2.174
2.174
2.18
2.174
2.1756
2.1748
2.1764
2.1744
2.1752
2.1744
2.174
2.1696
2.1728
2.172
2.1744
2.17
2.1776
2.178
2.178
2.1728
2.1748
2.1816
2.1748
2.1728
2.1772
2.174
2.1724
2.1756
2.1772
2.1748
2.1732
2.1724
2.1708
2.1724
2.1712
2.1708
2.1744
2.1732
2.1744
2.1748
2.1772
2.1728
2.1784
2.1744
2.1768
2.1732
2.176
2.1796
2.176
2.1768
2.1744
2.1756
2.1744
2.174
2.1708
2.172
2.1748
2.174
2.1756
2.1744
2.1728
2.1736
2.1748
2.1748
2.1748
2.1732
2.174
2.174
2.1768
2.1736
2.1756
2.1708
2.1744
2.1744
2.174
2.17
2.1752
2.1756
2.1748
2.1772
2.1728
2.1732
2.1732
2.174
2.1728
2.1736
2.176
2.174
2.1752
2.1728
2.1732
2.1732
2.174
2.1756
2.176
2.1744
2.1756
2.1744
2.172
2.1756
2.1776
2.1744
2.1744
2.1736
2.1768
2.1744
2.176
2.1756
2.1744
2.1704
2.1736
2.1736
2.1768
2.1732
2.172
2.1752
2.174
2.1736
2.174
2.1728
2.1744
2.1732
2.1768
2.1744
2.1748
2.1768
2.1756
2.172
2.1772
2.1768
2.1756
2.1736
2.176
2.1736
2.1748
2.1716
2.1756
2.172
2.1768
2.1788
2.1756
2.176
2.1756
2.1712
2.1772
2.176
2.1756
2.1732
2.1748
2.1744
2.1724
2.174
2.1752
2.172
2.174
2.1736
2.1748
2.1784
2.176
2.1756
2.1768
2.174
2.1752
2.1752
2.1784
2.1708
2.176
2.1724
2.1772
2.1728
2.1752
2.1756
2.1748
2.176
2.1772
2.1708
2.1804
2.1752
2.1768
2.174
2.1776
2.1724
2.1776
2.1704
2.1772
2.1748
2.1732
2.174
2.1752
2.1768
2.1724
2.174
2.172
2.174
2.1752
2.1728
2.1748
2.1736
2.1784
2.172
2.176
2.1744
2.176
2.172
2.1756
2.1752
2.1756
2.1736
2.1748
2.1736
2.1768
2.176
2.176
2.178
2.1772
2.1756
2.1748
2.1696
2.1756
2.1736
2.1744
2.1716
2.1764
2.1752
2.1764
2.1744
2.174
2.1736
2.1772
2.1732
2.1756
2.1752
2.1744
2.174
2.1752
2.1744
2.1732
2.17
2.1716
2.1756
2.172
2.174
2.174
2.1724
2.1764
2.1716
2.1764
2.1696
2.1752
2.1712
2.1756
2.1736
2.1748
2.1752
2.1776
2.1748
2.1752
2.1768
2.1772
2.174
2.178
2.1772
2.1752
2.1748
2.1756
2.1776
2.1772
2.1732
2.178
2.172
2.1736
2.1728
2.1764
2.1736
2.1768
2.1736
2.1752
2.1748
2.1744
2.1732
2.1748
2.174
2.174
2.1748
2.1768
2.1716
2.1772
2.1756
2.174
2.1748
2.1748
2.1756
2.1712
2.1716
2.172
2.174
2.1752
2.1736
2.1768
2.174
2.174
2.1764
2.1736
2.1716
2.1768
2.1752
2.1724
2.1712
2.172
2.1732
2.174
2.1712
2.1764
2.1736
2.1732
2.174
2.1736
2.1748
2.1732
2.1704
2.1744
2.1744
2.1716
2.176
2.1776
2.1752
2.176
2.174
2.1788
2.1764
2.1768
2.1728
2.1732
2.174
2.1764
2.1744
2.1752
2.1724
2.1732
2.1732
2.1736
2.1728
2.172
2.1748
2.1748
2.1728
2.1764
2.1752
2.1736
2.1736
2.1748
2.176
2.1764
2.1756
2.1736
2.1744
2.1792
2.178
2.1748
2.1716
2.1764
2.1736
2.1752
2.172
2.1748
2.172
2.172
2.1736
2.1764
2.1692
2.174
2.1736
2.1744
2.1736
2.1756
2.1696
2.1744
2.1768
2.1748
2.1752
2.1772
2.1764
2.1776
2.1744
2.1736
2.1752
2.174
2.1736
2.174
2.1756
2.176
2.1712
2.1776
2.1756
2.174
2.1728
2.1744
2.178
2.1752
2.1748
2.1784
2.176
2.174
2.1712
2.172
2.1724
2.1736
2.1728
2.1748
2.1744
2.1732
2.1684
2.1748
2.1708
2.174
2.17
2.1748
2.1748
2.1756
2.1752
2.1768
2.1756
2.174
2.1728
2.172
2.1752
2.174
2.1736
2.174
2.1748
2.1768
2.1728
2.1756
2.1776
2.1748
2.1716
2.1768
2.1716
2.1756
2.1764
2.176
2.1756
2.1764
2.172
2.178
2.1744
2.1776
2.1732
2.176
2.1764
2.1744
2.1764
2.178
2.1724
2.176
2.176
2.174
2.1744
2.1752
2.1756
2.176
2.1728
2.1744
2.1732
2.1776
2.1736
2.1772
2.1748
2.1748
2.1756
2.1728
2.1772
2.1768
2.1724
2.1756
2.1732
2.174
2.1732
2.1732
2.172
2.1752
2.176
2.1728
2.1736
2.176
2.174
2.174
2.1736
2.1748
2.1772
2.176
2.1752
2.1736
2.176
2.1752
2.176
2.1776
2.1756
2.1752
2.1724
2.1752
2.1744
2.1732
2.172
2.1776
2.1724
2.174
2.174
2.1768
2.1716
2.1752
2.1764
2.1768
2.1772
2.1764
2.1716
2.1748
2.1724
2.1732
2.1748
2.1756
2.174
2.1728
2.1728
2.176
2.174
2.1724
2.1748
2.1744
2.1748
2.1716
2.1756
2.1744
2.172
2.1748
2.1708
2.1728
2.1752
2.1724
2.1724
2.1764
2.1732
2.1776
2.1728
2.1772
2.174
2.1732
2.1732
2.1716
2.1744
2.172
2.1732
2.1756
2.1724
2.1764
2.1756
2.1772
2.174
2.1764
2.1736
2.1744
2.1732
2.1728
2.1732
2.1756
2.1748
2.1788
2.172
2.1756
2.1736
2.1736
2.176
2.1756
2.1744
2.1756
2.1724
2.1768
2.176
2.1744
2.1764
2.178
2.1772
2.1736
2.1744
2.1768
2.174
2.1756
2.1732
2.1748
2.1764
2.1744
2.1724
2.1756
2.1748
2.1756
2.172
2.176
2.1748
2.1748
2.1732
2.1768
2.174
2.1744
2.1708
2.1736
2.17
2.1744
2.1732
2.1752
2.1704
2.1752
2.172
2.1728
2.1716
2.1728
2.1748
2.1744
2.1744
2.1748
2.172
2.1744
2.1724
2.1728
2.1752
2.172
2.176
2.1752
2.1724
2.1764
2.1744
2.1748
2.1732
2.1728
2.1716
2.1752
2.1748
2.1748
2.1764
2.174
2.174
2.1732
2.1732
2.1732
2.1728
2.1732
2.1756
2.1744
2.1732
2.1752
2.1744
2.1756
2.1744
2.1764
2.1736
2.1728
2.1696
2.1788
2.1744
2.1752
2.1712
2.1772
2.174
2.1752
2.176
2.174
2.1756
2.1752
2.1728
2.1764
2.1712
2.1728
2.1744
2.1752
2.1728
2.1724
2.1728
2.1768
2.1732
2.1752
2.1708
2.176
2.1708
2.1752
2.1716
2.1728
2.172
2.1724
2.1728
2.1764
2.1736
2.174
2.172
2.1764
2.172
2.1752
2.1736
2.1716
2.1724
2.1748
2.1712
2.1732
2.1736
2.172
2.1708
2.1736
2.1728
2.1724
2.1728
2.1744
2.1728
2.172
2.1728
2.1748
2.1744
2.1704
2.1748
2.1752
2.1748
2.174
2.1708
2.1744
2.1728
2.174
2.1724
2.1764
2.1736
2.17
2.1728
2.174
2.1756
2.1736
2.174
2.1748
2.1752
2.1728
2.1736
2.1748
2.172
2.1764
2.1724
2.1764
2.1728
2.174
2.1708
2.1732
2.1712
2.176
2.1728
2.1768
2.1716
2.1744
2.1748
2.1748
2.1748
2.1732
2.174
2.1776
2.174
2.1732
2.1724
2.1772
2.1732
2.1732
2.1716
2.174
2.174
2.1736
2.172
2.1708
2.1688
2.1712
2.1728
2.176
2.1716
2.1732
2.1744
2.1732
2.1724
2.172
2.1708
2.1732
2.1712
2.1708
2.17
2.1724
2.174
2.174
2.1744
2.1744
2.1704
2.1696
2.1712
2.1748
2.1724
2.1732
2.1672
2.174
2.1688
2.1712
2.1688
2.174
2.1732
2.1752
2.17
2.1756
2.172
2.172
2.1724
2.174
2.1744
2.1732
2.1708
2.1752
2.17
2.1728
2.1708
2.1768
2.1736
2.1728
2.1716
2.1708
2.1724
2.1744
2.17
2.1748
2.1728
2.174
2.1704
2.174
2.1716
2.1712
2.1688
2.1728
2.1732
2.1736
2.1748
2.1708
2.1712
2.1708
2.1704
2.1776
2.1724
2.1724
2.17
2.1748
2.1712
2.1732
2.1704
2.1752
2.1748
2.1752
2.1704
2.174
2.1744
2.1756
2.1748
2.1748
2.172
2.1724
2.1728
2.1736
2.174
2.1724
2.1692
2.1732
2.1708
2.17
2.1684
2.1748
2.1756
2.1712
2.176
2.1736
2.1708
2.174
2.1696
2.1756
2.1744
2.1736
2.1748
2.1724
2.1708
2.1732
2.17
2.1744
2.172
2.1728
2.1732
2.1728
2.1748
2.1732
2.1716
2.1748
2.174
2.1756
2.1696
2.176
2.1712
2.1704
2.1732
2.1724
2.1704
2.1736
2.1708
2.1752
2.1748
2.176
2.1684
2.1748
2.1704
2.1724
2.172
2.1732
2.1736
2.1724
2.1648
2.1732
2.1744
2.1764
2.1696
2.1736
2.1748
2.1732
2.1696
2.1728
2.1716
2.1732
2.1712
2.1748
2.1716
2.172
2.1708
2.1752
2.17
2.1724
2.172
2.174
2.1732
2.1728
2.1708
2.1736
2.1748
2.1712
2.1708
2.1728
2.1732
2.172
2.1712
2.1736
2.1728
2.1716
2.17
2.1736
2.1716
2.1744
2.1704
2.1712
2.1696
2.174
2.1704
2.1732
2.1696
2.1708
2.174
2.1716
2.1684
2.1744
2.17
2.1728
2.1728
2.1724
2.17
2.1716
2.1704
2.1712
2.174
2.1712
2.17
2.1756
2.1696
2.1756
2.1688
2.172
2.1712
2.1752
2.1716
2.1708
2.1744
2.172
2.1692
2.1692
2.1744
2.1732
2.17
2.1708
2.1692
2.1712
2.17
2.1684
2.1696
2.174
2.1736
2.1752
2.172
2.1712
2.1712
2.172
2.1712
2.1728
2.1704
2.1672
2.1676
2.1744
2.1692
2.174
2.1688
2.1748
2.1708
2.1716
2.1688
2.1752
2.1712
2.1704
2.1708
2.1724
2.17
2.1728
2.1704
2.1748
2.1732
2.1732
2.17
2.1736
2.17
2.168
2.1672
2.1712
2.1708
2.174
2.1696
2.1724
2.1736
2.1704
2.1724
2.1716
2.1724
2.1736
2.1696
2.1724
2.1736
2.1716
2.1708
2.1732
2.1676
2.1688
2.17
2.1728
2.1732
2.1728
2.1716
2.1724
2.1676
2.1736
2.1692
2.1756
2.1692
2.1704
2.1704
2.1708
2.17
2.17
2.1692
2.172
2.1704
2.1736
2.1708
2.1708
2.172
2.1712
2.1708
2.1704
2.1724
2.1712
2.1704
2.168
2.1724
2.1704
2.1684
2.1736
2.1696
2.174
2.1692
2.1724
2.172
2.1724
2.1688
2.1724
2.166
2.1724
2.1664
2.172
2.1704
2.1712
2.1724
2.174
2.1716
2.17
2.1712
2.1712
2.1712
2.1704
2.1728
2.1764
2.1692
2.1744
2.1672
2.1736
2.1688
2.1716
2.1692
2.1728
2.1724
2.17
2.168
2.1716
2.1744
2.1704
2.1728
2.1728
2.1708
2.1712
2.1676
2.174
2.168
2.1736
2.172
2.1696
2.1736
2.1688
2.1732
2.1744
2.1736
2.17
2.168
2.1712
2.1696
2.172
2.1664
2.1708
2.1716
2.172
2.172
2.1712
2.1672
2.172
2.1716
2.1736
2.17
2.1716
2.1704
2.1724
2.168
2.1736
2.1692
2.1708
2.172
2.1704
2.1708
2.176
2.1716
2.1692
2.1696
2.1736
2.1708
2.1732
2.17
2.1732
2.168
2.172
2.1696
2.1716
2.1736
2.1736
2.1672
2.172
2.1692
2.1696
2.1692
2.1716
2.1756
2.1716
2.1728
2.1756
2.1704
2.1708
2.1696
2.174
2.1708
2.1716
2.168
2.1748
2.1708
2.1704
2.1704
2.172
2.1736
2.1684
2.1716
2.1748
2.1688
2.1692
2.1684
2.1728
2.1668
2.172
2.1688
2.1712
2.1704
2.1736
2.1668
2.1716
2.1736
2.1704
2.1664
2.1724
2.1672
2.17
2.1688
2.172
2.1704
2.1716
2.1656
2.172
2.1724
2.1692
2.1716
2.1712
2.1704
2.1688
2.1708
2.1736
2.17
2.1732
2.1704
2.1744
2.1684
2.1736
2.1724
2.1664
2.1708
2.1688
2.1688
2.1704
2.1696
2.1732
2.1696
2.1724
2.1688
2.1732
2.1668
2.1728
2.1692
2.1688
2.1724
2.1708
2.1688
2.1692
2.1736
2.1736
2.1704
2.1708
2.1672
2.1724
2.1712
2.172
2.172
2.1716
2.1676
2.1696
2.172
2.1756
2.1696
2.1704
2.1708
2.1696
2.1724
2.17
2.1672
2.1716
2.1696
2.1696
2.172
2.1708
2.1704
2.1724
2.1692
2.1744
2.1692
2.1684
2.1712
2.1704
2.1696
2.1716
2.1676
2.17
2.1736
2.1744
2.1704
2.172
2.1684
2.172
2.1684
2.1712
2.17
2.1684
2.1704
2.17
2.1716
2.1692
2.166
2.1712
2.1672
2.172
2.1672
2.1688
2.1696
2.1676
2.172
2.1728
2.17
2.1692
2.168
2.172
2.1696
2.1696
2.1696
2.172
2.1712
2.1712
2.172
2.17
2.1736
2.1708
2.1696
2.172
2.17
2.1744
2.1696
2.172
2.1696
2.1704
2.1696
2.172
2.1716
2.1696
2.1704
2.1692
2.1708
2.1708
2.1668
2.1684
2.1692
2.1708
2.1704
2.1684
2.17
2.1684
2.1672
2.1736
2.1696
2.1688
2.1676
2.1716
2.1656
2.1704
2.1676
2.1724
2.1716
2.1724
2.1696
2.172
2.1688
2.1696
2.1724
2.1748
2.1688
2.1688
2.17
2.1724
2.1708
2.172
2.1692
2.1756
2.17
2.1708
2.1708
2.1724
2.1712
2.1676
2.1704
2.1716
2.17
2.1728
2.168
2.1724
2.1672
2.174
2.1716
2.1712
2.1696
2.1696
2.1696
2.1748
2.1692
2.172
2.1648
2.17
2.1696
2.1708
2.168
2.1708
2.17
2.17
2.1668
2.1736
2.1692
2.1712
2.1672
2.174
2.1692
2.1672
2.1708
2.1688
2.1692
2.1724
2.1688
2.1696
2.1688
2.1692
2.1696
2.1736
2.1692
2.1732
2.1712
2.1712
2.1708
2.1728
2.1732
2.1732
2.1676
2.1704
2.1696
2.1696
2.1712
2.1688
2.1728
2.1704
2.1708
2.1736
2.168
2.1728
2.1672
2.17
2.1684
2.1712
2.1668
2.1704
2.1656
2.1724
2.1668
2.1688
2.1704
2.172
2.1696
2.1692
2.1696
2.1692
2.1676
2.1688
2.1652
2.1696
2.1684
2.1688
2.168
2.1696
2.17
2.1708
2.1692
2.1728
2.1676
2.1708
2.166
2.1712
2.1688
2.1708
2.1668
2.1696
2.1684
2.1692
2.1676
2.1704
2.1676
2.1704
2.1668
2.1688
2.1688
2.1712
2.1664
2.1736
2.1692
2.17
2.1724
2.1716
2.172
2.1716
2.1684
2.1708
2.1684
2.1712
2.17
2.1716
2.1712
2.1692
2.1708
2.1708
2.1708
2.1696
2.1688
2.1712
2.17
2.1704
2.1664
2.1732
2.1692
2.1688
2.1688
2.1728
2.1728
2.172
2.1676
2.1696
2.17
2.1696
2.1692
2.1704
2.1696
2.1684
2.1684
2.172
2.17
2.1688
2.1664
2.1684
2.1688
2.1708
2.1696
2.1684
2.1676
2.1676
2.1668
2.1712
2.1696
2.1676
2.168
2.166
2.1688
2.1728
2.1676
2.1704
2.1672
2.1684
2.1716
2.1692
2.1688
2.1684
2.166
2.1704
2.1696
2.1708
2.1652
2.1716
2.172
2.1676
2.172
2.1672
2.1684
2.1708
2.1704
2.1728
2.168
2.1684
2.1692
2.1696
2.1728
2.1716
2.1668
2.1732
2.1688
2.1692
2.1696
2.1704
2.1656
2.1696
2.1708
2.1668
2.1692
2.1692
2.1668
2.1708
2.1696
2.1712
2.1672
2.1696
2.166
2.1716
2.1676
2.1696
2.1692
2.168
2.1712
2.1688
2.172
2.1684
2.1672
2.1696
2.168
2.1728
2.168
2.168
2.1688
2.1692
2.1684
2.17
2.1656
2.1656
2.1644
2.1688
2.1712
2.1668
2.17
2.1692
2.1696
2.1688
2.1672
2.1712
2.1672
2.1672
2.1696
2.1684
2.1688
2.1704
2.1664
2.1704
2.17
2.1708
2.1696
2.17
2.1636
2.1704
2.1672
2.1716
2.1688
2.1716
2.166
2.1664
2.1676
2.1688
2.168
2.1728
2.1684
2.17
2.1696
2.1692
2.1676
2.1656
2.1676
2.1704
2.168
2.1704
2.166
2.17
2.1696
2.1724
2.1716
2.1652
2.1704
2.1676
2.1672
2.1688
2.166
2.1692
2.1664
2.1656
2.1688
2.168
2.1672
2.1688
2.1708
2.1688
2.1704
2.17
2.1692
2.1708
2.1648
2.1704
2.1684
2.1708
2.1696
2.1704
2.1656
2.1692
2.166
2.1712
2.17
2.1684
2.1672
2.1708
2.168
2.1712
2.1624
2.172
2.1708
2.1668
2.1704
2.1688
2.1672
2.172
2.1656
2.1712
2.1672
2.1712
2.1688
2.1704
2.1684
2.1692
2.1652
2.17
2.1696
2.1696
2.1696
2.1728
2.1672
2.174
2.1692
2.1708
2.1684
2.1684
2.1692
2.1684
2.17
2.1704
2.164
2.1692
2.1664
2.1672
2.1708
2.168
2.168
2.1716
2.1696
2.1708
2.1712
2.1704
2.1688
2.1724
2.1688
2.168
2.166
2.1708
2.1656
2.17
2.1688
2.168
2.168
2.1696
2.1692
2.1676
2.168
2.166
2.1668
2.1716
2.17
2.1668
2.1664
2.1712
2.1668
2.1684
2.1712
2.1684
2.1692
2.172
2.1696
2.1692
2.17
2.1676
2.1676
2.1672
2.1664
2.1688
2.1668
2.1688
2.1688
2.1704
2.1668
2.17
2.1684
2.1692
2.1684
2.1708
2.1688
2.1712
2.1672
2.1708
2.1684
2.1672
2.1688
2.168
2.1656
2.1696
2.1676
2.1708
2.1672
2.1704
2.1692
2.1696
2.1692
2.1708
2.1668
2.17
2.1688
2.168
2.1676
2.17
2.1668
2.1676
2.1688
2.1696
2.168
2.1688
2.168
2.1688
2.1672
2.1656
2.17
2.1704
2.1696
2.172
2.1664
2.1648
2.1712
2.1652
2.166
2.168
2.168
2.1708
2.1672
2.1716
2.1696
2.1684
2.1668
2.1684
2.1716
2.17
2.1652
2.1696
2.166
2.1692
2.166
2.1676
2.1668
2.1708
2.1708
2.172
2.168
2.1696
2.1688
2.1712
2.1684
2.1672
2.1664
2.17
2.1692
2.1704
2.1708
2.1708
2.168
2.1692
2.1688
2.1692
2.1672
2.1696
2.168
2.1712
2.1708
2.1684
2.1692
2.1704
2.1664
2.1684
2.1712
2.1716
2.1736
2.168
2.1692
2.1688
2.1684
2.1688
2.166
2.1704
2.1684
2.1712
2.1692
2.1696
2.1676
2.1688
2.1676
2.1716
2.1684
2.1656
2.1652
2.1668
2.1672
2.1688
2.1644
2.1724
2.1708
2.1692
2.1692
2.1672
2.1692
2.1684
2.1672
2.1692
2.17
2.1684
2.1692
2.166
2.1668
2.1692
2.1648
2.1704
2.1652
2.168
2.1656
2.1688
2.1664
2.168
2.1676
2.17
2.1668
2.166
2.1684
2.1728
2.1648
2.1696
2.168
2.1684
2.1672
2.1692
2.168
2.1668
2.1672
2.1724
2.166
2.1696
2.1664
2.1696
2.1652
2.1688
2.168
2.1672
2.1692
2.17
2.1696
2.1692
2.166
2.1672
2.1652
2.1692
2.17
2.168
2.168
2.1724
2.17
2.1652
2.1664
2.1676
2.1664
2.1708
2.1664
2.1692
2.1672
2.1696
2.1688
2.1688
2.1668
2.168
2.1668
2.1724
2.1648
2.1696
2.1688
2.1676
2.1676
2.1656
2.1652
2.1664
2.1644
2.1684
2.1672
2.1684
2.1668
2.1684
2.166
2.1676
2.1672
2.1704
2.1668
2.1688
2.1648
2.1688
2.1672
2.1676
2.1644
2.1692
2.166
2.1676
2.1676
2.1648
2.1688
2.1684
2.1692
2.1712
2.1676
2.1664
2.1688
2.1692
2.1672
2.1656
2.1656
2.168
2.1656
2.1672
2.1676
2.1668
2.1672
2.172
2.1708
2.1668
2.168
2.166
2.1648
2.1716
2.1676
2.1696
2.1656
2.1676
2.1668
2.1684
2.1648
2.172
2.1648
2.1688
2.1708
2.1664
2.1668
2.1704
2.166
2.1712
2.1668
2.1684
2.164
2.1692
2.1664
2.17
2.166
2.168
2.1688
2.1672
2.1644
2.168
2.168
2.1672
2.1656
2.1688
2.1684
2.1692
2.1676
2.1732
2.166
2.1704
2.1644
2.166
2.164
2.168
2.1676
2.1688
2.1656
2.1668
2.168
2.1696
2.1676
2.1664
2.1652
2.1688
2.1664
2.1704
2.164
2.1672
2.1632
2.1672
2.1644
2.168
2.1656
2.166
2.166
2.1672
2.1684
2.1708
2.1668
2.1684
2.1696
2.168
2.1664
2.1676
2.1672
2.1676
2.1656
2.1664
2.1672
2.1696
2.1648
2.1708
2.1676
2.1656
2.1664
2.1652
2.1668
2.1676
2.1656
2.1664
2.166
2.166
2.1648
2.1684
2.168
2.168
2.1648
2.1696
2.1668
2.1708
2.1692
2.1692
2.1692
2.1716
2.1652
2.17
2.1684
2.1672
2.1668
2.1688
2.168
2.1664
2.1668
2.1684
2.1664
2.1692
2.1664
2.1692
2.166
2.1688
2.1688
2.1668
2.1668
2.1696
2.168
2.168
2.1676
2.1652
2.1684
2.1696
2.1668
2.1696
2.1668
2.17
2.1668
2.1636
2.1644
2.1672
2.168
2.1688
2.1644
2.1692
2.1696
2.1656
2.168
2.1684
2.1652
2.17
2.1652
2.1684
2.1684
2.1696
2.168
2.1704
2.1668
2.1656
2.1632
2.1688
2.1664
2.1664
2.1656
2.1708
2.1652
2.1688
2.1664
2.1676
2.1668
2.1652
2.164
2.1688
2.1648
2.1684
2.1672
2.166
2.166
2.1688
2.1652
2.1708
2.1676
2.1688
2.168
2.1688
2.1688
2.168
2.168
2.1684
2.1668
2.1688
2.17
2.1676
2.166
2.168
2.168
2.1636
2.1648
2.1692
2.1636
2.168
2.1648
2.168
2.1652
2.168
2.1656
2.168
2.168
2.166
2.1668
2.1716
2.1636
2.1684
2.1676
2.1656
2.1676
2.1668
2.1684
2.1672
2.1656
2.1672
2.1664
2.1676
2.166
2.1672
2.1636
2.1668
2.1656
2.1672
2.1664
2.1668
2.1656
2.1668
2.164
2.1688
2.1632
2.1692
2.1668
2.1632
2.1648
2.1708
2.1688
2.1668
2.1636
2.166
2.1672
2.1672
2.1652
2.17
2.168
2.1676
2.1644
2.1688
2.1664
2.1684
2.166
2.17
2.1664
2.1664
2.1664
2.1684
2.166
2.1672
2.1628
2.1692
2.1652
2.1712
2.1644
2.1684
2.166
2.1664
2.1656
2.168
2.1672
2.1668
2.166
2.1672
2.1644
2.1672
2.1652
2.1648
2.1676
2.1688
2.166
2.1644
2.1652
2.1668
2.1692
2.1668
2.1644
2.1696
2.1648
2.1652
2.1652
2.1672
2.1652
2.1632
2.1652
2.1684
2.166
2.166
2.1656
2.1652
2.1644
2.1692
2.1656
2.1692
2.166
2.1672
2.1664
2.1668
2.164
2.1708
2.1632
2.1688
2.1624
2.1664
2.1664
2.1672
2.1696
2.1672
2.1656
2.1664
2.1652
2.17
2.1672
2.1672
2.1632
2.1684
2.166
2.1672
2.1644
2.1692
2.1648
2.166
2.1632
2.1636
2.162
2.1664
2.1648
2.1668
2.1672
2.1656
2.1652
2.1648
2.1656
2.1656
2.1664
2.1692
2.1668
2.168
2.1632
2.1688
2.166
2.1668
2.1652
2.1708
2.1636
2.1668
2.1664
2.168
2.1668
2.168
2.1632
2.1664
2.168
2.1672
2.162
2.166
2.1648
2.1656
2.1636
2.1656
2.1672
2.1672
2.1652
2.1672
2.166
2.168
2.1628
2.166
2.1652
2.166
2.1656
2.1676
2.1668
2.166
2.164
2.1644
2.164
2.1656
2.1648
2.1688
2.1628
2.1692
2.166
2.1644
2.1664
2.1676
2.1644
2.1688
2.168
2.1688
2.166
2.168
2.1672
2.1652
2.166
2.1704
2.1664
2.1656
2.1668
2.1672
2.1656
2.1688
2.1636
2.1684
2.1648
2.1676
2.1672
2.1688
2.1668
2.1672
2.164
2.168
2.1668
2.1664
2.166
2.17
2.1668
2.168
2.1672
2.1664
2.1672
2.1664
2.1652
2.1704
2.1668
2.1676
2.1656
2.1668
2.1652
2.1688
2.1656
2.1656
2.168
2.1656
2.1688
2.17
2.17
2.1656
2.1652
2.164
2.1656
2.168
2.1648
2.1656
2.1664
2.166
2.1668
2.1672
2.1652
2.1656
2.1652
2.168
2.166
2.1692
2.1648
2.1684
2.1664
2.1668
2.1616
2.168
2.1668
2.1684
2.166
2.1688
2.1664
2.168
2.1664
2.1668
2.168
2.1672
2.1688
2.1644
2.1628
2.1668
2.1664
2.1684
2.1656
2.1644
2.1644
2.1636
2.164
2.1656
2.1676
2.1672
2.1644
2.166
2.1636
2.1656
2.1676
2.168
2.1664
2.1656
2.164
2.1652
2.1648
2.1664
2.1652
2.1648
2.1644
2.1652
2.1612
2.1668
2.1652
2.1652
2.166
2.1672
2.1652
2.1656
2.1656
2.1668
2.1616
2.1688
2.166
2.166
2.168
2.166
2.1648
2.1672
2.1676
2.1644
2.166
2.168
2.162
2.1692
2.1644
2.1672
2.166
2.1668
2.1664
2.1676
2.1648
2.166
2.1656
2.1664
2.164
2.1684
2.1652
2.1664
2.1648
2.1684
2.1688
2.1692
2.1628
2.1672
2.1676
2.1692
2.166
2.1672
2.1656
2.1668
2.1636
2.1656
2.1636
2.166
2.1616
2.1684
2.1664
2.1696
2.1648
2.1672
2.166
2.1644
2.1624
2.1636
2.164
2.1652
2.1628
2.1652
2.1668
2.1668
2.1632
2.1688
2.1636
2.1656
2.1664
2.1668
2.1672
2.1656
2.1616
2.1628
2.1656
2.1644
2.1656
2.164
2.1632
2.1672
2.1652
2.166
2.1656
2.1652
2.1648
2.1688
2.1652
2.166
2.1636
2.1648
2.1664
2.1648
2.1684
2.1688
2.1644
2.1656
2.1624
2.1648
2.1664
2.1648
2.1636
2.1672
2.162
2.1648
2.166
2.1652
2.164
2.168
2.1644
2.166
2.1668
2.1648
2.1652
2.1668
2.1652
2.1656
2.1628
2.1656
2.1644
2.1632
2.1616
2.164
2.1676
2.1688
2.1624
2.1656
2.1656
2.166
2.1608
2.1692
2.1668
2.1648
2.1668
2.1684
2.164
2.166
2.164
2.166
2.1652
2.1656
2.1668
2.1648
2.1644
2.1664
2.1624
2.1656
2.1692
2.1644
2.166
2.166
2.166
2.1672
2.1612
2.168
2.1612
2.1668
2.166
2.1632
2.166
2.166
2.1636
2.1652
2.1636
2.1676
2.1608
2.1644
2.1616
2.1668
2.1648
2.164
2.1652
2.166
2.162
2.1688
2.1652
2.1672
2.1672
2.166
2.1672
2.1664
2.164
2.1672
2.1672
2.166
2.1644
2.1672
2.1656
2.1684
2.164
2.1712
2.166
2.1636
2.164
2.164
2.166
2.1664
2.1648
2.1636
2.164
2.166
2.1652
2.1656
2.1624
2.1684
2.1632
2.162
2.1664
2.1664
2.1648
2.1624
2.1668
2.1656
2.1632
2.1648
2.166
2.1652
2.162
2.1648
2.1628
2.1668
2.1648
2.1648
2.1696
2.1668
2.1636
2.1644
2.1616
2.1656
2.1636
2.1656
2.1672
2.1644
2.1612
2.1656
2.164
2.1684
2.1656
2.1692
2.1628
2.164
2.1628
2.166
2.164
2.1692
2.1632
2.1668
2.162
2.164
2.164
2.1668
2.1636
2.1668
2.1612
2.1632
2.162
2.164
2.162
2.168
2.1652
2.1672
2.1652
2.1632
2.1676
2.1664
2.1648
2.164
2.1636
2.1628
2.1632
2.1664
2.1676
2.1668
2.1644
2.1652
2.162
2.1612
2.162
2.1652
2.1648
2.1636
2.164
2.166
2.1664
2.1656
2.1644
2.1676
2.1656
2.1664
2.1648
2.166
2.166
2.1656
2.1636
2.1672
2.1656
2.1672
2.1652
2.166
2.1628
2.166
2.1612
2.1664
2.1644
2.1676
2.1656
2.1684
2.1656
2.1676
2.1632
2.164
2.166
2.1648
2.162
2.1652
2.1616
2.1676
2.1592
2.166
2.162
2.1676
2.164
2.1656
2.1644
2.1664
2.1652
2.1656
2.1636
2.1656
2.1608
2.1652
2.1628
2.1632
2.164
2.1648
2.1676
2.164
2.1636
2.1644
2.1648
2.166
2.164
2.1636
2.162
2.1668
2.1628
2.1648
2.164
2.1636
2.1632
2.1624
2.1648
2.1656
2.1644
2.1644
2.1636
2.1648
2.164
2.1648
2.1664
2.1636
2.164
2.1644
2.162
2.1648
2.1628
2.1648
2.1644
2.1636
2.1628
2.1624
2.166
2.1644
2.1632
2.164
2.1636
2.162
2.1612
2.1676
2.1632
2.1664
2.1628
2.1648
2.1632
2.1668
2.1672
2.1672
2.1656
2.166
2.1616
2.1632
2.162
2.1656
2.1632
2.1696
2.164
2.1636
2.1644
2.164
2.1644
2.1664
2.1644
2.1692
2.1616
2.1664
2.1628
2.166
2.1616
2.1656
2.1624
2.1664
2.162
2.1652
2.164
2.1636
2.1596
2.1648
2.1648
2.164
2.1676
2.1684
2.1632
2.1656
2.1664
2.1652
2.1636
2.1664
2.164
2.1632
2.1644
2.1628
2.1644
2.1676
2.1648
2.1636
2.1648
2.1616
2.1628
2.1648
2.162
2.1656
2.1624
2.1624
2.1632
2.1648
2.1584
2.1644
2.1644
2.1648
2.1632
2.166
2.1652
2.1652
2.1636
2.1648
2.1648
2.1656
2.164
2.1676
2.164
2.1648
2.1632
2.1684
2.1656
2.1676
2.166
2.166
2.164
2.1624
2.16
2.1632
2.1632
2.162
2.1628
2.1644
2.1616
2.1644
2.1628
2.1604
2.164
2.1648
2.1628
2.1636
2.1612
2.1596
2.1612
2.1648
2.1644
2.164
2.1624
2.1652
2.1628
2.166
2.1612
2.1644
2.1632
2.1616
2.1628
2.1644
2.164
2.1664
2.1632
2.1636
2.1628
2.1664
2.1624
2.1688
2.1636
2.1632
2.162
2.168
2.166
2.1608
2.1632
2.1648
2.164
2.164
2.164
2.1652
2.1652
2.1644
2.1644
2.166
2.1628
2.1672
2.1664
2.1648
2.1668
2.1656
2.1624
2.164
2.1636
2.1612
2.1624
2.1636
2.164
2.166
2.164
2.1636
2.1648
2.1624
2.1616
2.1648
2.1608
2.1648
2.1636
2.1632
2.1628
2.1636
2.1632
2.164
2.1628
2.1616
2.1612
2.1688
2.1644
2.1668
2.1636
2.1632
2.164
2.1648
2.1656
2.1664
2.1636
2.166
2.164
2.1672
2.1632
2.1636
2.164
2.164
2.1624
2.1652
2.1636
2.1636
2.1624
2.1644
2.1636
2.1632
2.1648
2.1664
2.1608
2.1656
2.1624
2.1656
2.1636
2.166
2.1616
2.1648
2.164
2.1648
2.1636
2.162
2.1604
2.166
2.1648
2.166
2.1652
2.1668
2.1632
2.1632
2.162
2.1668
2.1648
2.166
2.162
2.1628
2.1632
2.1652
2.1656
2.1676
2.1652
2.1664
2.1624
2.166
2.1648
2.1636
2.1628
2.1672
2.1652
2.1644
2.162
2.1672
2.1644
2.1644
2.1616
2.162
2.1652
2.1632
2.16
2.1652
2.1592
2.1652
2.162
2.1636
2.1628
2.1648
2.1604
2.1648
2.164
2.1628
2.1592
2.1672
2.164
2.166
2.1648
2.1664
2.1648
2.1652
2.164
2.1652
2.164
2.164
2.1648
2.166
2.1612
2.164
2.1636
2.1632
2.1628
2.1648
2.1596
2.1648
2.1668
2.1648
2.1612
2.1656
2.1652
2.164
2.1628
2.166
2.1632
2.1644
2.1652
2.1652
2.1612
2.166
2.162
2.166
2.1656
2.1664
2.1596
2.1672
2.162
2.1648
2.1588
2.1652
2.1628
2.1644
2.1636
2.162
2.1648
2.1672
2.162
2.1648
2.1648
2.1648
2.1632
2.1636
2.162
2.166
2.1616
2.1668
2.164
2.1668
2.1616
2.166
2.1648
2.1656
2.1644
2.1652
2.1672
2.162
2.1616
2.1648
2.1628
2.1676
2.164
2.164
2.166
2.1632
2.164
2.1644
2.1632
2.1664
2.162
2.1636
2.1624
2.1628
2.1612
2.17
2.1624
2.1644
2.162
2.1628
2.1648
2.1616
2.164
2.1656
2.1656
2.1656
2.1608
2.1636
2.1616
2.1628
2.1632
2.1664
2.1644
2.164
2.1604
2.1624
2.1628
2.1628
2.1616
2.1648
2.162
2.1668
2.1612
2.1656
2.1668
2.164
2.1628
2.1664
2.164
2.1648
2.164
2.1628
2.1636
2.1672
2.164
2.1644
2.164
2.1648
2.1644
2.1664
2.1628
2.1624
2.164
2.1656
2.166
2.1628
2.1628
2.164
2.1632
2.1632
2.164
2.166
2.1612
2.1652
2.1616
2.1628
2.1636
2.1632
2.1608
2.164
2.1632
2.1604
2.164
2.1644
2.1636
2.1652
2.1624
2.1668
2.1652
2.1612
2.1576
2.1648
2.164
2.16
2.162
2.1628
2.1644
2.1644
2.1656
2.1656
2.1616
2.1632
2.1604
2.166
2.1628
2.1652
2.1608
2.1628
2.1636
2.1664
2.1616
2.166
2.1644
2.1624
2.162
2.166
2.1608
2.1628
2.1624
2.1632
2.1624
2.1628
2.1616
2.1648
2.1616
2.1636
2.1636
2.1612
2.162
2.1668
2.1592
2.1612
2.1652
2.1644
2.1648
2.1624
2.1656
2.1672
2.1604
2.1624
2.1636
2.1652
2.1652
2.1656
2.1628
2.1636
2.1668
2.1648
2.1636
2.1616
2.1596
2.1688
2.1648
2.1648
2.162
2.1612
2.164
2.1632
2.162
2.1672
2.1652
2.1604
2.1572
2.1672
2.1604
2.1596
2.1584
2.162
2.1636
2.1608
2.16
2.1624
2.1592
2.1616
2.1624
2.164
2.1628
2.1628
2.1596
2.1616
2.1608
2.1648
2.1616
2.1632
2.164
2.164
2.1616
2.1652
2.1632
2.1616
2.1596
2.1608
2.1628
2.166
2.1596
2.16
2.1616
2.162
2.1604
2.1608
2.1604
2.1628
2.164
2.1632
2.1632
2.164
2.1596
2.16
2.166
2.1628
2.1624
2.1628
2.1632
2.1632
2.1624
2.1648
2.1604
2.1648
2.1624
2.166
2.1644
2.1608
2.164
2.162
2.1672
2.164
2.164
2.1648
2.1592
2.1644
2.1588
2.1676
2.1648
2.1652
2.1608
2.1628
2.1644
2.1632
2.1616
2.166
2.1612
2.164
2.1616
2.164
2.1628
2.1628
2.162
2.1644
2.1652
2.1632
2.16
2.16
2.1644
2.162
2.1648
2.1628
2.1604
2.164
2.1604
2.166
2.1604
2.1612
2.1604
2.1628
2.16
2.1624
2.1612
2.1592
2.1628
2.1628
2.1584
2.1644
2.1608
2.1644
2.1624
2.1604
2.16
2.164
2.1648
2.1648
2.1612
2.1636
2.1612
2.166
2.162
2.1628
2.1592
2.1632
2.162
2.1624
2.1604
2.1648
2.1636
2.1612
2.16
2.166
2.1624
2.1652
2.1628
2.1632
2.1624
2.1572
2.1576
2.1628
2.162
2.162
2.1632
2.1632
2.1632
2.1612
2.16
2.1632
2.16
2.1644
2.1624
2.1644
2.164
2.1652
2.162
2.1636
2.1636
2.1648
2.16
2.1652
2.1612
2.1628
2.1596
2.164
2.1624
2.1624
2.1608
2.1616
2.164
2.1628
2.1604
2.162
2.1584
2.16
2.1604
2.1608
2.1604
2.1644
2.1608
2.1648
2.1632
2.1628
2.162
2.1644
2.164
2.164
2.1644
2.1624
2.1608
2.1652
2.1624
2.1672
2.1644
2.1648
2.1644
2.1652
2.1644
2.162
2.164
2.166
2.1624
2.1652
2.1596
2.1672
2.164
2.164
2.1652
2.1624
2.162
2.1632
2.1604
2.164
2.162
2.1608
2.1584
2.1612
2.1616
2.1652
2.1608
2.1632
2.1632
2.1588
2.158
2.1624
2.1608
2.1592
2.1604
2.162
2.1608
2.1656
2.1572
2.1612
2.16
2.1596
2.1632
2.1648
2.1624
2.1656
2.1632
2.1628
2.1608
2.1644
2.1572
2.1656
2.1632
2.1636
2.1616
2.1604
2.1636
2.1636
2.1596
2.1668
2.1636
2.166
2.1628
2.1616
2.1612
2.164
2.1588
2.166
2.1632
2.1656
2.1616
2.1656
2.1624
2.1668
2.1604
2.1636
2.1644
2.1624
2.1616
2.1604
2.1604
2.164
2.16
2.1632
2.1632
2.1632
2.1624
2.1644
2.1592
2.1636
2.1584
2.1628
2.164
2.1628
2.1612
2.164
2.1636
2.1632
2.1588
2.1632
2.1612
2.1636
2.1608
2.1612
2.16
2.1644
2.158
2.1628
2.1596
2.1652
2.1584
2.1624
2.1644
2.1624
2.1624
2.1652
2.1612
2.1636
2.1592
2.1656
2.164
2.1624
2.16
2.1624
2.1644
2.1612
2.164
2.1632
2.1612
2.1656
2.1592
2.1676
2.16
2.1656
2.1596
2.1632
2.1644
2.1612
2.162
2.1612
2.1664
2.1628
2.1628
2.162
2.1596
2.164
2.1588
2.1656
2.1632
2.1616
2.16
2.1656
2.1608
2.1616
2.162
2.1628
2.1644
2.1612
2.1612
2.1652
2.162
2.1616
2.1604
2.1596
2.162
2.1624
2.1636
2.1664
2.164
2.1636
2.162
2.1636
2.158
2.1644
2.1584
2.1616
2.1636
2.1628
2.1616
2.1648
2.16
2.1652
2.162
2.1648
2.1604
2.1644
2.1604
2.1616
2.16
2.162
2.1636
2.1644
2.1628
2.1628
2.1612
2.16
2.1588
2.1616
2.1604
2.1656
2.1632
2.1628
2.1604
2.1644
2.16
2.162
2.1596
2.164
2.1644
2.1608
2.16
2.1632
2.1636
2.168
2.162
2.1612
2.1628
2.1604
2.158
2.1628
2.1592
2.1616
2.1592
2.1636
2.162
2.1632
2.1632
2.162
2.1624
2.1648
2.1616
2.1636
2.1612
2.1616
2.1632
2.1612
2.164
2.1616
2.1592
2.1668
2.1636
2.1632
2.1616
2.1628
2.1616
2.1628
2.1616
2.1636
2.1608
2.1596
2.1612
2.164
2.1612
2.164
2.1592
2.1612
2.1608
2.1592
2.1584
2.164
2.1632
2.1616
2.16
2.1596
2.1632
2.1608
2.1616
2.1648
2.158
2.1608
2.1588
2.1608
2.164
2.162
2.158
2.1644
2.1592
2.1612
2.1592
2.164
2.1608
2.1628
2.1616
2.162
2.1624
2.164
2.16
2.1612
2.1616
2.1572
2.162
2.1632
2.1628
2.1612
2.1616
2.1608
2.1616
2.1612
2.1604
2.1604
2.1612
2.1616
2.1596
2.1624
2.1616
2.1616
2.16
2.1636
2.1572
2.1648
2.1592
2.162
2.1608
2.1568
2.1584
2.1636
2.1628
2.1592
2.1616
2.164
2.164
2.1624
2.1584
2.164
2.1588
2.1624
2.158
2.1624
2.1596
2.1604
2.1604
2.162
2.1596
2.1608
2.1588
2.1604
2.1608
2.1604
2.1592
2.1592
2.1596
2.1644
2.1568
2.1616
2.1608
2.16
2.1596
2.1636
2.158
2.1612
2.164
2.1604
2.162
2.1616
2.156
2.1648
2.1592
2.1596
2.156
2.1592
2.1588
2.1604
2.1592
2.1612
2.1628
2.16
2.1588
2.1628
2.162
2.1616
2.1608
2.162
2.1592
2.1624
2.1576
2.1612
2.1624
2.1616
2.16
2.16
2.162
2.1592
2.1588
2.1632
2.1616
2.1608
2.1596
2.1616
2.164
2.1612
2.1576
2.1616
2.1624
2.1608
2.1592
2.1632
2.1576
2.162
2.1568
2.1612
2.1588
2.1608
2.1612
2.1608
2.16
2.158
2.1588
2.1608
2.1572
2.1604
2.16
2.1604
2.1596
2.1612
2.1616
2.1632
2.1576
2.1624
2.1604
2.1608
2.1624
2.1592
2.1612
2.1624
2.1628
2.1628
2.1612
2.1616
2.16
2.1604
2.1604
2.1608
2.1616
2.1612
2.1596
2.1628
2.1588
2.1632
2.1588
2.1592
2.1636
2.1608
2.158
2.1612
2.1596
2.16
2.1596
2.1592
2.1588
2.1596
2.1596
2.1628
2.1632
2.1592
2.1604
2.1576
2.1592
2.1612
2.1564
2.16
2.1564
2.1588
2.1612
2.158
2.1576
2.1608
2.1568
2.1572
2.158
2.1612
2.1616
2.1596
2.1604
2.1608
2.158
2.1576
2.16
2.1584
2.156
2.1592
2.1568
2.1584
2.158
2.16
2.1612
2.1588
2.1564
2.16
2.1588
2.1628
2.1608
2.1612
2.1596
2.158
2.158
2.162
2.1592
2.1608
2.1604
2.1596
2.1596
2.1588
2.1568
2.1612
2.1588
2.1584
2.1572
2.1608
2.1592
2.1616
2.1572
2.1616
2.1608
2.1632
2.1608
2.1612
2.162
2.1616
2.1576
2.1584
2.1608
2.1612
2.158
2.162
2.1604
2.1624
2.1552
2.1592
2.1612
2.1596
2.1636
2.1592
2.162
2.1596
2.16
2.1612
2.1584
2.16
2.1568
2.1584
2.1608
2.1584
2.1564
2.1608
2.156
2.1632
2.1568
2.1596
2.1612
2.1592
2.1592
2.1612
2.1572
2.1588
2.1576
2.1608
2.1616
2.1624
2.1624
2.1624
2.1592
2.16
2.1596
2.1612
2.1628
2.1584
2.162
2.1608
2.1612
2.1612
2.1592
2.1624
2.16
2.1632
2.1584
2.1592
2.16
2.16
2.1572
2.1604
2.1584
2.1616
2.1576
2.1568
2.1584
2.156
2.1548
2.1584
2.1584
2.1624
2.1572
2.1608
2.1612
2.1604
2.1588
2.158
2.1624
2.1612
2.1556
2.1628
2.1584
2.16
2.1568
2.1584
2.1588
2.1608
2.158
2.1624
2.1608
2.1628
2.1564
2.1604
2.1592
2.1612
2.1604
2.1604
2.1592
2.1592
2.1592
2.1596
2.1568
2.1584
2.1568
2.1584
2.1572
2.1604
2.158
2.1592
2.1608
2.1612
2.1568
2.162
2.1592
2.1636
2.1576
2.16
2.1612
2.158
2.1604
2.16
2.1572
2.1588
2.1564
2.1588
2.1596
2.1576
2.1584
2.16
2.1584
2.1616
2.1592
2.1596
2.1592
2.1612
2.1596
2.158
2.1608
2.1612
2.1592
2.1604
2.158
2.1616
2.1604
2.1604
2.1584
2.162
2.1568
2.1612
2.1568
2.1608
2.1564
2.1608
2.1552
2.1588
2.156
2.1596
2.158
2.1552
2.1572
2.164
2.1584
2.1616
2.156
2.1616
2.1584
2.1604
2.1576
2.1608
2.1584
2.16
2.1568
2.1616
2.1568
2.1592
2.1572
2.1616
2.1588
2.1592
2.1576
2.1604
2.1568
2.1596
2.1568
2.1608
2.16
2.1576
2.1588
2.16
2.1588
2.1628
2.1592
2.1592
2.1616
2.1588
2.158
2.1556
2.1548
2.1576
2.1584
2.1604
2.16
2.16
2.156
2.1604
2.1568
2.1584
2.1564
2.1592
2.16
2.1616
2.1572
2.1596
2.1576
2.16
2.1564
2.1604
2.1616
2.1604
2.1572
2.16
2.1592
2.1628
2.1552
2.162
2.1564
2.16
2.158
2.1612
2.1552
2.158
2.1584
2.1632
2.1588
2.1616
2.1572
2.1624
2.16
2.1596
2.16
2.1612
2.154
2.1584
2.1596
2.158
2.1592
2.1616
2.1576
2.1608
2.1568
2.1592
