2.1496
2.1512
2.1484
2.1544
2.15
2.1536
2.148
2.1512
2.15
2.1472
2.15
2.1516
2.1492
2.1512
2.1476
2.1492
2.1484
2.1476
2.1492
2.152
2.1516
2.1508
2.148
2.1492
2.15
2.1492
2.152
2.1532
2.1484
2.1508
2.1484
2.1504
2.1516
2.152
2.1472
2.1512
2.1492
2.1504
2.1496
2.1512
2.1516
2.1516
2.148
2.1516
2.1504
2.152
2.15
2.1496
2.148
2.1512
2.15
2.1516
2.1532
2.1488
2.1516
2.1472
2.1504
2.1516
2.1484
2.154
2.1504
2.1524
2.1528
2.1496
2.1468
2.152
2.146
2.1516
2.1508
2.1504
2.1512
2.1496
2.1512
2.1472
2.1512
2.1512
2.1468
2.1528
2.1504
2.1492
2.1544
2.1508
2.1476
2.1492
2.15
2.1492
2.15
2.1528
2.1504
2.1528
2.148
2.1516
2.1488
2.152
2.148
2.1512
2.1512
2.1504
2.1504
2.1496
2.1492
2.1504
2.148
2.1496
2.1508
2.1516
2.1504
2.1556
2.1488
2.1496
2.1464
2.1496
2.1476
2.1484
2.148
2.1512
2.1504
2.1516
2.1508
2.152
2.1516
2.1496
2.1516
2.1516
2.148
2.1512
2.1504
2.152
2.1488
2.1528
2.1488
2.1508
2.1524
2.1516
2.1504
2.1512
2.1488
2.152
2.1476
2.1504
2.1484
2.1496
2.148
2.1488
2.15
2.15
2.1484
2.1496
2.1472
2.1488
2.1496
2.1512
2.15
2.15
2.1488
2.1496
2.15
2.1524
2.15
2.15
2.1472
2.15
2.1476
2.1496
2.1508
2.1508
2.1484
2.1512
2.1484
2.1496
2.1488
2.154
2.15
2.1504
2.1456
2.1492
2.148
2.146
2.1524
2.1524
2.1516
2.1508
2.148
2.1476
2.1492
2.1476
2.1472
2.1516
2.1456
2.1492
2.1468
2.1496
2.1484
2.152
2.1488
2.1524
2.1512
2.1504
2.1484
2.1508
2.1492
2.1504
2.1508
2.15
2.1512
2.1504
2.152
2.1524
2.1488
2.15
2.1496
2.1516
2.1504
2.1508
2.146
2.1488
2.1512
2.1484
2.152
2.1512
2.1504
2.1492
2.1492
2.1504
2.1504
2.1512
2.1456
2.1516
2.1476
2.15
2.1476
2.1516
2.1508
2.1504
2.1472
2.1488
2.1496
2.15
2.1492
2.1512
2.1496
2.1496
2.1492
2.146
2.1508
2.1508
2.15
2.1516
2.152
2.1504
2.1464
2.15
2.1508
2.1496
2.146
2.1524
2.1488
2.1492
2.1476
2.1492
2.1528
2.1544
2.1512
2.1476
2.1476
2.1488
2.148
2.1496
2.152
2.15
2.1484
2.1516
2.1492
2.148
2.1496
2.1552
2.15
2.1536
2.1552
2.15
2.1516
2.1524
2.1528
2.1528
2.1496
2.1496
2.1472
2.1492
2.1512
2.1512
2.1472
2.1504
2.1504
2.1516
2.1536
2.1516
2.1516
2.1476
2.1492
2.1512
2.1476
2.1524
2.1448
2.1496
2.1516
2.1448
2.152
2.1496
2.1508
2.1516
2.1508
2.1484
2.1504
2.1512
2.1496
2.1504
2.1488
2.1492
2.1488
2.1536
2.1496
2.1492
2.1496
2.1484
2.1508
2.1496
2.1484
2.1508
2.1496
2.1504
2.1492
2.152
2.1512
2.15
2.1488
2.1512
2.1512
2.1508
2.146
2.1508
2.1484
2.15
2.1504
2.1536
2.1488
2.1524
2.15
2.1524
2.1496
2.1532
2.15
2.15
2.1508
2.1504
2.1524
2.1496
2.1524
2.1492
2.1492
2.1476
2.1492
2.1508
2.1488
2.1504
2.1468
2.1468
2.1492
2.1508
2.1492
2.1532
2.148
2.152
2.1524
2.1516
2.1488
2.1508
2.152
2.1504
2.1496
2.1488
2.154
2.15
2.1496
2.1516
2.15
2.1516
2.1504
2.15
2.1496
2.1496
2.1508
2.1496
2.1492
2.1488
2.1488
2.1504
2.1508
2.1508
2.1488
2.1488
2.1504
2.15
2.15
2.154
2.1448
2.1496
2.1508
2.1488
2.1484
2.148
2.1492
2.1496
2.1488
2.1512
2.1476
2.1508
2.15
2.1484
2.1476
2.1516
2.1472
2.1524
2.1516
2.1496
2.15
2.1508
2.1496
2.1508
2.1484
2.1508
2.1496
2.1496
2.152
2.1496
2.1488
2.1496
2.1496
2.148
2.1492
2.148
2.1508
2.152
2.1484
2.1488
2.1488
2.1516
2.1492
2.15
2.1496
2.1512
2.1496
2.1488
2.1512
2.1492
2.1508
2.1504
2.1488
2.1508
2.1492
2.1512
2.1464
2.1512
2.1504
2.1512
2.146
2.1512
2.1484
2.1472
2.15
2.1504
2.1484
2.1512
2.1508
2.152
2.1496
2.1508
2.1508
2.154
2.1496
2.1492
2.1492
2.1516
2.152
2.1512
2.1524
2.1532
2.1488
2.1528
2.15
2.152
2.1496
2.15
2.15
2.148
2.1504
2.1496
2.1488
2.1484
2.1488
2.1504
2.1484
2.1512
2.15
2.1496
2.146
2.1496
2.1504
2.1512
2.1524
2.1492
2.15
2.1508
2.152
2.1512
2.1484
2.1516
2.148
2.1508
2.1512
2.1544
2.1532
2.1512
2.1504
2.1512
2.1492
2.1504
2.1508
2.148
2.152
2.1496
2.1492
2.154
2.1504
2.1492
2.1504
2.1508
2.1516
2.1492
2.1492
2.1512
2.1468
2.1512
2.1488
2.15
2.1496
2.15
2.1504
2.152
2.1504
2.1524
2.1508
2.1516
2.1516
2.1532
2.1476
2.1488
2.1496
2.1488
2.1504
2.1492
2.1468
2.1504
2.1472
2.1508
2.1516
2.1512
2.1504
2.1504
2.152
2.1484
2.15
2.1532
2.1496
2.1492
2.1504
2.1532
2.1516
2.1524
2.1536
2.1516
2.1492
2.1488
2.148
2.1552
2.1492
2.156
2.154
2.15
2.1512
2.1516
2.1496
2.152
2.1504
2.1476
2.1496
2.1508
2.1516
2.1524
2.1488
2.1496
2.148
2.1524
2.1504
2.1504
2.1508
2.1488
2.1504
2.1532
2.15
2.1512
2.15
2.1496
2.15
2.1516
2.15
2.1524
2.1488
2.1504
2.1464
2.1528
2.1492
2.1512
2.1496
2.1524
2.1496
2.1516
2.1512
2.1516
2.1496
2.1508
2.15
2.1516
2.1532
2.1492
2.1496
2.1524
2.1532
2.1512
2.1488
2.152
2.1488
2.1524
2.1504
2.154
2.1508
2.152
2.148
2.1488
2.15
2.1476
2.1488
2.1516
2.1516
2.1492
2.15
2.1504
2.1504
2.1508
2.1488
2.1508
2.1516
2.1512
2.1532
2.1512
2.1516
2.1484
2.148
2.1496
2.15
2.1488
2.1516
2.1492
2.1488
2.1492
2.152
2.1516
2.1496
2.1524
2.15
2.148
2.152
2.15
2.1468
2.1532
2.1512
2.1552
2.1516
2.1504
2.1504
2.1508
2.1504
2.154
2.144
2.1488
2.1472
2.1532
2.1504
2.152
2.1476
2.1472
2.1464
2.1496
2.1508
2.15
2.1496
2.148
2.1476
2.1528
2.1524
2.1504
2.148
2.1512
2.1508
2.1528
2.1484
2.1516
2.1484
2.1504
2.154
2.1532
2.1516
2.154
2.1468
2.15
2.15
2.1528
2.1496
2.15
2.1476
2.1488
2.148
2.1504
2.152
2.1524
2.15
2.1508
2.1508
2.1524
2.1508
2.1516
2.1476
2.1464
2.1492
2.1512
2.1532
2.1512
2.1448
2.1516
2.1488
2.15
2.1496
2.1532
2.1512
2.1528
2.1496
2.1508
2.1488
2.1512
2.1504
2.1508
2.1508
2.1528
2.148
2.154
2.1484
2.152
2.1484
2.1476
2.152
2.1512
2.1496
2.15
2.1512
2.1504
2.1476
2.1524
2.1476
2.1488
2.1464
2.1508
2.1468
2.1456
2.1492
2.15
2.1512
2.1508
2.1504
2.1516
2.1484
2.1524
2.1492
2.1488
2.15
2.1496
2.15
2.1484
2.146
2.1496
2.1476
2.1508
2.1504
2.1504
2.1468
2.1496
2.1484
2.1512
2.148
2.152
2.1496
2.146
2.15
2.1488
2.1488
2.1496
2.1468
2.1512
2.1472
2.15
2.152
2.1492
2.1504
2.1504
2.1468
2.15
2.148
2.1512
2.1444
2.1496
2.1508
2.1476
2.15
2.152
2.1484
2.1512
2.1484
2.1508
2.1488
2.1524
2.1472
2.1492
2.15
2.154
2.1492
2.1508
2.1496
2.1528
2.1476
2.1484
2.1504
2.1488
2.148
2.1488
2.1496
2.1504
2.1464
2.1476
2.1476
2.1496
2.1468
2.1492
2.15
2.1488
2.1524
2.1484
2.1504
2.154
2.1496
2.1536
2.1484
2.152
2.1508
2.1492
2.1504
2.1516
2.1504
2.1496
2.1496
2.1492
2.1492
2.1516
2.148
2.1496
2.1476
2.148
2.1492
2.1508
2.1484
2.146
2.1488
2.1528
2.1496
2.1476
2.15
2.1464
2.15
2.148
2.1488
2.1508
2.1476
2.1472
2.1504
2.15
2.1464
2.1524
2.1472
2.1484
2.148
2.1508
2.1504
2.1492
2.1496
2.1508
2.1508
2.1472
2.1464
2.1492
2.1496
2.15
2.1512
2.1524
2.1492
2.148
2.1512
2.1476
2.1508
2.1516
2.15
2.1512
2.148
2.1504
2.1448
2.1484
2.1508
2.1512
2.146
2.148
2.1472
2.1452
2.15
2.1496
2.1512
2.1512
2.1444
2.1484
2.15
2.1472
2.152
2.154
2.1524
2.1468
2.142
2.1508
2.1484
2.1492
2.1468
2.1512
2.1476
2.1504
2.15
2.1512
2.1512
2.1504
2.1508
2.1528
2.15
2.1544
2.1512
2.15
2.15
2.1484
2.1472
2.1484
2.1496
2.1484
2.1456
2.1488
2.1516
2.1488
2.1492
2.15
2.1508
2.1452
2.1484
2.1476
2.1452
2.15
2.148
2.148
2.1492
2.1504
2.1488
2.1488
2.1492
2.1508
2.1512
2.1516
2.15
2.1472
2.1452
2.15
2.15
2.15
2.1488
2.1492
2.146
2.1492
2.152
2.146
2.1456
2.1488
2.1496
2.1508
2.1488
2.1528
2.1452
2.1512
2.1492
2.1492
2.1484
2.1524
2.1516
2.1488
2.1484
2.15
2.148
2.1484
2.146
2.1508
2.148
2.152
2.148
2.1488
2.1512
2.1468
2.1456
2.1492
2.1488
2.1492
2.1484
2.1512
2.1484
2.1512
2.148
2.1492
2.15
2.1516
2.1496
2.146
2.1488
2.1504
2.1472
2.15
2.1496
2.1508
2.146
2.1516
2.1512
2.1468
2.1488
2.1472
2.1456
2.1492
2.1468
2.15
2.1484
2.1512
2.148
2.1492
2.1488
2.1508
2.148
2.1492
2.1468
2.1508
2.152
2.1516
2.1524
2.148
2.1468
2.1508
2.148
2.1488
2.1464
2.1476
2.1484
2.1508
2.1476
2.1504
2.1456
2.1528
2.1484
2.1532
2.1516
2.1524
2.1476
2.148
2.1476
2.1524
2.1484
2.1508
2.152
2.1492
2.1508
2.1496
2.15
2.1524
2.1484
2.1488
2.1496
2.1484
2.1496
2.1496
2.1492
2.15
2.1468
2.1508
2.1496
2.148
2.1496
2.1504
2.148
2.148
2.1484
2.152
2.1468
2.1488
2.148
2.15
2.148
2.1484
2.15
2.152
2.15
2.1488
2.15
2.1504
2.146
2.1476
2.1468
2.1476
2.15
2.1492
2.1476
2.1464
2.1488
2.1524
2.1492
2.148
2.15
2.1504
2.15
2.1508
2.1504
2.152
2.1508
2.1508
2.15
2.1496
2.1472
2.1496
2.1508
2.1508
2.1476
2.1512
2.1468
2.1488
2.146
2.15
2.15
2.1504
2.1476
2.1516
2.148
2.1516
2.1484
2.1528
2.1508
2.156
2.15
2.148
2.146
2.1484
2.1504
2.1496
2.1488
2.15
2.1504
2.1496
2.1476
2.1508
2.1476
2.1508
2.15
2.1496
2.1504
2.1472
2.1496
2.1484
2.1492
2.1496
2.148
2.1512
2.1484
2.1516
2.1504
2.1496
2.1476
2.1516
2.1476
2.1492
2.15
2.148
2.1504
2.1508
2.146
2.1512
2.1508
2.1492
2.1484
2.1516
2.1504
2.1508
2.1488
2.1492
2.1508
2.1484
2.1484
2.1504
2.1516
2.1468
2.1492
2.1508
2.1452
2.1512
2.1464
2.1492
2.1468
2.1488
2.1508
2.1464
2.1484
2.1492
2.146
2.1492
2.1488
2.152
2.1484
2.148
2.1492
2.1472
2.1488
2.15
2.1484
2.1504
2.1496
2.1496
2.1492
2.1524
2.1464
2.1484
2.1496
2.1508
2.1496
2.1492
2.1492
2.15
2.1484
2.15
2.1456
2.1504
2.1452
2.1464
2.1496
2.1508
2.1476
2.146
2.1488
2.15
2.1484
2.148
2.148
2.1476
2.1472
2.1508
2.146
2.154
2.1492
2.15
2.1464
2.1496
2.154
2.1504
2.1504
2.1504
2.1492
2.1524
2.1476
2.1524
2.1472
2.1488
2.1496
2.15
2.1496
2.1476
2.152
2.1496
2.1468
2.1516
2.1476
2.1468
2.1488
2.1484
2.144
2.148
2.1484
2.1512
2.1492
2.1496
2.1468
2.1508
2.1456
2.15
2.1492
2.148
2.1484
2.1504
2.1468
2.1456
2.1456
2.1464
2.1484
2.1488
2.15
2.1476
2.1468
2.1508
2.1436
2.1508
2.1464
2.1476
2.1508
2.1532
2.1492
2.1464
2.1476
2.1452
2.1472
2.1508
2.1472
2.1508
2.1476
2.1536
2.1476
2.1504
2.1512
2.148
2.15
2.1496
2.1492
2.1496
2.15
2.15
2.148
2.1508
2.1476
2.15
2.1476
2.1492
2.1496
2.1476
2.1496
2.1496
2.1484
2.15
2.148
2.148
2.146
2.1488
2.1472
2.1528
2.15
2.15
2.148
2.1496
2.1468
2.1488
2.1488
2.1456
2.1496
2.1492
2.146
2.15
2.1488
2.1484
2.148
2.1528
2.1512
2.1492
2.1464
2.1472
2.144
2.1508
2.1468
2.15
2.148
2.1488
2.1472
2.1492
2.1484
2.1512
2.1464
2.1504
2.1476
2.1468
2.1456
2.1488
2.1484
2.1468
2.1472
2.1492
2.15
2.148
2.1488
2.1488
2.15
2.1476
2.1468
2.1464
2.1508
2.148
2.1472
2.1504
2.1476
2.148
2.1452
2.1504
2.1484
2.1496
2.148
2.1528
2.1496
2.1484
2.1464
2.1492
2.1468
2.1492
2.148
2.1516
2.146
2.1532
2.1476
2.1508
2.1508
2.1516
2.1492
2.1496
2.15
2.1492
2.1504
2.1484
2.1516
2.1496
2.1448
2.1476
2.1512
2.1464
2.1484
2.1508
2.148
2.1464
2.1468
2.15
2.1492
2.15
2.1492
2.1476
2.1472
2.154
2.1488
2.1512
2.1488
2.1476
2.1484
2.1476
2.15
2.1508
2.146
2.1508
2.1488
2.146
2.1472
2.148
2.1464
2.1524
2.1472
2.1508
2.1468
2.1464
2.1476
2.1496
2.148
2.152
2.1492
2.1464
2.1488
2.1488
2.1464
2.1476
2.1504
2.1512
2.144
2.1504
2.148
2.1504
2.1484
2.1488
2.1504
2.15
2.15
2.152
2.1512
2.1508
2.1492
2.1476
2.1512
2.1476
2.146
2.1488
2.1468
2.1476
2.1468
2.15
2.148
2.1488
2.1488
2.1496
2.1488
2.1476
2.1464
2.1492
2.1476
2.1492
2.1464
2.1468
2.1472
2.1496
2.1484
2.1512
2.1496
2.1512
2.1472
2.1468
2.1484
2.1512
2.1476
2.1504
2.1476
2.1504
2.1488
2.1476
2.1456
2.1512
2.146
2.1476
2.1476
2.1484
2.1452
2.1444
2.1468
2.1512
2.1476
2.1508
2.1484
2.1476
2.1488
2.1468
2.1508
2.146
2.1484
2.1492
2.1492
2.1544
2.1488
2.1508
2.152
2.1488
2.148
2.1492
2.1496
2.1508
2.148
2.1492
2.1468
2.1512
2.15
2.1512
2.1452
2.1492
2.1492
2.15
2.1484
2.1508
2.15
2.1484
2.1496
2.15
2.148
2.1512
2.1512
2.1508
2.148
2.1496
2.1508
2.1512
2.146
2.1492
2.1492
2.1484
2.1484
2.1496
2.1496
2.146
2.1496
2.1504
2.1464
2.1484
2.1448
2.1504
2.1464
2.1516
2.1468
2.15
2.1488
2.148
2.1504
2.1512
2.1504
2.148
2.1484
2.1508
2.1536
2.1508
2.1472
2.1476
2.1508
2.148
2.1484
2.1488
2.1464
2.1492
2.1496
2.1516
2.148
2.1528
2.146
2.1444
2.1452
2.1496
2.148
2.1504
2.148
2.1492
2.1508
2.1496
2.1472
2.1488
2.146
2.1464
2.148
2.15
2.15
2.1488
2.146
2.1496
2.1472
2.148
2.1476
2.1488
2.1504
2.146
2.1492
2.1492
2.1512
2.1504
2.1496
2.1488
2.1504
2.1512
2.1508
2.1512
2.1488
2.152
2.1504
2.1516
2.15
2.1508
2.1492
2.1488
2.1504
2.15
2.148
2.1516
2.1488
2.1512
2.1492
2.1508
2.1492
2.1516
2.1476
2.148
2.15
2.152
2.148
2.1504
2.1488
2.1504
2.1488
2.148
2.1516
2.1488
2.1544
2.1512
2.1476
2.1528
2.1488
2.1472
2.1516
2.1504
2.1516
2.1468
2.152
2.1528
2.1476
2.1512
2.1464
2.1536
2.154
2.1484
2.1468
2.1496
2.1456
2.1508
2.1492
2.1504
2.1488
2.1476
2.1472
2.1512
2.1496
2.1516
2.1472
2.1484
2.1508
2.1468
2.1484
2.1484
2.1428
2.15
2.1464
2.1488
2.1448
2.1488
2.1504
2.148
2.1512
2.1496
2.148
2.1512
2.1472
2.1456
2.1488
2.148
2.1472
2.1476
2.148
2.1528
2.1488
2.1492
2.1476
2.148
2.15
2.1472
2.148
2.15
2.1504
2.1504
2.1472
2.15
2.1508
2.152
2.15
2.1532
2.1484
2.1508
2.1496
2.1492
2.1524
2.1508
2.1452
2.1512
2.1488
2.1508
2.1496
2.1492
2.1472
2.15
2.1476
2.1492
2.1508
2.1508
2.1456
2.1488
2.1496
2.1504
2.1468
2.1492
2.1468
2.146
2.1468
2.1524
2.1504
2.15
2.1456
2.1484
2.146
2.1496
2.148
2.1496
2.1496
2.1528
2.1468
2.1492
2.1472
2.1468
2.1464
2.1488
2.148
2.1476
2.1476
2.148
2.1448
2.15
2.1468
2.1496
2.1476
2.1484
2.1496
2.1488
2.1476
2.148
2.1488
2.1488
2.1496
2.148
2.1496
2.1496
2.148
2.152
2.146
2.148
2.1484
2.1516
2.1464
2.1488
2.146
2.1508
2.1448
2.1488
2.1476
2.148
2.1496
2.1496
2.148
2.1508
2.1456
2.1504
2.1496
2.1512
2.1456
2.1472
2.1512
2.15
2.148
2.152
2.146
2.1516
2.1464
2.1468
2.1492
2.1496
2.1468
2.1508
2.15
2.1476
2.1492
2.148
2.146
2.148
2.1468
2.1484
2.1516
2.1484
2.144
2.1484
2.1448
2.15
2.1464
2.1484
2.148
2.1488
2.1484
2.1496
2.1492
2.1496
2.15
2.15
2.1464
2.15
2.146
2.1512
2.1516
2.1452
2.1468
2.1496
2.1464
2.1532
2.1496
2.1488
2.1468
2.148
2.1452
2.154
2.1492
2.1508
2.1472
2.148
2.1512
2.15
2.1456
2.1504
2.148
2.1504
2.1472
2.1496
2.1484
2.1488
2.1484
2.1528
2.1484
2.1468
2.1432
2.148
2.1512
2.1504
2.1468
2.1492
2.1496
2.1492
2.1472
2.1476
2.1472
2.15
2.1448
2.148
2.1484
2.1508
2.1484
2.148
2.1496
2.1484
2.1468
2.1512
2.1484
2.1496
2.1476
2.1468
2.15
2.1508
2.1492
2.1496
2.1448
2.1504
2.148
2.1488
2.15
2.152
2.1484
2.1504
2.15
2.1504
2.1476
2.1492
2.1484
2.1488
2.1484
2.1488
2.1504
2.1484
2.15
2.15
2.1464
2.1492
2.1476
2.148
2.1516
2.1504
2.15
2.1524
2.1484
2.1492
2.1472
2.1476
2.146
2.1516
2.1508
2.1492
2.1516
2.1484
2.1472
2.152
2.15
2.15
2.1516
2.1512
2.15
2.1464
2.1468
2.1496
2.1508
2.15
2.1484
2.1472
2.15
2.1512
2.1492
2.15
2.1492
2.15
2.1476
2.1516
2.1448
2.152
2.1488
2.1472
2.1512
2.1504
2.1488
2.148
2.1456
2.1512
2.148
2.1516
2.1484
2.1524
2.1464
2.1508
2.1508
2.1512
2.1476
2.148
2.1504
2.1484
2.1484
2.15
2.1496
2.1508
2.1516
2.1488
2.15
2.152
2.1472
2.148
2.1516
2.1504
2.1492
2.15
2.1476
2.1508
2.148
2.1524
2.1492
2.15
2.15
2.1512
2.146
2.1524
2.1496
2.1512
2.1528
2.15
2.1476
2.1468
2.1492
2.1512
2.1488
2.1504
2.1456
2.1512
2.1476
2.1504
2.15
2.1532
2.1508
2.1512
2.148
2.1516
2.15
2.148
2.1496
2.1508
2.1484
2.1536
2.1512
2.1536
2.1504
2.1504
2.15
2.1536
2.1488
2.1508
2.1508
2.15
2.1504
2.1524
2.1492
2.152
2.1468
2.1496
2.148
2.1516
2.1464
2.1532
2.1472
2.1512
2.1468
2.1548
2.1484
2.1528
2.15
2.1488
2.152
2.152
2.1476
2.1496
2.1532
2.152
2.1484
2.1512
2.1488
2.1532
2.1496
2.152
2.1504
2.15
2.15
2.1516
2.1476
2.1548
2.152
2.148
2.1512
2.1516
2.1508
2.152
2.1472
2.1484
2.1504
2.148
2.1472
2.1508
2.1456
2.1504
2.1528
2.1512
2.1492
2.1528
2.1492
2.1516
2.1472
2.1472
2.15
2.1508
2.1512
2.1524
2.146
2.1524
2.1488
2.1448
2.146
2.1524
2.148
2.152
2.1496
2.1512
2.15
2.1488
2.1508
2.1512
2.146
2.1476
2.1468
2.1508
2.148
2.1464
2.1488
2.1484
2.1448
2.1532
2.1496
2.1512
2.1476
2.1528
2.146
2.152
2.148
2.1496
2.1492
2.1484
2.1488
2.1504
2.1472
2.1516
2.1484
2.1484
2.1464
2.1472
2.1472
2.1476
2.1488
2.1512
2.148
2.1484
2.148
2.1508
2.148
2.1504
2.1464
2.1504
2.144
2.1508
2.1472
2.1512
2.1484
2.15
2.1496
2.1504
2.148
2.1496
2.1496
2.1484
2.1464
2.1488
2.1468
2.152
2.1488
2.15
2.1488
2.1504
2.1492
2.148
2.1456
2.1516
2.1476
2.1484
2.1488
2.148
2.1496
2.1496
2.146
2.1452
2.148
2.1464
2.1484
2.1524
2.1484
2.1492
2.15
2.1492
2.1492
2.1488
2.1464
2.1476
2.146
2.1508
2.148
2.1488
2.1476
2.146
2.1476
2.15
2.1472
2.15
2.1508
2.15
2.1464
2.1484
2.1496
2.1476
2.1484
2.1504
2.1452
2.1504
2.1472
2.1464
2.1464
2.1512
2.1496
2.1492
2.1508
2.146
2.1472
2.1508
2.1456
2.1508
2.1472
2.146
2.1512
2.1484
2.146
2.1468
2.144
2.146
2.1472
2.1476
2.1472
2.1496
2.1464
2.1504
2.1488
2.1496
2.146
2.148
2.1448
2.148
2.1484
2.1456
2.1456
2.1464
2.1464
2.146
2.1452
2.1488
2.1452
2.148
2.1452
2.1456
2.1468
2.1492
2.1456
2.1468
2.1452
2.1468
2.1508
2.1484
2.1456
2.1472
2.146
2.1528
2.144
2.1512
2.1496
2.148
2.1488
2.1488
2.1472
2.15
2.1464
2.1488
2.15
2.1464
2.1484
2.148
2.1468
2.1484
2.148
2.1496
2.1464
2.1484
2.146
2.1512
2.148
2.1484
2.148
2.1472
2.1496
2.148
2.1456
2.1508
2.1476
2.1472
2.1476
2.1508
2.1456
2.1484
2.1468
2.1476
2.1496
2.1484
2.1452
2.15
2.1464
2.1516
2.1516
2.1496
2.15
2.1472
2.1456
2.1472
2.1476
2.1488
2.1468
2.1512
2.1416
2.1452
2.1476
2.15
2.1456
2.1476
2.146
2.1492
2.148
2.1516
2.1472
2.15
2.1476
2.1444
2.1464
2.1476
2.1488
2.1492
2.1472
2.15
2.1488
2.1512
2.148
2.1532
2.1504
2.1464
2.148
2.1464
2.1444
2.1532
2.146
2.1492
2.1476
2.1508
2.1488
2.148
2.1484
2.15
2.1468
2.15
2.1468
2.1512
2.1472
2.1492
2.1492
2.148
2.1484
2.1524
2.1464
2.1464
2.1476
2.1504
2.1476
2.1512
2.1468
2.1476
2.1504
2.152
2.1508
2.1504
2.1468
2.1476
2.1452
2.1476
2.1524
2.1524
2.1484
2.1496
2.1484
2.15
2.148
2.1492
2.1508
2.1504
2.1448
2.15
2.1472
2.1532
2.1492
2.148
2.148
2.15
2.1488
2.1476
2.15
2.1496
2.1472
2.1528
2.15
2.1472
2.1512
2.1488
2.148
2.148
2.1484
2.15
2.1492
2.1468
2.1464
2.1504
2.1504
2.152
2.1516
2.1508
2.1484
2.1516
2.15
2.1512
2.15
2.1504
2.1488
2.1492
2.1492
2.1512
2.1492
2.1524
2.1492
2.1496
2.148
2.1512
2.1512
2.1512
2.146
2.1528
2.1488
2.1484
2.1492
2.152
2.148
2.1516
2.1492
2.1528
2.15
2.152
2.1476
2.1496
2.1492
2.1484
2.1496
2.1512
2.1488
2.1508
2.1476
2.148
2.1488
2.1472
2.1476
2.1464
2.1516
2.1512
2.152
2.148
2.1496
2.1476
2.1436
2.1488
2.1492
2.1536
2.1496
2.1496
2.1516
2.1484
2.1456
2.1504
2.1484
2.1524
2.1512
2.1488
2.1516
2.152
2.1472
2.15
2.1476
2.152
2.1464
2.15
2.1488
2.1528
2.1512
2.1544
2.1476
2.1484
2.1484
2.1496
2.1488
2.1508
2.1472
2.1512
2.148
2.1508
2.1468
2.1488
2.1492
2.1512
2.148
2.1524
2.1516
2.1508
2.1488
2.1512
2.148
2.1516
2.1488
2.1508
2.1516
2.1452
2.1492
2.1504
2.1492
2.1488
2.146
2.1468
2.1464
2.1516
2.1472
2.1524
2.1496
2.1452
2.15
2.148
2.1484
2.1492
2.1456
2.15
2.148
2.1512
2.1464
2.1496
2.1516
2.152
2.1488
2.1516
2.1496
2.15
2.1484
2.1484
2.1484
2.1484
2.1472
2.1524
2.15
2.1512
2.148
2.1492
2.1476
2.15
2.1508
2.15
2.1484
2.1496
2.1464
2.1492
2.1484
2.1444
2.1512
2.1492
2.1468
2.1536
2.1476
2.1516
2.146
2.1484
2.1492
2.1508
2.152
2.1508
2.1464
2.1508
2.1484
2.1496
2.1516
2.1496
2.1476
2.1508
2.15
2.1472
2.1512
2.1504
2.1496
2.1536
2.1512
2.1504
2.1492
2.15
2.1492
2.1524
2.1492
2.1484
2.146
2.1468
2.1488
2.1504
2.152
2.1508
2.15
2.1488
2.1496
2.1492
2.1484
2.1496
2.1496
2.15
2.1504
2.1496
2.1492
2.1508
2.1492
2.152
2.1492
2.1476
2.1496
2.1516
2.1512
2.1544
2.148
2.1508
2.1508
2.1504
2.152
2.1512
2.148
2.1492
2.1528
2.1488
2.1472
2.1476
2.1484
2.15
2.1484
2.148
2.1452
2.1516
2.1504
2.152
2.1456
2.1512
2.1512
2.1468
2.1488
2.1524
2.15
2.1512
2.148
2.148
2.1512
2.148
2.1508
2.1516
2.1476
2.15
2.1456
2.1524
2.1476
2.1508
2.1488
2.1508
2.1516
2.1496
2.15
2.1516
2.1484
2.1496
2.1496
2.1504
2.1516
2.1516
2.1508
2.15
2.1492
2.1512
2.1504
2.152
2.1532
2.1508
2.15
2.1484
2.15
2.1488
2.1472
2.152
2.1484
2.1492
2.1524
2.1516
2.1516
2.1508
2.1496
2.1504
2.1468
2.1524
2.1488
2.15
2.15
2.1496
2.1472
2.1492
2.1488
2.1508
2.1488
2.1472
2.1492
2.1484
2.1508
2.1508
2.1476
2.1496
2.148
2.152
2.152
2.1504
2.1512
2.152
2.1508
2.1492
2.1492
2.1508
2.1492
2.1512
2.1504
2.1512
2.1488
2.1492
2.152
2.1504
2.1512
2.152
2.1512
2.1508
2.1516
2.1492
2.1476
2.1512
2.1476
2.1484
2.1484
2.1492
2.1512
2.1524
2.1476
2.1536
2.1512
2.15
2.1504
2.1496
2.1512
2.1516
2.15
2.1516
2.1464
2.1524
2.1448
2.1468
2.15
2.1448
2.1476
2.1464
2.1496
2.1472
2.1472
2.1512
2.1488
2.1512
2.1504
2.1516
2.1504
2.1504
2.1496
2.1524
2.1512
2.15
2.148
2.1504
2.1504
2.1524
2.1492
2.1512
2.1496
2.1508
2.1508
2.1528
2.152
2.1532
2.1496
2.1508
2.1476
2.1504
2.1492
2.1524
2.1448
2.1508
2.1508
2.1504
2.1496
2.1508
2.1524
2.1508
2.1516
2.1496
2.1484
2.1492
2.1468
2.1512
2.1516
2.1508
2.1504
2.1516
2.148
2.1504
2.1492
2.1512
2.1476
2.1492
2.15
2.1492
2.152
2.1504
2.1504
2.1512
2.1464
2.1532
2.1504
2.1532
2.1496
2.154
2.1512
2.1476
2.152
2.1468
2.148
2.1536
2.1488
2.1488
2.1508
2.1508
2.1504
2.1504
2.1512
2.15
2.1496
2.1508
2.1532
2.1496
2.1508
2.1536
2.1516
2.1532
2.1528
2.1528
2.1516
2.1484
2.1492
2.1536
2.1512
2.15
2.1488
2.1488
2.1504
2.1528
2.15
2.1492
2.152
2.1504
2.1524
2.1516
2.1496
2.1516
2.1484
2.1544
2.1496
2.1512
2.1512
2.15
2.1516
2.1536
2.1504
2.1532
2.152
2.152
2.1492
2.1508
2.1512
2.1524
2.1492
2.1512
2.1492
2.154
2.148
2.1536
2.152
2.148
2.1512
2.15
2.1456
2.1516
2.1464
2.1528
2.1472
2.1512
2.1496
2.1508
2.1532
2.15
2.1496
2.1524
2.1532
2.148
2.1516
2.15
2.1508
2.1492
2.148
2.1508
2.1476
2.1504
2.1496
2.1516
2.1516
2.1532
2.1476
2.152
2.1512
2.15
2.1496
2.1528
2.1492
2.15
2.1496
2.1504
2.1516
2.15
2.1476
2.1512
2.1508
2.148
2.144
2.148
2.1476
2.15
2.1504
2.1528
2.1512
2.1504
2.1464
2.1508
2.1492
2.1488
2.1512
2.1512
2.1496
2.154
2.1484
2.15
2.1488
2.1512
2.1484
2.1484
2.1496
2.1484
2.1516
2.1516
2.1484
2.1508
2.148
2.1516
2.1496
2.1524
2.1484
2.152
2.1508
2.152
2.1448
2.1512
2.1544
2.1512
2.152
2.1516
2.1504
2.1504
2.1488
2.1496
2.1516
2.1496
2.1484
2.1496
2.1508
2.1504
2.148
2.1504
2.1464
2.1484
2.1488
2.1524
2.1492
2.1512
2.1476
2.15
2.1504
2.1528
2.1516
2.1512
2.1492
2.1464
2.1484
2.1488
2.1512
2.15
2.1504
2.1504
2.1508
2.1504
2.1488
2.1504
2.1476
2.1528
2.1492
2.1496
2.1476
2.1512
2.1472
2.1484
2.1472
2.1504
2.1476
2.1488
2.15
2.1476
2.1464
2.1468
2.1472
2.1488
2.1476
2.1496
2.1492
2.1496
2.1484
2.1536
2.1476
2.15
2.1488
2.1504
2.1516
2.1496
2.1496
2.148
2.1468
2.15
2.1464
2.1484
2.15
2.1504
2.1468
2.1536
2.1488
2.15
2.1508
2.1504
2.1508
2.1468
2.1472
2.1528
2.1484
2.1504
2.1488
2.1504
2.1504
2.1496
2.1476
2.1472
2.1468
2.1512
2.1476
2.152
2.1512
2.1512
2.1496
2.1516
2.1484
2.15
2.1476
2.152
2.15
2.1476
2.148
2.1488
2.1464
2.1496
2.1468
2.1496
2.15
2.1492
2.1504
2.1484
2.1488
2.1504
2.1488
2.1512
2.1484
2.1492
2.1476
2.1512
2.1488
2.1524
2.1484
2.148
2.1484
2.1504
2.1472
2.1476
2.1464
2.1468
2.1468
2.148
2.1512
2.152
2.1468
2.1508
2.15
2.1492
2.1456
2.1484
2.1496
2.1512
2.1476
2.15
2.148
2.1496
2.1484
2.15
2.148
2.1504
2.1536
2.152
2.15
2.1524
2.1468
2.148
2.148
2.15
2.1496
2.1508
2.1468
2.1504
2.15
2.1472
2.1492
2.1516
2.148
2.1524
2.1468
2.1492
2.1476
2.152
2.1496
2.152
2.1512
2.1476
2.1472
2.1484
2.1476
2.1496
2.148
2.1464
2.1496
2.1496
2.1516
2.1488
2.1504
2.1476
2.148
2.1492
2.1496
2.1496
2.1452
2.1492
2.1448
2.1488
2.146
2.1492
2.1472
2.1484
2.1444
2.1476
2.15
2.15
2.1468
2.1536
2.1492
2.1488
2.1468
2.1508
2.148
2.148
2.1484
2.1456
2.1472
2.152
2.15
2.1528
2.1512
2.1496
2.148
2.1492
2.146
2.1496
2.1472
2.1504
2.146
2.1492
2.1496
2.1472
2.148
2.1464
2.1492
2.1492
2.1456
2.15
2.1476
2.1508
2.15
2.1512
2.1476
2.148
2.1464
2.1496
2.1456
2.1476
2.1464
2.1484
2.1476
2.1528
2.1492
2.1504
2.1488
2.1516
2.1472
2.152
2.1504
2.1508
2.1504
2.1468
2.1492
2.1512
2.1492
2.1512
2.1476
2.1512
2.1524
2.1484
2.1496
2.1492
2.1468
2.15
2.146
2.1492
2.1468
2.1484
2.1496
2.148
2.1476
2.1496
2.1484
2.1492
2.1476
2.1516
2.1488
2.1468
2.1504
2.1496
2.1492
2.15
2.146
2.1488
2.146
2.15
2.1488
2.1476
2.148
2.146
2.1484
2.152
2.146
2.1508
2.1472
2.1508
2.148
2.1492
2.148
2.1492
2.1496
2.1528
2.1504
2.1536
2.1448
2.1488
2.1488
2.1464
2.1488
2.1516
2.1512
2.1536
2.1504
2.1504
2.1516
2.1484
2.146
2.1508
2.15
2.15
2.1472
2.1504
2.1508
2.1504
2.15
2.15
2.15
2.1528
2.1476
2.1504
2.1508
2.1496
2.1492
2.1516
2.1504
2.1536
2.15
2.1496
2.1468
2.1508
2.1492
2.148
2.1468
2.1496
2.1492
2.1496
2.1504
2.1504
2.1468
2.1488
2.1476
2.148
2.1476
2.15
2.1496
2.1508
2.1512
2.1492
2.15
2.1504
2.148
2.1524
2.1468
2.1524
2.1476
2.1492
2.1512
2.1492
2.1476
2.1516
2.1484
2.1524
2.1512
2.1496
2.1512
2.1492
2.15
2.1532
2.1476
2.152
2.146
2.148
2.1492
2.152
2.1512
2.148
2.1488
2.154
2.1488
2.1544
2.1512
2.1496
2.1504
2.15
2.1484
2.1508
2.1484
2.1512
2.1484
2.1496
2.1488
2.1544
2.1464
2.15
2.1448
2.1524
2.1472
2.1492
2.1472
2.1504
2.1468
2.152
2.1452
2.148
2.1492
2.1528
2.1488
2.1512
2.148
2.1516
2.15
2.15
2.1516
2.1508
2.152
2.152
2.1492
2.1548
2.1544
2.1504
2.1504
2.1512
2.1508
2.148
2.1484
2.1484
2.1496
2.1504
2.1488
2.1512
2.152
2.1536
2.1492
2.1532
2.1512
2.1504
2.1508
2.1488
2.15
2.156
2.1484
2.15
2.1504
2.1508
2.1496
2.1492
2.1504
2.15
2.148
2.1544
2.1516
2.1532
2.1484
2.1508
2.1492
2.15
2.1484
2.1496
2.1524
2.1508
2.148
2.1516
2.1472
2.1484
2.1476
2.152
2.1472
2.1504
2.1488
2.15
2.152
2.154
2.1508
2.1516
2.15
2.1536
2.1484
2.1532
2.154
2.15
2.1452
2.1512
2.1516
2.1504
2.1516
2.1508
2.1512
2.1548
2.1484
2.152
2.1516
2.1488
2.1492
2.1524
2.1516
2.1524
2.1468
2.1536
2.1508
2.1492
2.1456
2.1492
2.1496
2.1496
2.1504
2.1508
2.1492
2.1512
2.15
2.1508
2.1516
2.1492
2.1468
2.1544
2.15
2.1488
2.1488
2.1496
2.1544
2.1512
2.1496
2.1548
2.1492
2.1536
2.1484
2.148
2.1484
2.1496
2.1492
2.1524
2.15
2.1508
2.1472
2.1512
2.1504
2.1532
2.1492
2.1544
2.1508
2.154
2.15
2.1512
2.1524
2.1508
2.1468
2.1512
2.1504
2.1484
2.15
2.1476
2.1488
2.1484
2.148
2.1516
2.152
2.1516
2.15
2.1516
2.1484
2.1516
2.1472
2.1504
2.1508
2.1512
2.1496
2.1512
2.1472
2.1524
2.1476
2.1468
2.1536
2.1484
2.1464
2.1512
2.1496
2.1488
2.1504
2.1516
2.1484
2.152
2.15
2.1528
2.1484
2.1528
2.1476
2.148
2.1492
2.1528
2.1512
2.1496
2.1516
2.1464
2.1504
2.1504
2.1504
2.1508
2.1476
2.148
2.1492
2.1504
2.1516
2.1512
2.152
2.1472
2.1492
2.1516
2.1504
2.1552
2.1476
2.1492
2.1524
2.1512
2.1484
2.1524
2.15
2.1504
2.1508
2.152
2.1512
2.1512
2.1516
2.15
2.1476
2.1504
2.148
2.1492
2.1476
2.1488
2.148
2.1512
2.1488
2.1516
2.1464
2.1496
2.1484
2.1468
2.1512
2.1512
2.1504
2.1504
2.1504
2.1512
2.1468
2.15
2.1468
2.1468
2.148
2.1496
2.1492
2.15
2.15
2.15
2.1512
2.1508
2.1504
2.148
2.1484
2.1484
2.1492
2.1468
2.1504
2.1512
2.1484
2.1492
2.1484
2.1516
2.1496
2.1508
2.1484
2.1512
2.1484
2.1492
2.152
2.1508
2.148
2.1536
2.1476
2.15
2.1488
2.1512
2.1488
2.1516
2.1548
2.1512
2.146
2.15
2.1496
2.152
2.1488
2.1528
2.1492
2.1504
2.1488
2.1504
2.15
2.1496
2.1484
2.152
2.1492
2.1496
2.1508
2.1508
2.1492
2.15
2.1492
2.152
2.1508
2.1512
2.148
2.1516
2.1504
2.1496
2.1492
2.1536
2.15
2.1492
2.1484
2.1532
2.1516
2.1484
2.1476
2.1504
2.1484
2.1512
2.148
2.1512
2.146
2.15
2.1492
2.148
2.1488
2.1496
2.148
2.1496
2.1496
2.152
2.1468
2.1548
2.1508
2.1536
2.1504
2.1544
2.1528
2.154
2.15
2.1516
2.1536
2.152
2.1516
2.154
2.1508
2.1496
2.1504
2.1512
2.1488
2.1508
2.1484
2.1492
2.15
2.1524
2.1524
2.1528
2.1488
2.1496
2.1496
2.152
2.1516
2.1516
2.1492
2.1512
2.15
2.1528
2.1456
2.1516
2.1492
2.1512
2.148
2.1512
2.1508
2.1508
2.1468
2.1504
2.1472
2.1496
2.1492
2.1512
2.1472
2.152
2.1464
2.1508
2.1492
2.1492
2.15
2.15
2.1472
2.1484
2.1484
2.1492
2.1456
2.1496
2.1496
2.1496
2.15
2.1508
2.1488
2.1532
2.1492
2.1492
2.1488
2.148
2.1508
2.148
2.1516
2.15
2.1484
2.1488
2.146
2.1492
2.1508
2.1516
2.1512
2.1512
2.148
2.15
2.1468
2.1504
2.1484
2.148
2.1472
2.1484
2.146
2.1488
2.1468
2.1504
2.1484
2.1476
2.1492
2.1484
2.1472
2.1524
2.15
2.1508
2.15
2.148
2.1468
2.1492
2.1484
2.1484
2.1484
2.1476
2.15
2.1512
2.1476
2.1532
2.1464
2.1516
2.1496
2.1464
2.1492
2.1472
2.1488
2.1532
2.1476
2.1496
2.1476
2.1504
2.1472
2.1536
2.1488
2.1524
2.1488
2.1492
2.148
2.1504
2.1464
2.1504
2.1496
2.1504
2.1464
2.1496
2.1508
2.1488
2.1472
2.1484
2.1488
2.1508
2.1488
2.1512
2.1504
2.1516
2.1512
2.1512
2.1488
2.1504
2.1492
2.1516
2.1456
2.1484
2.1476
2.1496
2.1496
2.1504
2.1468
2.1528
2.15
2.1504
2.1516
2.1456
2.148
2.1512
2.1484
2.1508
2.1468
2.1476
2.1496
2.152
2.148
2.1504
2.1468
2.1468
2.1472
2.1496
2.1452
2.1484
2.1448
2.1512
2.1484
2.1488
2.1468
2.1496
2.144
2.1476
2.1456
2.146
2.148
2.1492
2.1496
2.1504
2.1508
2.1496
2.1496
2.1512
2.1508
2.1504
2.1476
2.1488
2.1464
2.1468
2.1456
2.1472
2.1464
2.1468
2.1484
2.1484
2.1484
2.1496
2.1476
2.1456
2.148
2.15
2.1476
2.1496
2.1484
2.1496
2.1508
2.1508
2.1492
2.1512
2.1472
2.1484
2.1488
2.1512
2.1488
2.1512
2.1492
2.1512
2.15
2.1488
2.1496
2.1504
2.1488
2.1504
2.148
2.1492
2.148
2.15
2.1512
2.1504
2.15
2.1496
2.1504
2.148
2.1504
2.1492
2.1472
2.1488
2.146
2.1488
2.1484
2.148
2.1496
2.1484
2.1468
2.146
2.1464
2.1496
2.1468
2.1508
2.1444
2.15
2.1492
2.1468
2.1464
2.1484
2.1452
2.1464
2.1484
2.1476
2.1468
2.1472
2.1468
2.148
2.1456
2.1492
2.146
2.148
2.1448
2.148
2.1492
2.1516
2.1452
2.1512
2.1472
2.148
2.1484
2.146
2.1484
2.1484
2.1472
2.1492
2.1476
2.1488
2.1452
2.1508
2.1448
2.1476
2.1488
2.1504
2.1484
2.1468
2.1464
2.1464
2.1484
2.1476
2.1496
2.15
2.1444
2.15
2.1496
2.1488
2.146
2.148
2.1472
2.1524
2.1484
2.1496
2.15
2.1496
2.1496
2.154
2.1476
2.1492
2.1464
2.1488
2.1516
2.1468
2.1496
2.1504
2.1492
2.15
2.1464
2.15
2.1496
2.1488
2.1484
2.1488
2.1476
2.1468
2.1472
2.1508
2.1484
2.1512
2.148
2.1488
2.15
2.1484
2.1464
2.152
2.1512
2.1496
2.1472
2.1476
2.1492
2.1504
2.1484
2.1488
2.148
2.1492
2.1508
2.15
2.1472
2.1492
2.146
2.148
2.1492
2.1524
2.1472
2.1464
2.1492
2.1508
2.1476
2.1504
2.1488
2.1528
2.1488
2.1508
2.1488
2.1504
2.1492
2.1496
2.1468
2.1508
2.15
2.1484
2.1488
2.1504
2.1476
2.1528
2.1472
2.1496
2.15
2.1488
2.1512
2.1476
2.1448
2.1516
2.1468
2.152
2.1488
2.1492
2.1476
2.1484
2.1476
2.1496
2.1488
2.1484
2.1468
2.1524
2.1488
2.1496
2.1484
2.148
2.1488
2.1488
2.1468
2.154
2.1452
2.1512
2.1468
2.1508
2.1488
2.1508
2.1548
2.1464
2.15
2.1492
2.1476
2.1516
2.1468
2.1496
2.1464
2.148
2.1496
2.1472
2.1488
2.154
2.1476
2.1492
2.1468
2.1496
2.146
2.1508
2.1496
2.1528
2.1496
2.1496
2.1488
2.1512
2.1464
2.1488
2.1496
2.1508
2.1444
2.1472
2.1492
2.1472
2.1492
2.1472
2.1452
2.1496
2.1456
2.1496
2.1476
2.1512
2.15
2.15
2.1476
2.1516
2.1468
2.1484
2.1476
2.1496
2.146
2.1464
2.144
2.1492
2.1476
2.15
2.1476
2.1476
2.1488
2.1496
2.144
2.1472
2.1468
2.15
2.15
2.1496
2.1472
2.1484
2.1488
2.1508
2.148
2.1504
2.144
2.148
2.1484
2.1456
2.1484
2.1476
2.1492
2.1512
2.1472
2.1496
2.1484
2.1484
2.1472
2.1468
2.1468
2.1504
2.1456
2.148
2.1472
2.1508
2.1472
2.1488
2.15
2.148
2.1476
2.1508
2.148
2.148
2.1476
2.1484
2.148
2.1472
2.1488
2.1496
2.1476
2.1508
2.1512
2.15
2.1468
2.1496
2.15
2.1504
2.1468
2.1484
2.146
2.1516
2.1488
2.1508
2.1508
2.1504
2.146
2.1492
2.1464
2.1504
2.1456
2.1472
2.1468
2.1484
2.1512
2.1496
2.1468
2.1512
2.1524
2.1524
2.1508
2.1516
2.1496
2.1524
2.15
2.1508
2.1492
2.1512
2.1464
2.1496
2.1468
2.148
2.148
2.1472
2.1496
2.1484
2.1484
2.1524
2.1504
2.1504
2.1492
2.1524
2.1476
2.1528
2.1472
2.1504
2.1496
2.1512
2.1496
2.1488
2.1492
2.1496
2.148
2.15
2.1488
2.1512
2.1476
2.15
2.1464
2.15
2.1492
2.1512
2.1472
2.1488
2.1488
2.1488
2.1508
2.1508
2.15
2.1484
2.15
2.152
2.1492
2.1504
2.1484
2.15
2.1504
2.1492
2.1472
2.15
2.1504
2.1524
2.1492
2.1508
2.15
2.15
2.1444
2.15
2.1504
2.152
2.1536
2.1508
2.1476
2.1488
2.1476
2.15
2.1508
2.1516
2.1472
2.15
2.1468
2.1504
2.1508
2.152
2.15
2.1488
2.1472
2.1504
2.1496
2.1472
2.1468
2.1472
2.1496
2.1504
2.1472
2.1508
2.1496
2.1492
2.1476
2.1512
2.148
2.1492
2.1492
2.1516
2.1504
2.1496
2.1512
2.152
2.1488
2.1488
2.1528
2.152
2.1488
2.152
2.1504
2.15
2.1504
2.1512
2.1492
2.1532
2.148
2.1456
2.1432
2.1456
2.1484
2.15
2.1484
2.152
2.1488
2.1484
2.1464
2.1504
2.1484
2.1504
2.148
2.15
2.1468
2.1512
2.1464
2.1476
2.1488
2.1492
2.1492
2.1512
2.1484
2.1516
2.146
2.1444
2.148
2.1496
2.1508
2.1496
2.1508
2.1512
2.1452
2.1504
2.1492
2.148
2.1516
2.1472
2.1476
2.15
2.1476
2.1528
2.1508
2.1492
2.1516
2.15
2.1492
2.1504
2.1472
2.1524
2.1468
2.1528
2.1484
2.1492
2.1468
2.1512
2.1504
2.1496
2.148
2.1512
2.1476
2.1484
2.15
2.1496
2.148
2.1504
2.1476
2.1476
2.1488
2.146
2.1504
2.1524
2.1512
2.1532
2.1488
2.15
2.148
2.148
2.1476
2.1508
2.1496
2.1508
2.1504
2.1516
2.1504
2.1488
2.1484
2.1504
2.1484
2.15
2.1504
2.1528
2.1496
2.15
2.1496
2.1508
2.1472
2.1516
2.1464
2.148
2.1472
2.148
2.1496
2.1528
2.148
2.1468
2.1476
2.1488
2.1504
2.1484
2.1496
2.1512
2.1476
2.1504
2.1472
2.1488
2.15
2.15
2.1492
2.152
2.1496
2.148
2.1488
2.1464
2.1496
2.1488
2.15
2.1504
2.1492
2.15
2.1464
2.1496
2.1476
2.1504
2.1484
2.15
2.1492
2.1508
2.1508
2.15
2.1492
2.15
2.1476
2.1488
2.1496
2.1492
2.1496
2.1476
2.1492
2.1496
2.1488
2.1476
2.1488
2.1492
2.1504
2.1512
2.1476
2.1496
2.1504
2.1512
2.1484
2.1476
2.1492
2.1488
2.1496
2.1488
2.1464
2.1516
2.152
2.1452
2.1488
2.1496
2.1512
2.1516
2.1476
2.1468
2.1504
2.1512
2.148
2.148
2.1488
2.1464
2.1472
2.1512
2.1492
2.1524
2.1496
2.1488
2.1496
2.1496
2.1492
2.1508
2.148
2.1468
2.1464
2.152
2.152
2.1492
2.1472
2.1516
2.1476
2.1524
2.1484
2.15
2.1524
2.1508
2.15
2.1536
2.1488
2.1492
2.1456
2.1468
2.1472
2.1492
2.1508
2.15
2.1488
2.1516
2.148
2.1504
2.1488
2.1504
2.1484
2.1508
2.146
2.1496
2.1492
2.148
2.1444
2.1476
2.148
2.1476
2.1472
2.1476
2.1456
2.148
2.15
2.1468
2.1484
2.1492
2.1464
2.148
2.1456
2.1476
2.1476
2.15
2.1476
2.148
2.1468
2.1488
2.1484
2.148
2.1468
2.1524
2.1484
2.1508
2.1472
2.15
2.1508
2.1508
2.1484
2.1484
2.1512
2.15
2.1468
2.152
2.1504
2.1508
2.1484
2.148
2.1496
2.1484
2.1472
2.1472
2.1488
2.1488
2.148
2.1492
2.1456
2.1484
2.1488
2.1512
2.1516
2.1484
2.1492
2.1476
2.1468
2.1468
2.1456
2.1512
2.1448
2.1512
2.1476
2.1484
2.1476
2.1476
2.1484
2.15
2.1468
2.1484
2.1452
2.1476
2.1468
2.148
2.1524
2.1504
2.1468
2.1488
2.1496
2.1476
2.1456
2.1492
2.1496
2.1464
2.1524
2.1512
2.1468
2.1472
2.1504
2.1504
2.1508
2.1512
2.1472
2.1484
2.1492
2.1492
2.148
2.1468
2.1468
2.1484
2.146
2.148
2.146
2.1472
2.1504
2.1484
2.1492
2.1512
2.1512
2.1484
2.148
2.1496
2.1492
2.1504
2.148
2.1528
2.1504
2.1504
2.146
2.1524
2.1496
2.1516
2.1484
2.1508
2.1496
2.1496
2.1488
2.1496
2.1496
2.1492
2.148
2.1464
2.1484
2.1508
2.1488
2.1496
2.1496
2.1464
2.15
2.152
2.1496
2.1516
2.1472
2.1512
2.1516
2.1476
2.1464
2.1468
2.146
2.1456
2.1448
2.1496
2.148
2.1484
2.1464
2.1484
2.1452
2.1508
2.1464
2.152
2.1468
2.1508
2.1496
2.1496
2.1488
2.146
2.1508
2.1472
2.1464
2.1476
2.1508
2.1504
2.1484
2.1488
2.1476
2.1504
2.1484
2.1484
2.1484
2.15
2.1468
2.1504
2.1496
2.1488
2.1488
2.1516
2.1448
2.148
2.1472
2.148
2.1496
2.1496
2.1452
2.1508
2.1468
2.15
2.1496
2.1496
2.1484
2.1496
2.148
2.1504
2.148
2.148
2.1468
2.1516
2.1524
2.1524
2.1492
2.15
2.148
2.1524
2.1492
2.1528
2.148
2.1464
2.1476
2.1476
2.1448
2.1496
2.1476
2.15
2.146
2.1504
2.1484
2.1472
2.148
2.1496
2.1472
2.1516
2.1496
2.1488
2.1516
2.1484
2.1492
2.1516
2.1488
2.1504
2.1504
2.1532
2.1524
2.1476
2.1508
2.148
2.1468
2.1516
2.1516
2.152
2.1528
2.1512
2.1476
2.1504
2.1452
2.1484
2.1472
2.1496
2.148
2.1504
2.1508
2.1496
2.152
2.1488
2.1492
2.1508
2.1484
2.1496
2.1488
2.15
2.1508
2.1504
2.1492
2.1504
2.1472
2.1492
2.1496
2.1512
2.15
2.1508
2.1492
2.1492
2.1464
2.1532
2.1496
2.15
2.1484
2.152
2.1504
2.1536
2.1496
2.1504
2.1512
2.1512
2.1496
2.1504
2.1496
2.1448
2.1504
2.152
2.1452
2.1516
2.1484
2.1488
2.1492
2.1472
2.1488
2.148
2.1452
2.1484
2.1468
2.1536
2.1504
2.15
2.1488
2.1484
2.1504
2.148
2.1516
2.1484
2.1484
2.15
2.1492
2.1504
2.148
2.1512
2.1488
2.1468
2.1512
2.1488
2.1504
2.1512
2.1496
2.1528
2.1516
2.1492
2.148
2.1468
2.1464
2.1504
2.1488
2.15
2.1496
2.1536
2.1504
2.1496
2.1488
2.1464
2.1492
2.15
2.15
2.1496
2.148
2.1508
2.1512
2.148
2.1492
2.1504
2.1496
2.1484
2.1488
2.1516
2.1492
2.152
2.1504
2.1472
2.1484
2.1536
2.1484
2.1512
2.148
2.15
2.1472
2.1468
2.1532
2.1484
2.152
2.15
2.1492
2.1488
2.1456
2.1492
2.1488
2.148
2.1484
2.1492
2.1448
2.148
2.1456
2.148
2.1456
2.1468
2.1464
2.1488
2.144
2.1476
2.1424
2.1432
2.1448
2.1436
2.1428
2.1464
2.144
2.1416
2.1408
2.142
2.1408
2.1424
2.1396
2.1412
2.1372
2.142
2.1384
2.1408
2.1372
2.1376
2.138
2.136
2.1364
2.138
2.1316
2.1376
2.134
2.1324
2.1316
2.1308
2.1284
2.1296
2.1268
2.128
2.1276
2.1272
2.126
2.1244
2.1208
2.124
2.1184
2.1196
2.1188
2.1196
2.116
2.116
2.1152
2.1124
2.1096
2.1116
2.1052
2.1104
2.1084
2.1076
2.1064
2.102
2.0996
2.0992
2.0956
2.0956
2.0944
2.0908
2.0924
2.092
2.086
2.0864
2.0848
2.0832
2.082
2.0804
2.0768
2.0736
2.074
2.0724
2.068
2.07
2.0632
2.0656
2.062
2.0632
2.058
2.0556
2.054
2.052
2.048
2.0504
2.0448
2.0452
2.0388
2.0404
2.0372
2.0356
2.032
2.0292
2.024
2.022
2.0208
2.02
2.0152
2.012
2.0104
2.008
2.0044
2.0064
2.0028
1.9996
1.9972
1.994
1.9876
1.9892
1.9836
1.9828
1.9792
1.976
1.9712
1.9744
1.9656
1.9692
1.964
1.9616
1.9584
1.9544
1.9548
1.9516
1.9488
1.9432
1.942
1.9404
1.9344
1.9364
1.9388
1.932
1.9272
1.9264
1.9224
1.9232
1.9172
1.9172
1.9124
1.9104
1.9076
1.9052
1.9028
1.8984
1.896
1.8956
1.8932
1.8924
1.8852
1.884
1.886
1.8808
1.8772
1.8736
1.8732
1.8744
1.868
1.866
1.8644
1.8616
1.8568
1.8576
1.8576
1.8508
1.8464
1.8476
1.848
1.8456
1.8392
1.8412
1.8372
1.838
1.8304
1.8292
1.8288
1.8292
1.8228
1.8228
1.8188
1.822
1.8136
1.814
1.8136
1.8096
1.808
1.8052
1.802
1.8048
1.7996
1.796
1.7948
1.7952
1.7904
1.7928
1.788
1.7848
1.7868
1.786
1.7836
1.7824
1.7768
1.7776
1.7764
1.7776
1.7684
1.772
1.7704
1.7676
1.7656
1.7676
1.7636
1.7648
1.7596
1.7576
1.76
1.7616
1.754
1.7512
1.7544
1.7528
1.7432
1.75
1.7484
1.7488
1.7464
1.7436
1.7444
1.746
1.7412
1.7408
1.7392
1.7404
1.7352
1.7352
1.734
1.732
1.7332
1.7348
1.7308
1.7312
1.7276
1.7264
1.7256
1.7284
1.7252
1.7228
1.724
1.7248
1.718
1.7176
1.72
1.7224
1.7244
1.7152
1.7152
1.7208
1.7164
1.7148
1.7152
1.7128
1.7144
1.7104
1.7116
1.7112
1.7116
1.7096
1.7092
1.7072
1.7068
1.708
1.7048
1.7112
1.7076
1.7052
1.7048
1.7032
1.7012
1.7068
1.7072
1.7036
1.7024
1.7028
1.7004
1.7028
1.7012
1.7
1.7052
1.6996
1.6992
1.7008
1.7016
1.7
1.7004
1.698
1.6992
1.7012
1.6968
1.6932
1.6956
1.7008
1.6972
1.694
1.6952
1.696
1.6952
1.6948
1.6948
1.7
1.6944
1.6948
1.6932
1.7004
1.694
1.6952
1.6952
1.6976
1.6992
1.692
1.6968
1.7008
1.6936
1.6976
1.6936
1.696
1.6952
1.694
1.6956
1.6984
1.6928
1.6964
1.6976
1.6988
1.694
1.6964
1.6968
1.698
1.6996
1.6968
1.6996
1.6988
1.6956
1.6976
1.6972
1.6992
1.6992
1.7004
1.7
1.7016
1.6992
1.6932
1.6992
1.7008
1.7004
1.7032
1.698
1.7048
1.7016
1.7016
1.7012
1.7036
1.7004
1.7056
1.7028
1.7036
1.7036
1.7024
1.7028
1.7052
1.7056
1.7048
1.7048
1.7068
1.7052
1.71
1.7064
1.7124
1.7096
1.7064
1.7108
1.7104
1.71
1.7108
1.7096
1.7128
1.71
1.7128
1.7152
1.7156
1.7148
1.716
1.7148
1.7156
1.7172
1.7152
1.7184
1.7184
1.7152
1.7192
1.7188
1.7204
1.7216
1.7208
1.7228
1.7228
1.7216
1.7208
1.7232
1.7204
1.7244
1.7232
1.7236
1.7288
1.7284
1.7308
1.7276
1.73
1.7292
1.7312
1.7328
1.7328
1.7312
1.7308
1.7324
1.7348
1.7324
1.7372
1.736
1.7388
1.7368
1.738
1.7388
1.7392
1.7392
1.7436
1.74
1.7436
1.7468
1.7428
1.744
1.7468
1.7424
1.7448
1.7456
1.75
1.7484
1.7496
1.7488
1.7532
1.7512
1.7524
1.7552
1.7544
1.752
1.752
1.7556
1.7572
1.756
1.7544
1.7564
1.7632
1.7572
1.7592
1.7628
1.7648
1.764
1.7676
1.7648
1.7684
1.7632
1.768
1.7692
1.7716
1.7692
1.7732
1.7704
1.7748
1.7736
1.7744
1.7704
1.778
1.7768
1.7752
1.7784
1.78
1.7764
1.7824
1.7784
1.7868
1.7804
1.7844
1.7836
1.7868
1.7864
1.7852
1.786
1.7912
1.7884
1.7876
1.7924
1.7916
1.7868
1.7948
1.7916
1.7936
1.794
1.7948
1.7952
1.7972
1.798
1.7976
1.7992
1.8032
1.8008
1.8024
1.802
1.8048
1.8076
1.8052
1.8068
1.81
1.8056
1.8104
1.81
1.81
1.8116
1.8124
1.8144
1.8148
1.8116
1.8188
1.8144
1.8196
1.8144
1.8224
1.8184
1.8208
1.8204
1.8204
1.8224
1.826
1.82
1.826
1.8252
1.83
1.8248
1.8284
1.8308
1.8304
1.8296
1.8316
1.8328
1.8336
1.832
1.834
1.8376
1.8384
1.834
1.8392
1.8368
1.8372
1.836
1.8396
1.84
1.844
1.8432
1.8476
1.8436
1.848
1.846
1.846
1.8472
1.8464
1.8472
1.8536
1.8516
1.8524
1.8496
1.854
1.856
1.8588
1.856
1.8616
1.8576
1.86
1.8584
1.8604
1.8616
1.8616
1.862
1.8636
1.862
1.8644
1.862
1.8692
1.8668
1.8696
1.868
1.8724
1.8704
1.8712
1.8676
1.8744
1.8728
1.8736
1.8728
1.8756
1.8744
1.8772
1.8764
1.882
1.8784
1.8812
1.8764
1.8808
1.8828
1.8848
1.8792
1.8876
1.8852
1.886
1.8848
1.8888
1.8884
1.89
1.89
1.8912
1.8896
1.894
1.8912
1.8936
1.8964
1.8948
1.8932
1.8952
1.8964
1.8996
1.8976
1.9004
1.9
1.9012
1.9008
1.9052
1.9036
1.9044
1.9064
1.9048
1.9072
1.9092
1.9032
1.9068
1.9068
1.9116
1.9076
1.9084
1.912
1.9108
1.9092
1.9116
1.912
1.9136
1.9164
1.9132
1.9124
1.9176
1.9176
1.9188
1.9176
1.9192
1.9208
1.9236
1.92
1.9208
1.922
1.9248
1.9236
1.9276
1.9204
1.9256
1.9252
1.9284
1.9272
1.932
1.93
1.9332
1.934
1.9328
1.9344
1.9352
1.934
1.9368
1.9352
1.9364
1.936
1.9364
1.9356
1.9376
1.9392
1.9396
1.942
1.942
1.936
1.9428
1.9388
1.9452
1.9436
1.9444
1.9452
1.948
1.9456
1.944
1.9488
1.9536
1.9484
1.9492
1.9524
1.9536
1.9496
1.954
1.9508
1.9544
1.9536
1.9536
1.9556
1.9556
1.9544
1.9568
1.9556
1.958
1.9544
1.9588
1.9584
1.962
1.958
1.9644
1.9612
1.9652
1.9652
1.9636
1.9636
1.9636
1.9624
1.9652
1.966
1.9688
1.9656
1.9736
1.9708
1.9724
1.9684
1.9724
1.9688
1.9736
1.976
1.9728
1.9748
1.9752
1.9724
1.976
1.9748
1.9744
1.9772
1.9796
1.9784
1.9808
1.9768
1.98
1.98
1.9816
1.982
1.982
1.9788
1.982
1.9832
1.9824
1.9836
1.9864
1.9824
1.9892
1.9844
1.9884
1.9888
1.9896
1.988
1.9896
1.9916
1.9916
1.9916
1.9916
1.9908
1.994
1.9932
1.9972
1.994
1.9948
1.998
1.998
1.9968
1.9984
1.998
2.0004
1.9976
1.9992
2
2.0008
1.9988
2.004
2.0024
2.0044
2.0028
2.0068
2.0008
2.006
2.0032
2.0064
2.0036
2.006
2.0052
2.0056
2.0096
2.006
2.006
2.0092
2.008
2.008
2.0064
2.0112
2.0096
2.016
2.0124
2.014
2.016
2.0164
2.0144
2.0144
2.0144
2.0144
2.0148
2.0196
2.0188
2.0152
2.0148
2.0172
2.0156
2.0164
2.0188
2.0176
2.0196
2.0208
2.02
2.0204
2.022
2.0248
2.0236
2.026
2.0196
2.0252
2.0236
2.0268
2.0244
2.0272
2.0236
2.0256
2.0264
2.0268
2.0264
2.0316
2.03
2.0324
2.0304
2.0292
2.0308
2.0328
2.0312
2.0352
2.032
2.0368
2.0332
2.0352
2.0336
2.0352
2.0312
2.0368
2.0324
2.0364
2.0352
2.036
2.0372
2.0396
2.038
2.04
2.042
2.0388
2.0368
2.0396
2.036
2.044
2.04
2.0404
2.0408
2.0412
2.042
2.042
2.044
2.044
2.0452
2.0476
2.0468
2.0464
2.0456
2.0476
2.0488
2.0476
2.0452
2.0508
2.0484
2.0452
2.0464
2.05
2.046
2.0488
2.0484
2.0492
2.0484
2.0512
2.0488
2.05
2.05
2.0536
2.0484
2.0552
2.0544
2.0536
2.05
2.0536
2.0564
2.0572
2.0556
2.0568
2.0564
2.054
2.0536
2.0588
2.0564
2.0568
2.0568
2.0572
2.0548
2.0588
2.056
2.0584
2.058
2.0616
2.0604
2.0636
2.0608
2.0644
2.064
2.0636
2.0624
2.0644
2.0644
2.0656
2.064
2.0652
2.0644
2.0656
2.062
2.0688
2.0652
2.0696
2.0636
2.0676
2.0684
2.0668
2.0676
2.0688
2.0672
2.0692
2.0688
2.0692
2.0672
2.0728
2.0684
2.0712
2.0688
2.0732
2.072
2.0748
2.072
2.0732
2.0708
2.0744
2.0724
2.0748
2.074
2.074
2.0732
2.074
2.0704
2.0744
2.0764
2.0788
2.0748
2.076
2.0768
2.0756
2.0788
2.0804
2.0736
2.0812
2.0756
2.0808
2.0804
2.0836
2.0804
2.08
2.082
2.0832
2.0812
2.0848
2.0808
2.0848
2.0796
2.0836
2.082
2.0824
2.0832
2.0828
2.0824
2.0844
2.0844
2.0836
2.084
2.0884
2.0836
2.0884
2.0848
2.0852
2.0884
2.0872
2.0848
2.0904
2.0864
2.0904
2.0888
2.0888
2.0872
2.0892
2.0892
2.0904
2.0888
2.0908
2.09
2.0948
2.0876
2.092
2.0908
2.0904
2.0924
2.092
2.0928
2.0932
2.0932
2.0916
2.0952
2.096
2.0956
2.0964
2.0928
2.0944
2.0924
2.0972
2.0944
2.0984
2.0936
2.0952
2.0928
2.0976
2.0968
2.0964
2.0968
2.0988
2.0992
2.1016
2.0996
2.0984
2.0984
2.098
2.0988
2.1016
2.0952
2.0976
2.1
2.1024
2.0988
2.1016
2.1024
2.104
2.0984
2.096
2.1008
2.1032
2.1012
2.104
2.1004
2.1036
2.1028
2.1056
2.1004
2.1068
2.1016
2.1048
2.104
2.1088
2.104
2.1052
2.1024
2.1096
2.1068
2.1044
2.1092
2.1076
2.1096
2.1084
2.108
2.11
2.1068
2.1092
2.104
2.1096
2.1084
2.1084
2.108
2.1096
2.1092
2.1068
2.1132
2.1116
2.1084
2.1108
2.1088
2.112
2.1088
2.1116
2.1128
2.116
2.112
2.116
2.1108
2.1128
2.1136
2.116
2.1128
2.1132
2.116
2.1164
2.1168
2.118
2.1148
2.1164
2.1152
2.1156
2.1156
2.1148
2.1128
2.1172
2.1132
2.116
2.1196
2.1208
2.118
2.1188
2.1172
2.1224
2.1172
2.1188
2.1224
2.1244
2.1196
2.12
2.116
2.1204
2.1176
2.1228
2.1192
2.1212
2.1172
2.124
2.1192
2.1216
2.1188
2.122
2.1204
2.1252
2.1196
2.1204
2.1212
2.1256
2.12
2.126
2.1236
2.124
2.1208
2.124
2.1248
2.124
2.1216
2.1268
2.1204
2.1272
2.1212
2.1252
2.1252
2.1232
2.1244
2.1292
2.124
2.1272
2.1252
2.126
2.1264
2.1264
2.126
2.1288
2.1256
2.1284
2.1252
2.1288
2.1256
2.1284
2.1288
2.1304
2.128
2.1344
2.1288
2.1312
2.126
2.13
2.1292
2.1312
2.1288
2.1336
2.1292
2.1296
2.1272
2.1308
2.132
2.132
2.1288
2.1332
2.1328
2.1316
2.1316
2.134
2.1284
2.1336
2.1304
2.1336
2.1308
2.1324
2.132
2.1352
2.1332
2.1344
2.1316
2.1356
2.1344
2.1364
2.1332
2.134
2.1332
2.136
2.1368
2.1368
2.1332
2.1364
2.1308
2.1356
2.1332
2.1336
2.1356
2.138
2.136
2.1396
2.136
2.1388
2.1344
2.1348
2.1352
2.1392
2.1356
2.1364
2.1376
2.1392
2.1388
2.138
2.14
2.1376
2.138
2.14
2.1356
2.1392
2.1388
2.1408
2.1396
2.1388
2.1392
2.1408
2.1388
2.14
2.144
2.1412
2.1404
2.1428
2.1392
2.1436
2.1396
2.1396
2.1408
2.142
2.1368
2.1416
2.1384
2.1404
2.1408
2.14
2.1432
2.1456
2.1404
2.1448
2.1408
2.144
2.1448
2.1456
2.1436
2.1484
2.1416
2.1448
2.1424
2.1468
2.142
2.1468
2.1424
2.1456
2.1472
2.1472
2.1456
2.1456
2.142
2.1452
2.1424
2.1464
2.1488
2.1456
2.142
2.146
2.1476
2.1452
2.1428
2.1484
2.1444
2.1496
2.1464
2.148
2.1472
2.1472
2.146
2.148
2.1496
2.15
2.1488
2.1528
2.148
2.1496
2.1456
2.15
2.1492
2.1504
2.1488
2.1508
2.15
2.15
2.1492
2.1492
2.1488
2.1476
2.1492
2.1512
2.148
2.1508
2.1492
2.1492
2.1476
2.1524
2.1512
2.1524
2.1532
2.152
2.1484
2.1504
2.1512
2.1516
2.1508
2.1504
2.1512
2.1528
2.15
2.1536
2.154
2.1524
2.1548
2.152
2.1504
2.1508
2.152
2.1532
2.1536
2.1552
2.1512
2.1548
2.1528
2.1544
2.1544
2.1528
2.1528
2.1564
2.1512
2.156
2.1536
2.1552
2.1532
2.1564
2.1524
2.1556
2.1516
2.1544
2.1568
2.1556
2.1548
2.1572
2.1568
2.156
2.1536
2.158
2.1564
2.1592
2.1564
2.1576
2.1568
2.1576
2.1548
2.1564
2.1544
2.1548
2.1528
2.1544
2.1568
2.1552
2.1548
2.1564
2.1568
2.1572
2.1536
2.1596
2.1568
2.1576
2.1564
2.1564
2.1592
2.1564
2.1556
2.1612
2.1556
2.16
2.1564
2.1612
2.1572
2.1608
2.158
2.1612
2.1572
2.16
2.158
2.1624
2.158
2.1636
2.158
2.1632
2.1572
2.1632
2.1584
2.1624
2.1608
2.1632
2.1596
2.1628
2.16
2.1616
2.1612
2.1644
2.1636
2.1636
2.16
2.1624
2.1624
2.1604
2.1588
2.164
2.1604
2.1632
2.1608
2.1624
2.16
2.1644
2.1588
2.1636
2.1632
2.166
2.1604
2.1592
2.1616
2.1632
2.1548
2.166
2.1632
2.1608
2.162
2.1612
2.162
2.1632
2.1624
2.1652
2.1632
2.1644
2.1636
2.1684
2.1644
2.1636
2.164
2.1644
2.1676
2.164
2.164
2.168
2.1624
2.1656
2.1628
2.166
2.164
2.1656
2.1668
2.1692
2.1644
2.166
2.1612
2.1688
2.164
2.1624
2.1648
2.1684
2.1644
2.1672
2.168
2.1696
2.1672
2.1652
2.1636
2.1684
2.1652
2.1684
2.1632
2.1672
2.1656
2.1668
2.1636
2.1688
2.1664
2.1684
2.166
2.1668
2.1672
2.166
2.1684
2.172
2.1664
2.1704
2.1664
2.1684
2.1696
2.17
2.1664
2.1712
2.1684
2.1676
2.1656
2.1688
2.1668
2.1692
2.1692
2.1676
2.17
2.1692
2.1656
2.1704
2.1696
2.1712
2.17
2.1688
2.17
2.1712
2.1704
2.1716
2.1696
2.1696
2.1656
2.1708
2.1684
2.1712
2.1676
2.1716
2.1688
2.174
2.17
2.1716
2.1692
2.1696
2.1704
2.1748
2.1708
2.1692
2.1708
2.1708
2.1704
2.1736
2.1684
2.1736
2.1752
2.1756
2.1728
2.1716
2.1708
2.174
2.1712
2.172
2.1704
2.174
2.1696
2.1736
2.172
2.176
2.1708
2.174
2.1708
2.1732
2.1736
2.1748
2.1732
2.1732
2.1704
2.1728
2.1744
2.1752
2.1692
2.1768
2.1712
2.1732
2.1696
2.172
2.1744
2.1728
2.1736
2.1744
2.176
2.178
2.1748
2.1764
2.1724
2.1736
2.1728
2.1752
2.1712
2.1752
2.1728
2.1748
2.1744
2.1736
2.1724
2.174
2.1736
2.1732
2.1696
2.176
2.1764
2.178
2.1732
2.1752
2.1772
2.176
2.1728
2.1744
2.1748
2.1756
2.1736
2.1748
2.172
2.1768
2.1752
2.1752
2.1764
2.176
2.1764
2.1768
2.1744
2.1768
2.1752
2.1756
2.1736
2.1772
2.1728
2.1784
2.1772
2.1748
2.176
2.1748
2.1708
2.1764
2.1736
2.1764
2.1724
2.1736
2.1744
2.1768
2.18
2.178
2.1756
2.1796
2.176
2.176
2.1764
2.1772
2.1772
2.178
2.176
2.1764
2.1764
2.176
2.1756
2.1784
2.1768
2.1756
2.1764
2.1772
2.1776
2.1788
2.1772
2.1788
2.178
2.1784
2.176
2.1772
2.1792
2.1808
2.1756
2.1776
2.1816
2.1776
2.176
2.1808
2.18
2.1792
2.1772
2.184
2.178
2.1796
2.1784
2.1788
2.1744
2.1804
2.1772
2.1784
2.1804
2.1792
2.1776
2.1816
2.1784
2.1804
2.1772
2.1812
2.1788
2.1804
2.178
2.18
2.1808
2.1792
2.1784
2.1816
2.1808
2.1816
2.1776
2.1808
2.18
2.1816
2.1776
2.1836
2.1784
2.1808
2.18
2.18
2.1808
2.1764
2.1784
2.1804
2.1808
2.1816
2.1744
2.1804
2.1792
2.182
2.1756
2.1796
2.1784
2.1788
2.178
2.1792
2.1776
2.18
2.1808
2.1832
2.1812
2.1788
2.1816
2.1796
2.1836
2.1852
2.18
2.1828
2.1836
2.1784
2.1796
2.1828
2.182
2.1844
2.1804
2.184
2.1804
2.1824
2.1836
2.1812
2.186
2.1832
2.1772
2.1796
2.1812
2.18
2.18
2.1844
2.1796
2.1828
2.176
2.1804
2.184
2.1852
2.1804
2.1844
2.1812
2.1816
2.18
2.1836
2.1816
2.1828
2.1792
2.1776
2.1812
2.1792
2.182
2.1848
2.18
2.1836
2.1812
2.1856
2.1848
2.1828
2.1844
2.1852
2.1832
2.1852
2.1808
2.186
2.1836
2.1832
2.1804
2.1832
2.1836
2.182
2.182
2.1872
2.1848
2.1856
2.1844
2.182
2.1836
2.1848
2.1848
2.1824
2.19
2.184
2.1832
2.1864
2.1856
2.1872
2.1832
2.1812
2.1852
2.1836
2.1836
2.1844
2.182
2.1856
2.1852
2.1864
2.1832
2.1856
2.1828
2.1884
2.1828
2.186
2.1852
2.1884
2.186
2.186
2.1812
2.184
2.1836
2.1832
2.1808
2.1844
2.1864
2.1848
2.1876
2.184
2.1784
2.1844
2.186
2.1848
2.1864
2.1836
2.184
2.1856
2.1848
2.1888
2.1848
2.1864
2.186
2.1832
2.1828
2.184
2.1876
2.1848
2.1848
2.188
2.1848
2.1884
2.1844
2.1856
2.186
2.1852
2.184
2.1864
2.1848
2.1836
2.186
2.1888
2.1852
2.1848
2.1868
2.1856
2.1864
2.1872
2.1852
2.188
2.188
2.1888
2.1816
2.19
2.1832
2.1852
2.188
2.188
2.1876
2.1864
2.1864
2.186
2.1824
2.1872
2.1824
2.1844
2.1828
2.1844
2.1884
2.1876
2.1868
2.1876
2.1804
2.1872
2.186
2.186
2.1892
2.1888
2.1848
2.1884
2.1872
2.1844
2.186
2.1852
2.186
2.188
2.186
2.188
2.184
2.186
2.1872
2.1884
2.1892
2.1896
2.188
2.1868
2.1836
2.1876
2.1892
2.1892
2.1896
2.19
2.1852
2.1868
2.1872
2.19
2.1872
2.1864
2.184
2.186
2.1864
2.1848
2.1844
2.1896
2.1856
2.19
2.1856
2.186
2.19
2.188
2.1872
2.1892
2.1884
2.1864
2.1876
2.1888
2.1868
2.1896
2.184
2.188
2.1884
2.1868
2.1912
2.1936
2.1864
2.1868
2.184
2.188
2.1868
2.1884
2.1872
2.1884
2.1888
2.1876
2.1852
2.1876
2.1852
2.1888
2.1856
2.1892
2.1916
2.1912
2.1868
2.188
2.186
2.1896
2.1876
2.1904
2.1872
2.1912
2.1892
2.188
2.1916
2.1904
2.1904
2.1916
2.1892
2.186
2.184
2.192
2.1872
2.19
2.186
2.1872
2.1876
2.1892
2.1912
2.1924
2.1884
2.192
2.1904
2.1908
2.1916
2.1916
2.19
2.1896
2.186
2.1888
2.1856
2.1924
2.1888
2.1916
2.1896
2.1908
2.1916
2.1916
2.186
2.1916
2.1904
2.1908
2.1892
2.1912
2.186
2.1896
2.1912
2.1892
2.1864
2.19
2.188
2.19
2.1876
2.1928
2.192
2.1888
2.1912
2.1924
2.1924
2.1916
2.1916
2.1884
2.1924
2.1908
2.1864
2.1928
2.1864
2.1896
2.192
2.188
2.1888
2.1892
2.1876
2.1928
2.1916
2.1932
2.1924
2.19
2.1896
2.1936
2.1908
2.1932
2.19
2.1884
2.188
2.1908
2.1904
2.1936
2.192
2.1896
2.1888
2.194
2.1912
2.1928
2.1896
2.1892
2.1928
2.1932
2.1924
2.1924
2.1928
2.1956
2.1912
2.192
2.1908
2.1932
2.1904
2.1904
2.1928
2.192
2.1908
2.1904
2.1972
2.1908
2.1908
2.1908
2.1908
2.1932
2.1908
2.1924
2.1936
2.1944
2.1928
2.1924
2.1916
2.194
2.1908
2.1916
2.1932
2.1924
2.1912
2.192
2.1916
2.1916
2.1888
2.1884
2.1924
2.1928
2.192
2.196
2.1932
2.1944
2.1916
2.1944
2.1896
2.1928
2.194
2.1892
2.1924
2.192
2.194
2.1944
2.1936
2.196
2.1932
2.1916
2.1932
2.192
2.1944
2.1916
2.1892
2.1948
2.1904
2.1916
2.1944
2.194
2.1936
2.1956
2.194
2.196
2.1916
2.1936
2.1908
2.1944
2.1916
2.194
2.196
2.194
2.1888
2.194
2.1932
2.1924
2.192
2.192
2.1944
2.1912
2.1924
2.1936
2.1932
2.1976
2.196
2.194
2.1952
2.1944
2.192
2.1924
2.1948
2.196
2.1936
2.1968
2.1952
2.1936
2.19
2.1968
2.1912
2.1972
2.1944
2.1924
2.1964
2.1912
2.1904
2.1956
2.1932
2.194
2.1908
2.1948
2.1928
2.1976
2.194
2.1932
2.198
2.1952
2.1912
2.196
2.1928
2.1964
2.1904
2.1972
2.1916
2.194
2.1936
2.192
2.1932
2.1968
2.1904
2.1952
2.192
2.1948
2.1956
2.196
2.1932
2.192
2.2
2.1972
2.1952
2.2004
2.1952
2.1988
2.194
2.1976
2.196
2.1952
2.1944
2.1932
2.194
2.2004
2.196
2.1996
2.1928
2.198
2.1976
2.1976
2.1944
2.1936
2.1952
2.1968
2.1972
2.1956
2.194
2.1964
2.194
2.1972
2.1948
2.1944
2.1944
2.1988
2.1944
2.1972
2.196
2.1956
2.198
2.1992
2.1952
2.2024
2.1952
2.1948
2.1928
2.1976
2.1992
2.1944
2.1924
2.1932
2.1908
2.1956
2.1948
2.1948
2.1984
2.1968
2.1956
2.2004
2.1944
2.1952
2.194
2.1992
2.1956
2.1956
2.1964
2.194
2.198
2.1972
2.1976
2.1988
2.1968
2.1952
2.1932
2.1976
2.1964
2.1964
2.1948
2.1968
2.1984
2.1984
2.196
2.1972
2.1952
2.1936
2.1976
2.1964
2.1948
2.1996
2.1964
2.196
2.1968
2.1956
2.1968
2.1948
2.1944
2.1976
2.196
2.2004
2.1964
2.1976
2.1984
2.1964
2.1944
2.1984
2.198
2.2
2.198
2.1976
2.1964
2.1992
2.1968
2.1968
2.1976
2.1956
2.198
2.1964
2.196
2.1972
2.1952
2.1968
2.1948
2.1952
2.1952
2.2
2.1956
2.1968
2.198
2.1948
2.1956
2.1988
2.196
2.198
2.1964
2.2008
2.196
2.1976
2.1984
2.1968
2.1996
2.2008
2.1996
2.198
2.1996
2.1972
2.1976
2.1948
2.194
2.1976
2.1952
2.202
2.198
2.198
2.1972
2.1996
2.196
2.2004
2.196
2.2008
2.1956
2.2
2.1952
2.1976
2.1984
2.1992
2.1988
2.198
2.1968
2.1976
2.194
2.1988
2.1968
2.2004
2.2004
2.1976
2.1944
2.1996
2.1968
2.1988
2.1972
2.1988
2.1976
2.2004
2.1956
2.1972
2.1968
2.1992
2.1976
2.1968
2.1996
2.2004
2.1956
2.198
2.1932
2.2
2.1992
2.2008
2.1948
2.198
2.1972
2.1968
2.1948
2.198
2.196
2.1996
2.1976
2.1988
2.1984
2.1964
2.1948
2.1976
2.1984
2.1984
2.1948
2.2
2.196
2.1972
2.1996
2.2004
2.1988
2.1992
2.196
2.1944
2.1996
2.1976
2.1992
2.1984
2.1944
2.2
2.1992
2.1976
2.198
2.198
2.1948
2.1996
2.1968
2.1984
2.1984
2.1988
2.1964
2.2
2.1956
2.1988
2.1996
2.2012
2.1988
2.2004
2.1952
2.2024
2.2
2.1972
2.1984
2.1988
2.1956
2.2
2.1968
2.2
2.1988
2.1996
2.1992
2.1988
2.1984
2.2012
2.2004
2.1992
2.198
2.1992
2.198
2.1972
2.2
2.1984
2.1944
2.1964
2.1972
2.2004
2.1976
2.1988
2.1972
2.1972
2.1968
2.1968
2.1944
2.1992
2.1984
2.204
2.1976
2.2
2.1992
2.2004
2.198
2.202
2.198
2.2012
2.1992
2.1972
2.1996
2.1984
2.1976
2.2004
2.1972
2.2016
2.1988
2.1988
2.198
2.2004
2.1972
2.2004
2.1964
2.1992
2.1976
2.198
2.1992
2.1976
2.1968
2.2024
2.1948
2.1976
2.1968
2.2
2.1964
2.1964
2.1924
2.1988
2.1968
2.1972
2.1972
2.1956
2.1992
2.1984
2.2008
2.2004
2.1948
2.1988
2.1928
2.2024
2.198
2.1984
2.2004
2.202
2.2008
2.2024
2.1956
2.2004
2.1992
2.1968
2.1972
2.1988
2.198
2.2012
2.1968
2.2008
2.1996
2.1984
2.1988
2.2016
2.1988
2.1996
2.1992
2.2004
2.1988
2.1996
2.2004
2.1976
2.198
2.1988
2.1972
2.2
2.1964
2.2004
2.202
2.2
2.1996
2.2
2.1968
2.2
2.1984
2.2004
2.1988
2.2008
2.2016
2.198
2.1976
2.2008
2.1976
2.2008
2.2016
2.2004
2.2012
2.2
2.1996
2.1996
2.1948
2.1996
2.1968
2.1976
2.1976
2.1992
2.1988
2.2008
2.198
2.1968
2.1988
2.198
2.2008
2.2012
2.2
2.2016
2.2012
2.2028
2.196
2.2016
2.2032
2.1992
2.2
2.2012
2.194
2.202
2.1996
2.1968
2.1988
2.2004
2.1992
2.2016
2.1976
2.1976
2.1992
2.2004
2.2004
2.2004
2.1992
2.2012
2.1996
2.2028
2.1984
2.2036
2.198
2.1972
2.198
2.1968
2.1996
2.2028
2.1996
2.2016
2.1984
2.1992
2.1952
2.204
2.1972
2.2012
2.1984
2.2028
2.1996
2.2004
2.1996
2.2
2.1992
2.2028
2.1988
2.202
2.1984
2.2016
2.1996
2.1996
2.2004
2.2
2.198
2.2004
2.1952
2.2008
2.1996
2.2024
2.2004
2.2024
2.2
2.2004
2.2016
2.198
2.1996
2.1996
2.198
2.1976
2.1992
2.1992
2.204
2.202
2.1992
2.1972
2.1956
2.2008
2.1992
2.2032
2.2016
2.1996
2.2
2.2028
2.198
2.2004
2.1996
2.1996
2.202
2.1988
2.1984
2.2004
2.1936
2.2016
2.1964
2.1996
2.1996
2.2012
2.2032
2.2012
2.1964
2.2016
2.2008
2.2016
2.2008
2.1984
2.1992
2.2024
2.2012
2.1988
2.1956
2.204
2.2008
2.2
2.198
2.2028
2.1992
2.2004
2.1996
2.1976
2.1996
2.2016
2.2008
2.1996
2.2016
2.2008
2.1992
2.1996
2.1988
2.1976
2.1964
2.2012
2.1932
2.1992
2.198
2.1988
2.1968
2.198
2.1964
2.1976
2.2012
2.196
2.1968
2.202
2.1992
2.1984
2.2004
2.2028
2.1988
2.2
2.1952
2.2012
2.2008
2.198
2.2024
2.198
2.1968
2.2012
2.1956
2.1972
2.1984
2.1996
2.1976
2.1996
2.1976
2.2012
2.1956
2.2028
2.2
2.2
2.2
2.2016
2.1984
2.2008
2.202
2.1996
2.2008
2.2028
2.2004
2.2024
2.1992
2.2008
2.1984
2.2028
2.2004
2.2
2.2004
2.206
2.2028
2.1992
2.2008
2.2
2.202
2.2024
2.1972
2.2028
2.2
2.2
2.1992
2.2016
2.1992
2.1996
2.2
2.1992
2.2008
2.2016
2.2008
2.1996
2.202
2.2024
2.1984
2.2024
2.2008
2.1996
2.1996
2.2032
2.1996
2.2012
2.1984
2.2016
2.202
2.2
2.1996
2.1988
2.2032
2.1988
2.1992
2.1976
2.2012
2.2008
2.1968
2.2024
2.2004
2.2
2.2
2.1972
2.1996
2.1996
2.2004
2.1992
2.1988
2.2
2.1996
2.2008
2.198
2.2008
2.1968
2.2024
2.1988
2.2036
2.2004
2.2016
2.2
2.2016
2.1976
2.2024
2.2032
2.1976
2.1992
2.204
2.1996
2.1992
2.2008
2.1992
2.2016
2.204
2.198
2.2024
2.1996
2.2012
2.2016
2.202
2.1968
2.2044
2.2
2.2012
2.1988
2.2016
2.2
2.2028
2.2016
2.1992
2.2004
2.2004
2.2004
2.1988
2.1988
2.2012
2.1996
2.1948
2.1992
2.1996
2.2004
2.2012
2.1988
2.2012
2.2008
2.2036
2.202
2.202
2.1988
2.202
2.2012
2.2008
2.2
2.1976
2.2
2.2
2.2024
2.1988
2.2008
2.1996
2.1984
2.204
2.2008
2.2032
2.1984
2.2012
2.2
2.1996
2.1996
2.2008
2.1996
2.2056
2.2008
2.2004
2.1996
2.2
2.2008
2.2024
2.1996
2.2012
2.1988
2.2036
2.204
2.202
2.2004
2.1988
2.2024
2.1996
2.1988
2.2004
2.1988
2.2048
2.2
2.2
2.1996
2.2008
2.204
2.202
2.2004
2.2028
2.1992
2.2004
2.1968
2.1988
2.198
2.2024
2.2008
2.2004
2.198
2.2
2.2004
2.202
2.1988
2.2024
2.1988
2.1996
2.1976
2.1976
2.1992
2.198
2.2004
2.198
2.1992
2.198
2.1984
2.1984
2.1948
2.1996
2.1984
2.2008
2.1996
2.2016
2.2004
2.2036
2.2004
2.2016
2.2
2.1984
2.2012
2.1996
2.1992
2.1992
2.1984
2.2
2.1988
2.2008
2.1972
2.2036
2.1964
2.202
2.1968
2.1968
2.2012
2.2008
2.2012
2.1972
2.1984
2.1996
2.1996
2.2004
2.202
2.1984
2.1996
2.2016
2.1996
2.202
2.196
2.1996
2.1984
2.198
2.1992
2.2008
2.2
2.1992
2.1968
2.2036
2.2036
2.2036
2.2004
2.2028
2.2016
2.2012
2.2016
2.198
2.2028
2.2008
2.1984
2.202
2.1948
2.1996
2.1996
2.2004
2.1988
2.2004
2.1992
2.2028
2.2
2.2024
2.2008
2.2024
2.1988
2.2032
2.1996
2.2012
2.2032
2.2012
2.1996
2.2028
2.1992
2.2028
2.1976
2.2036
2.1992
2.2036
2.2008
2.2016
2.2
2.2
2.1984
2.2008
2.2004
2.2048
2.2008
2.2036
2.2004
2.2008
2.2
2.2004
2.2004
2.1992
2.2
2.2024
2.202
2.2016
2.1996
2.2012
2.1988
2.2004
2.2
2.2032
2.2
2.2008
2.1996
2.2008
2.1996
2.2012
2.2004
2.2012
2.2028
2.2
2.2
2.2032
2.2008
2.2036
2.1996
2.2032
2.1992
2.2
2.2032
2.1976
2.1992
2.2028
2.2
2.2028
2.2008
2.1976
2.1976
2.1988
2.1992
2.2008
2.1996
2.2008
2.1996
2.202
2.1984
2.2048
2.202
2.1992
2.1996
2.204
2.1992
2.1972
2.2016
2.2016
2.1992
2.2012
2.1992
2.2052
2.2
2.2004
2.2012
2.2012
2.2032
2.198
2.1988
2.2028
2.2004
2.2056
2.2004
2.2024
2.2016
2.204
2.1996
2.2016
2.202
2.202
2.2024
2.2004
2.2
2.1996
2.1992
2.202
2.1972
2.2036
2.1988
2.202
2.202
2.2036
2.2
2.1988
2.1996
2.2
2.2028
2.2024
2.1976
2.1984
2.1988
2.2032
2.1996
2.2004
2.2012
2.198
2.2016
2.2024
2.1996
2.2
2.1996
2.2036
2.2
2.2004
2.196
2.2016
2.1984
2.2024
2.1964
2.1956
2.1992
2.2032
2.202
2.2016
2.2016
2.202
2.1956
2.202
2.2012
2.2012
2.1972
2.2004
2.1996
2.1988
2.202
2.1996
2.2004
2.2004
2.2008
2.2024
2.2024
2.2028
2.202
2.2016
2.1988
2.2024
2.1992
2.1996
2.2004
2.2024
2.202
2.202
2.2004
2.2008
2.2
2.1976
2.2
2.198
2.1984
2.1972
2.1964
2.2032
2.1984
2.2032
2.2012
2.2004
2.2
2.2004
2.2048
2.202
2.2012
2.2004
2.2004
2.198
2.1984
2.1996
2.1976
2.2012
2.1992
2.2024
2.1988
2.2008
2.1992
2.2008
2.2012
2.202
2.2008
2.1996
2.1984
2.2032
2.2
2.202
2.2004
2.202
2.1988
2.202
2.1996
2.2
2.1996
2.2008
2.202
2.2024
2.1988
2.202
2.1988
2.2048
2.2028
2.1996
2.1992
2.2056
2.1968
2.2012
2.2028
2.2
2.2016
2.2032
2.2004
2.2032
2.1948
2.2008
2.2024
2.2004
2.2008
2.198
2.1968
2.2
2.2016
2.2032
2.202
2.2008
2.2016
2.2
2.2004
2.2004
2.1988
2.2024
2.1984
2.2
2.2012
2.1972
2.1984
2.1988
2.1984
2.1976
2.2004
2.1988
2.2052
2.2012
2.1964
2.2
2.196
2.1984
2.1988
2.2008
2.1984
2.2004
2.1968
2.1976
2.198
2.1988
2.1996
2.1988
2.2024
2.2008
2.1992
2.1976
2.1968
2.1956
2.1968
2.1976
2.1996
2.1984
2.1984
2.1992
2.196
2.1992
2.1976
2.1988
2.2008
2.1996
2.202
2.2044
2.1952
2.1984
2.2004
2.2008
2.2016
2.2016
2.2004
2.1972
2.1984
2.1996
2.2004
2.2012
2.196
2.2012
2.1964
2.1992
2.2028
2.1992
2.1984
2.1968
2.198
2.198
2.2004
2.2004
2.2028
2.2016
2.1988
2.2012
2.2016
2.2
2.2004
2.202
2.2004
2.1996
2.2
2.198
2.1984
2.1992
2.198
2.1996
2.1984
2.1988
2.1988
2.2028
2.2
2.198
2.2
2.1984
2.2008
2.2004
2.2004
2.202
2.202
2.1984
2.2
2.2016
2.1996
2.2
2.198
2.1984
2.194
2.2008
2.1944
2.1992
2.1964
2.1976
2.1972
2.2
2.1964
2.1984
2.1996
2.202
2.1996
2.2
2.2
2.1992
2.1992
2.2004
2.1984
2.2
2.1984
2.1976
2.2008
2.2
2.1976
2.202
2.1996
2.2008
2.1992
2.1984
2.2016
2.2016
2.1988
2.198
2.1964
2.1988
2.1972
2.1992
2.1972
2.1968
2.2008
2.1996
2.1988
2.2004
2.1996
2.2
2.1984
2.198
2.2
2.2
2.2016
2.1976
2.1956
2.2024
2.1996
2.2052
2.2012
2.1984
2.198
2.1988
2.198
2.2
2.1944
2.2004
2.1984
2.2004
2.1988
2.2032
2.1984
2.1984
2.198
2.1984
2.2
2.1984
2.1964
2.1996
2.2
2.2024
2.196
2.2004
2.198
2.1992
2.1992
2.1984
2.202
2.1984
2.1948
2.202
2.1964
2.1984
2.1976
2.198
2.1968
2.196
2.198
2.2016
2.1988
2.1984
2.198
2.1984
2.2
2.1972
2.1996
2.2024
2.2012
2.2
2.194
2.1984
2.1992
2.198
2.1984
2.196
2.1964
2.1988
2.1936
2.1984
2.1956
2.2008
2.1984
2.198
2.2004
2.2
2.1948
2.202
2.2
2.1964
2.1988
2.1968
2.1972
2.1996
2.1996
2.2004
2.1988
2.196
2.1956
2.1984
2.1956
2.198
2.1996
2.1992
2.1984
2.1992
2.1936
2.1968
2.198
2.1976
2.1972
2.1992
2.2
2.1956
2.1952
2.1976
2.1992
2.2028
2.1948
2.1976
2.1932
2.1984
2.1988
2.198
2.1992
2.1988
2.2008
2.1956
2.1988
2.1972
2.202
2.2024
2.1984
2.2
2.1976
2.2
2.196
2.1976
2.1996
2.2012
2.2012
2.1968
2.1976
2.1984
2.1968
2.1996
2.2008
2.1968
2.2008
2.1972
2.198
2.2028
2.1968
2.1968
2.2
2.2004
2.1996
2.1964
2.2004
2.202
2.1968
2.202
2.1964
2.1992
2.1976
2.194
2.1956
2.1964
2.1976
2.1976
2.198
2.1988
2.1988
2.1948
2.1968
2.1988
2.1988
2.198
2.1928
2.1992
2.2004
2.1988
2.1988
2.1976
2.198
2.196
2.1972
2.1976
2.1996
2.1952
2.1964
2.1968
2.1992
2.2
2.198
2.1996
2.1964
2.2008
2.2004
2.196
2.1984
2.1992
2.1968
2.2
2.198
2.1992
2.1972
2.1992
2.1976
2.196
2.1956
2.1984
2.1976
2.1968
2.1964
2.1988
2.198
2.1988
2.198
2.198
2.196
2.1956
2.1996
2.1992
2.1972
2.1976
2.1984
2.2008
2.1976
2.1952
2.198
2.2004
2.198
2.1944
2.1996
2.1956
2.1968
2.1984
2.196
2.1992
2.1972
2.1916
2.1996
2.2
2.198
2.1976
2.196
2.1992
2.196
2.196
2.1952
2.1988
2.1924
2.1936
2.1952
2.1956
2.1968
2.1944
2.1956
2.1984
2.1968
2.1964
2.1952
2.1984
2.1968
2.1968
2.1984
2.1948
2.1952
2.1992
2.1988
2.1984
2.1964
2.1984
2.198
2.1964
2.194
2.1948
2.1976
2.1972
2.1936
2.1976
2.1964
2.1932
2.1996
2.1976
2.1968
2.1996
2.1956
2.1988
2.1944
2.1972
2.1972
2.1944
2.1948
2.1972
2.1988
2.2004
2.1992
2.1956
2.1968
2.2
2.1944
2.1988
2.196
2.1964
2.1924
2.1968
2.1984
2.1952
2.1976
2.1944
2.1984
2.1984
2.1948
2.2008
2.1964
2.1992
2.1984
2.196
2.1972
2.1948
2.1968
2.1956
2.196
2.1944
2.1972
2.198
2.198
2.1988
2.1976
2.1948
2.1968
2.1972
2.1928
2.196
2.1916
2.1968
2.1968
2.1964
2.1964
2.1932
2.1972
2.1952
2.194
2.1968
2.194
2.1992
2.196
2.196
2.1948
2.1972
2.1944
2.1976
2.192
2.198
2.1964
2.1972
2.1996
2.1984
2.1976
2.1948
2.1956
2.1984
2.1996
2.1952
2.1964
2.196
2.1936
2.1952
2.1944
2.1984
2.1948
2.1992
2.1944
2.1968
2.1972
2.194
2.1968
2.1948
2.1956
2.1972
2.1996
2.1944
2.1968
2.1944
2.1944
2.1944
2.1968
2.198
2.1944
2.1968
2.194
2.1948
2.1936
2.1956
2.1956
2.1952
2.1948
2.1924
2.196
2.1972
2.1912
2.1948
2.196
2.194
2.196
2.198
2.1936
2.1944
2.1952
2.1976
2.194
2.1964
2.1952
2.1984
2.1984
2.1948
2.1932
2.1948
2.1904
2.1968
2.194
2.192
2.1952
2.196
2.1944
2.1976
2.1944
2.1912
2.1928
2.1944
2.1932
2.194
2.1936
2.1976
2.194
2.1936
2.1936
2.1972
2.1932
2.1956
2.1952
2.1936
2.196
2.194
2.1956
2.1972
2.1936
2.1956
2.1964
2.1972
2.1976
2.1932
2.1932
2.194
2.1952
2.1932
2.1956
2.1964
2.1976
2.198
2.1964
2.1972
2.1936
2.1932
2.192
2.1932
2.1924
2.1964
2.1928
2.1964
2.1948
2.194
2.1932
2.1952
2.1916
2.1976
2.1948
2.196
2.1952
2.1944
2.194
2.1972
2.1956
2.1944
2.1944
2.1992
2.196
2.1956
2.1916
2.198
2.1964
2.1928
2.1932
2.1948
2.1956
2.1936
2.1924
2.1956
2.1944
2.1968
2.1908
2.1976
2.1956
2.1944
2.196
2.1916
2.1932
2.1932
2.1916
2.1924
2.1936
2.1936
2.1936
2.1948
2.1952
2.1952
2.1928
2.1952
2.1956
2.1928
2.1948
2.1972
2.1888
2.196
2.194
2.1932
2.1952
2.1952
2.1928
2.1984
2.1948
2.1952
2.1928
2.1976
2.1956
2.1964
2.1944
2.194
2.194
2.1912
2.1944
2.1936
2.194
2.1944
2.192
2.1916
2.192
2.1944
2.194
2.1928
2.192
2.1912
2.1912
2.196
2.1916
2.1912
2.1892
2.1904
2.19
2.1944
2.1916
2.1928
2.1924
2.1924
2.1952
2.1928
2.19
2.194
2.192
2.1964
2.1936
2.1944
2.1936
2.1948
2.1896
2.194
2.1936
2.1932
2.1964
2.1956
2.1916
2.1936
2.1944
2.1924
2.1912
2.1964
2.1944
2.198
2.1908
2.1932
2.1952
2.1904
2.1928
2.1932
2.1944
2.1944
2.1972
2.1948
2.1956
2.1952
2.1924
2.1956
2.1884
2.1916
2.1932
2.1916
2.1952
2.1948
2.1936
2.196
2.1908
2.1916
2.192
2.1924
2.1948
2.1916
2.1948
2.1908
2.1924
2.1916
2.1948
2.1956
2.1896
2.1932
2.194
2.1956
2.1924
2.1932
2.1924
2.194
2.1944
2.1928
2.192
2.19
2.1936
2.1912
2.1892
2.1936
2.1932
2.1932
2.192
2.194
2.1944
2.1924
2.1916
2.19
2.1916
2.1928
2.1924
2.192
2.1876
2.1928
2.192
2.1932
2.192
2.1924
2.1908
2.1944
2.1896
2.1936
2.1928
2.1916
2.19
2.1908
2.1928
2.1912
2.1924
2.1916
2.1944
2.1948
2.1928
2.1908
2.1888
2.1912
2.1896
2.1912
2.1908
2.1932
2.1956
2.1908
2.1896
2.1928
2.1936
2.1916
2.1908
2.1932
2.194
2.194
2.192
2.1936
2.1924
2.1976
2.1892
2.1948
2.192
2.192
2.194
2.1936
2.192
2.1936
2.1896
2.1948
2.1928
2.192
2.1912
2.1896
2.1896
2.196
2.192
2.1912
2.1908
2.1896
2.1928
2.194
2.1908
2.196
2.194
2.1896
2.1932
2.1896
2.1924
2.1924
2.1928
2.1912
2.1924
2.1928
2.1936
2.1912
2.1904
2.196
2.1908
2.1936
2.192
2.1896
2.1892
2.192
2.194
2.1912
2.1904
2.1916
2.19
2.192
2.1916
2.1904
2.1876
2.1908
2.192
2.1912
2.1928
2.1896
2.1924
2.1892
2.19
2.19
2.192
2.1932
2.1912
2.1912
2.1936
2.19
2.1908
2.194
2.1908
2.1952
2.1908
2.1936
2.1944
2.1924
2.1908
2.192
2.1896
2.1916
2.188
2.192
2.1924
2.1896
2.192
2.1944
2.1924
2.1912
2.1884
2.1924
2.1916
2.192
2.19
2.1924
2.188
2.1884
2.1892
2.1912
2.1896
2.1888
2.1892
2.1904
2.1908
2.1916
2.1892
2.1936
2.1916
2.1908
2.1912
2.1928
2.1868
2.1912
2.19
2.1912
2.1912
2.19
2.19
2.1928
2.1908
2.19
2.1868
2.1908
2.1876
2.1888
2.19
2.1888
2.1884
2.1928
2.1904
2.1936
2.1888
2.1904
2.1916
2.1904
2.1928
2.19
2.1912
2.192
2.1892
2.1916
2.1892
2.1912
2.1872
2.192
2.1916
2.1916
2.1944
2.1916
2.188
2.1932
2.19
2.1904
2.1896
2.1944
2.1928
2.1948
2.1908
2.1912
2.194
2.1896
2.1896
2.192
2.1884
2.1912
2.1904
2.1932
2.1896
2.1904
2.1924
2.1908
2.1916
2.194
2.1904
2.194
2.1908
2.194
2.1912
2.1916
2.1924
2.1952
2.1936
2.1928
2.1936
2.1908
2.1884
2.194
2.1912
2.1916
2.1908
2.1904
2.1892
2.1916
2.1888
2.1924
2.1892
2.1908
2.1892
2.1928
2.192
2.1908
2.1888
2.19
2.188
2.1904
2.1904
2.1904
2.1912
2.19
2.1888
2.1932
2.1872
2.1916
2.19
2.188
2.192
2.1904
2.1912
2.1884
2.19
2.19
2.1872
2.1892
2.188
2.1924
2.1888
2.1896
2.188
2.19
2.19
2.1896
2.19
2.1916
2.1888
2.19
2.1884
2.1912
2.1912
2.1884
2.1888
2.1924
2.1924
2.1896
2.19
2.1888
2.188
2.192
2.1864
2.1892
2.1876
2.1912
2.1888
2.188
2.1904
2.1924
2.1884
2.192
2.1932
2.19
2.19
2.1896
2.1912
2.1904
2.1912
2.1908
2.19
2.188
2.188
2.1868
2.1872
2.1876
2.1888
2.192
2.1888
2.1904
2.1896
2.1884
2.1908
2.192
2.192
2.1924
2.1876
2.1928
2.1896
2.1916
2.1904
2.1924
2.1912
2.1904
2.1896
2.1876
2.1908
2.1884
2.192
2.19
2.1864
2.1908
2.1876
2.1912
2.192
2.1908
2.192
2.1888
2.1916
2.1872
2.1892
2.1904
2.1888
2.19
2.188
2.1916
2.1904
2.1912
2.19
2.192
2.1904
2.1948
2.1896
2.188
2.1888
2.1904
2.19
2.1904
2.1916
2.1904
2.1908
2.1932
2.1864
2.1908
2.1892
2.1896
2.1904
2.186
2.186
2.1884
2.1884
2.1944
2.19
2.1924
2.1892
2.1868
2.186
2.1876
2.186
2.188
2.1876
2.1856
2.192
2.1884
2.1932
2.19
2.1904
2.1904
2.1876
2.188
2.1896
2.1896
2.1892
2.19
2.1888
2.1904
2.188
2.192
2.186
2.1908
2.1924
2.1948
2.1884
2.1904
2.1896
2.1892
2.19
2.186
2.1876
2.1896
2.1892
2.1912
2.19
2.1936
2.19
2.1868
2.1864
2.1912
2.19
2.1896
2.1888
2.1928
2.1892
2.1928
2.1892
2.19
2.19
2.1884
2.1888
2.1912
2.19
2.19
2.1888
2.1884
2.1896
2.192
2.19
2.1904
2.1896
2.1944
2.1884
2.1892
2.1884
2.192
2.1872
2.1896
2.1888
2.188
2.186
2.1872
2.1872
2.1896
2.1872
2.1892
2.1892
2.1888
2.1872
2.19
2.1852
2.1888
2.1852
2.1904
2.1872
2.1948
2.192
2.1892
2.1908
2.1856
2.188
2.1908
2.1864
2.1896
2.1884
2.1892
2.1852
2.1884
2.188
2.1912
2.1896
2.1912
2.1904
2.1912
2.19
2.1908
2.1872
2.1912
2.1864
2.1928
2.1888
2.1888
2.186
2.1892
2.1892
2.1924
2.1872
2.1896
2.19
2.1912
2.1876
2.1904
2.188
2.1896
2.1872
2.1872
2.1892
2.1884
2.1904
2.1912
2.1884
2.1908
2.186
2.1888
2.184
2.186
2.1864
2.1884
2.188
2.19
2.1892
2.1916
2.1856
2.1884
2.1856
2.1896
2.1868
2.1892
2.188
2.1852
2.1848
2.1872
2.1876
2.186
2.1848
2.188
2.186
2.1892
2.1848
2.1876
2.1864
2.1868
2.188
2.1908
2.1872
2.1888
2.1876
2.1884
2.1884
2.1896
2.1856
2.1892
2.1864
2.1876
2.1868
2.186
2.1852
2.1864
2.1924
2.186
2.188
2.1896
2.184
2.1888
2.186
2.1892
2.1884
2.1892
2.1848
2.1884
2.1836
2.1884
2.1864
2.1884
2.1876
2.188
2.1856
2.1896
2.1888
2.1876
2.1868
2.1868
2.1888
2.1884
2.1896
2.1868
2.1856
2.1932
2.1844
2.1872
2.19
2.1908
2.186
2.188
2.1884
2.1896
2.1908
2.1892
2.186
2.1864
2.186
2.1848
2.1856
2.1888
2.1888
2.1868
2.1852
2.1872
2.1848
2.1872
2.1864
2.1868
2.1848
2.188
2.184
2.1892
2.1872
2.1876
2.1844
2.192
2.184
2.1884
2.1856
2.19
2.1904
2.1872
2.188
2.1888
2.1868
2.188
2.1876
2.1892
2.186
2.1892
2.186
2.19
2.1868
2.1864
2.1864
2.1904
2.1868
2.188
2.188
2.1888
2.19
2.188
2.1856
2.1892
2.1856
2.188
2.1836
2.1844
2.1852
2.1828
2.186
2.1884
2.1848
2.1876
2.1892
2.1876
2.186
2.1904
2.1868
2.186
2.1832
2.1864
2.1844
2.188
2.188
2.1876
2.1864
2.1864
2.186
2.1848
2.186
2.1896
2.1872
2.1868
2.1856
2.1908
2.188
2.1876
2.186
2.1908
2.1864
2.1904
2.1856
2.1864
2.1872
2.1888
2.1888
2.188
2.1868
2.1876
2.186
2.1872
2.1864
2.1888
2.1884
2.1884
2.1876
2.1848
2.1844
2.1924
2.1892
2.19
2.1876
2.1884
2.1876
2.1868
2.1848
2.1908
2.1884
2.1888
2.1892
2.1884
2.1856
2.1876
2.188
2.1896
2.1844
2.1832
2.1832
2.188
2.1872
2.1892
2.1848
2.1904
2.1888
2.1848
2.1868
2.1908
2.186
2.1868
2.1832
2.1868
2.186
2.1832
2.1844
2.1864
2.1864
2.1868
2.1836
2.1876
2.1888
2.1864
2.1864
2.1884
2.1832
2.1868
2.1868
2.1912
2.1872
2.19
2.1872
2.1908
2.1872
2.1896
2.19
2.19
2.186
2.19
2.1868
2.186
2.1848
2.1836
2.1892
2.1872
2.1844
2.1844
2.186
2.1856
2.186
2.1868
2.1864
2.1872
2.1824
2.184
2.1828
2.186
2.1844
2.1868
2.186
2.1864
2.1864
2.184
2.1892
2.1892
2.1864
2.1884
2.1872
2.1896
2.1892
2.1836
2.1888
2.1864
2.1872
2.1896
2.1884
2.184
2.1852
2.1844
2.1844
2.1868
2.1852
2.1868
2.1844
2.188
2.1844
2.1856
2.1824
2.188
2.1872
2.1844
2.1828
2.1836
2.1832
2.1892
2.1876
2.192
2.1856
2.186
2.1856
2.1872
2.182
2.186
2.1824
2.186
2.1852
2.1832
2.1832
2.186
2.1844
2.1884
2.186
2.1848
2.1892
2.1852
2.1868
2.1872
2.1868
2.186
2.1836
2.1876
2.1848
2.1896
2.1808
2.1832
2.1844
2.1864
2.1852
2.1852
2.1868
2.1816
2.1852
2.1844
2.1844
2.1868
2.18
2.1896
2.1856
2.1848
2.1856
2.1864
2.1812
2.1844
2.1844
2.188
2.1872
2.1872
2.184
2.1884
2.1848
2.186
2.184
2.1868
2.1856
2.186
2.1868
2.186
2.1836
2.188
2.1812
2.184
2.1836
2.1864
2.1808
2.184
2.1828
2.1844
2.184
2.1864
2.184
2.1836
2.1872
2.184
2.1852
2.186
2.1844
2.186
2.1816
2.1864
2.1804
2.186
2.1832
2.1844
2.182
2.1836
2.186
2.1832
2.1856
2.1864
2.184
2.1864
2.1848
2.1852
2.1844
2.1852
2.1792
2.1844
2.1836
2.1828
2.182
2.1832
2.184
2.1836
2.186
2.1852
2.1832
2.1864
2.1824
2.1852
2.1848
2.1816
2.1836
2.1872
2.1812
2.1852
2.1836
2.1908
2.1816
2.1844
2.1844
2.1872
2.1864
2.184
2.1792
2.188
2.1832
2.1856
2.1868
2.186
2.1828
2.1828
2.1852
2.1848
2.1868
2.1852
2.182
2.1848
2.18
2.1832
2.1856
2.1832
2.1832
2.1836
2.1804
2.1836
2.1832
2.1808
2.186
2.1856
2.1836
2.1836
2.1852
2.1852
2.1808
2.1868
2.1832
2.186
2.1832
2.1848
2.1808
2.184
2.1832
2.18
2.1808
2.1836
2.1828
2.1824
2.1816
2.1844
2.1816
2.1832
2.1792
2.1836
2.1816
2.1832
2.182
2.1844
2.186
2.1864
2.1824
2.1884
2.1816
2.1868
2.1824
2.1852
2.1864
2.1828
2.1816
2.1832
2.182
2.1828
2.1832
2.182
2.186
2.1852
2.1816
2.1876
2.1844
2.1868
2.1808
2.182
2.1832
2.184
2.1832
2.1872
2.1804
2.184
2.1848
2.186
2.184
2.1852
2.1804
2.1852
2.1844
2.1856
2.1852
2.1836
2.182
2.1824
2.1812
2.1816
2.1812
2.184
2.1832
2.1828
2.1856
2.1824
2.1824
2.1828
2.1812
2.1856
2.1796
2.1812
2.1832
2.184
2.1844
2.1832
2.184
2.1844
2.1824
2.1824
2.1808
2.1844
2.1852
2.1812
2.1812
2.1848
2.1832
2.184
2.1812
2.186
2.178
2.1824
2.1836
2.1856
2.184
2.1816
2.1796
2.1856
2.1832
2.184
2.1812
2.1816
2.1824
2.1852
2.1832
2.1828
2.184
2.1892
2.1836
2.1832
2.1844
2.1824
2.1788
2.1848
2.1812
2.186
2.1848
2.186
2.184
2.1852
2.1832
2.1856
2.1836
2.1848
2.184
2.1832
2.1824
2.1848
2.1812
2.1796
2.1796
2.1828
2.1828
2.1848
2.1792
2.1824
2.1812
2.1812
2.1836
2.1848
2.18
2.1824
2.1808
2.1864
2.1808
2.1836
2.1804
2.182
2.1844
2.1848
2.1832
2.1852
2.1828
2.1836
2.1812
2.1832
2.18
2.1844
2.1824
2.1828
2.182
2.1836
2.182
2.1832
2.182
2.1852
2.1796
2.182
2.1836
2.1844
2.1852
2.184
2.1852
2.1836
2.1828
2.1844
2.1816
2.1832
2.1816
2.1864
2.1832
2.1816
2.1828
2.186
2.1812
2.1864
2.1824
2.186
2.1808
2.1832
2.1812
2.1872
2.1812
2.1816
2.182
2.1804
2.1824
2.1852
2.1832
2.184
2.1808
2.1868
2.1836
2.1856
2.1832
2.18
2.1808
2.1848
2.1824
2.1844
2.1804
2.1832
2.182
2.186
2.1836
2.1848
2.182
2.1832
2.1832
2.1856
2.1824
2.182
2.1836
2.1836
2.1804
2.1836
2.1832
2.1816
2.1808
2.1856
2.1792
2.1828
2.1832
2.1816
2.18
2.1848
2.184
2.1844
2.1828
2.1808
2.1816
2.1848
2.1804
2.1836
2.1828
2.1828
2.1804
2.1824
2.1808
2.18
2.182
2.1848
2.1804
2.1848
2.1844
2.1824
2.1852
2.1808
2.1796
2.1852
2.182
2.18
2.1784
2.1836
2.1832
2.1844
2.1804
2.1824
2.1848
2.1824
2.182
2.1868
2.1836
2.1828
2.1792
2.1816
2.1824
2.1816
2.184
2.1824
2.1836
2.1828
2.1832
2.1868
2.182
2.1848
2.182
2.1844
2.1808
2.1808
2.1796
2.1824
2.1796
2.1848
2.1772
2.1848
2.1836
2.1804
2.1796
2.18
2.1796
2.184
2.1808
2.1824
2.1844
2.1792
2.1776
2.1816
2.1816
2.1808
2.1796
2.1828
2.1824
2.1804
2.1804
2.1808
2.1836
2.1804
2.1772
2.182
2.1804
2.1816
2.184
2.1804
2.1832
2.1824
2.1808
2.1824
2.1812
2.1788
2.1772
2.1804
2.18
2.1808
2.1776
2.1832
2.1816
2.1804
2.176
2.1848
2.1836
2.18
2.1808
2.1812
2.1832
2.184
2.1788
2.1832
2.1832
2.182
2.1812
2.1812
2.1808
2.1836
2.1784
2.1808
2.182
2.1784
2.1792
2.1808
2.1804
2.1828
2.1772
2.1816
2.1828
2.18
2.1824
2.1816
2.1804
2.184
2.178
2.1804
2.1808
2.1812
2.18
2.1836
2.182
2.186
2.1808
2.1836
2.182
2.1788
2.1784
2.1796
2.1812
2.1828
2.1812
2.1828
2.182
2.1804
2.1804
2.1808
2.1836
2.1832
2.1788
2.182
2.1804
2.1824
2.1772
2.18
2.1804
2.18
2.1788
2.1844
2.1804
2.182
2.1792
2.1856
2.1816
2.1784
2.182
2.1808
2.178
2.18
2.1804
2.1808
2.182
2.18
2.1772
2.1816
2.1832
2.1804
2.1784
2.1832
2.1828
2.1824
2.1804
2.1824
2.18
2.1796
2.1784
2.1844
2.1788
2.1832
2.182
2.1808
2.1788
2.1816
2.1812
2.1812
2.1832
2.18
2.1812
2.1796
2.1824
2.1816
2.1808
2.1848
2.18
2.1824
2.1776
2.1816
2.1792
2.1796
2.18
2.188
2.18
2.1792
2.1776
2.1852
2.1824
2.1852
2.1804
2.1836
2.1796
2.18
2.1816
2.1792
2.178
2.1804
2.178
2.1828
2.1784
2.18
2.18
2.1812
2.182
2.1788
2.18
2.184
2.1768
2.1832
2.1772
2.1796
2.1812
2.18
2.1788
2.1808
2.18
2.1804
2.1804
2.1812
2.1804
2.1832
2.1776
2.1804
2.1812
2.1828
2.178
2.184
2.1812
2.1804
2.1816
2.1828
2.1808
2.182
2.1808
2.1848
2.182
2.1812
2.1792
2.1812
2.1792
2.18
2.1788
2.1832
2.1808
2.1812
2.1788
2.1804
2.18
2.1828
2.1796
2.1804
2.1808
2.1808
2.1808
2.1872
2.1812
2.1804
2.1808
2.1836
2.18
2.182
2.1804
2.18
2.1792
2.1808
2.1784
2.182
2.1812
2.1792
2.1784
2.1792
2.1776
2.1796
2.1792
2.1816
2.18
2.1812
2.1768
2.1848
2.1788
2.1788
2.1808
2.1796
2.1792
2.1808
2.1808
2.1824
2.1788
2.178
2.1756
2.18
2.1788
2.1796
2.1808
2.1816
2.1796
2.1812
2.1784
2.1792
2.1804
2.1768
2.18
2.182
2.1796
2.178
2.1784
2.1804
2.1812
2.178
2.1792
2.1836
2.1776
2.1808
2.1784
2.1812
2.1804
2.1784
2.1812
2.1816
2.178
2.1812
2.1784
2.1796
2.1812
2.1828
2.1788
2.1792
2.18
2.1768
2.18
2.1824
2.1788
2.182
2.1772
2.1792
2.178
2.1792
2.1776
2.18
2.1804
2.1784
2.1796
2.1776
2.1788
2.1784
2.1768
2.1832
2.178
2.1812
2.1804
2.18
2.1804
2.1804
2.1772
2.18
2.1788
2.1804
2.1776
2.1816
2.182
2.1772
2.176
2.1792
2.1784
2.1804
2.1784
2.1824
2.1756
2.184
2.1748
2.1792
2.178
2.1792
2.18
2.1832
2.1796
2.1796
2.1804
2.178
2.1792
2.1788
2.1796
2.184
2.1808
2.1796
2.1808
2.1784
2.1812
2.1804
2.1776
2.1764
2.1752
2.1808
2.1776
2.1816
2.1796
2.1772
2.18
2.1792
2.1812
2.18
2.178
2.1816
2.178
2.1808
2.1796
2.1804
2.1792
2.18
2.1764
2.1796
2.1824
2.1788
2.1768
2.1788
2.1792
2.18
2.1792
2.1808
2.176
2.1768
2.1772
2.1788
2.1784
2.1808
2.1764
2.18
2.1764
2.1796
2.1776
2.1804
2.1796
2.1764
2.178
2.1804
2.1792
2.1796
2.1768
2.1812
2.1776
2.178
2.1768
2.1772
2.1788
2.1764
2.178
2.1804
2.1776
2.178
2.1808
2.1788
2.1788
2.1784
2.1756
2.178
2.1776
2.182
2.1764
2.1792
2.1772
2.1768
2.1788
2.18
2.1772
2.1792
2.178
2.18
2.1784
2.1792
2.1776
2.18
2.1768
2.1796
2.1776
2.1792
2.1744
2.1788
2.18
2.1796
2.1772
2.1748
2.176
2.1792
2.1768
2.1772
2.1756
2.1768
2.1792
2.18
2.1772
2.1792
2.1764
2.178
2.1776
2.1756
2.1756
2.1772
2.176
2.1792
2.1768
2.1784
2.18
2.1808
2.1816
2.178
2.18
2.1784
2.1776
2.1768
2.174
2.1804
2.1796
2.1804
2.1772
2.1776
2.178
2.1748
2.178
2.1792
2.1792
2.1788
2.176
2.1744
2.1768
2.1784
2.178
2.1784
2.1756
2.1776
2.1752
2.1788
2.176
2.178
2.1768
2.1816
2.1772
2.1772
2.18
2.1788
2.1768
2.1788
2.1804
2.1808
2.1776
2.1764
2.1792
2.1776
2.1788
2.178
2.1772
2.1808
2.1792
2.1784
2.1756
2.1812
2.1748
2.1776
2.1784
2.182
2.1768
2.1784
2.1724
2.1832
2.1776
2.1768
2.1756
2.182
2.1784
2.1768
2.1752
2.176
2.1792
2.1792
2.176
2.1764
2.1736
2.1788
2.1756
2.1788
2.174
2.1764
2.178
2.1776
2.1788
2.1776
2.1788
2.1792
2.1784
2.1788
2.1764
2.1816
2.18
2.178
2.1772
2.1832
2.1788
2.1788
2.176
2.1772
2.1792
2.1772
2.178
2.1808
2.1756
2.1788
2.174
2.176
2.1776
2.1736
2.1788
2.18
2.1792
2.1804
2.1732
2.1764
2.178
2.1788
2.1736
2.1792
2.1792
2.1776
2.1768
2.1768
2.1788
2.1748
2.1748
2.18
2.178
2.18
2.1764
2.1784
2.1724
2.1752
2.1764
2.1764
2.1764
2.1764
2.1764
2.1756
2.1756
2.1776
2.1728
2.1768
2.1776
2.1764
2.1776
2.1776
2.1776
2.18
2.178
2.1772
2.1756
2.1792
2.1764
2.1764
2.1708
2.1756
2.1776
2.1768
2.1776
2.1768
2.1776
2.1764
2.1756
2.1752
2.1744
2.178
2.1768
2.1772
2.176
2.1752
2.1768
2.1764
2.1764
2.1756
2.1736
2.1772
2.1736
2.1772
2.1752
2.1736
2.1728
2.1756
2.178
2.1776
2.1752
2.1752
2.1728
2.1728
2.1768
2.1768
2.1712
2.1788
2.1716
2.1756
2.1764
2.1724
2.1752
2.1772
2.1756
2.1776
2.1728
2.176
2.1756
2.1776
2.1748
2.1816
2.174
2.1772
2.176
2.1768
2.1752
2.1756
2.1752
2.1748
2.1744
2.172
2.1756
2.1784
2.1736
2.1728
2.1768
2.1788
2.1736
2.18
2.1756
2.1784
2.1772
2.1752
2.1736
2.1772
2.1764
2.1784
2.1752
2.1748
2.176
2.1772
2.172
2.1768
2.1772
2.178
2.1756
2.1748
2.176
2.1728
2.174
2.1732
2.1728
2.1744
2.174
2.1748
2.1768
2.1756
2.1732
2.1772
2.1748
2.1752
2.1744
2.1744
2.1748
2.1744
2.176
2.1756
2.1752
2.1772
2.1724
2.1744
2.1744
2.1752
2.1748
2.1764
2.174
2.176
2.172
2.1728
2.1736
2.178
2.174
2.1768
2.1756
2.1768
2.1764
2.1776
2.1756
2.174
2.1748
2.1768
2.1744
2.1752
2.1756
2.1784
2.176
2.1784
2.172
2.1748
2.1756
2.1728
2.1732
2.1744
2.1792
2.1736
2.1776
2.174
2.176
2.1804
2.1732
2.1752
2.174
2.1748
2.1732
2.1756
2.172
2.1724
2.1748
2.174
2.1732
2.1744
2.1716
2.1752
2.1744
2.1756
2.1764
2.174
2.1736
2.1764
2.174
2.174
2.1752
2.1748
2.1764
2.1748
2.1732
2.1748
2.1736
2.1736
2.1736
2.174
2.1724
2.1748
2.1744
2.1724
2.1748
2.1792
2.1748
2.1724
2.1752
2.1748
2.1736
2.176
2.1744
2.1736
2.1724
2.1756
2.1744
2.176
2.1764
2.1752
2.1724
2.1728
2.1736
2.174
2.1704
2.1764
2.1704
2.1724
2.1736
2.1772
2.1736
2.1736
2.1708
2.1756
2.1748
2.174
2.174
2.17
2.1712
2.1748
2.1712
2.1756
2.1728
2.1732
2.1732
2.1716
2.1736
2.1712
2.1748
2.1744
2.1716
2.1768
2.1716
2.174
2.174
2.174
2.1728
2.1756
2.1756
2.1716
2.1736
2.1756
2.1736
2.176
2.1692
2.1752
2.1704
2.1752
2.1744
2.1724
2.1748
2.1708
2.1708
2.174
2.1708
2.176
2.1732
2.1748
2.1732
2.1736
2.1724
2.176
2.1708
2.1716
2.1724
2.1768
2.1764
2.1732
2.174
2.1756
2.1732
2.1732
2.1752
2.176
2.1736
2.1748
2.174
2.1752
2.1732
2.1724
2.1748
2.1724
2.1728
2.1708
2.1728
2.1736
2.1712
2.1756
2.1716
2.176
2.1728
2.174
2.1756
2.1748
2.1732
2.1744
2.1744
2.1736
2.1732
2.1748
2.176
2.1712
2.1736
2.1748
2.1744
2.1756
2.1768
2.1744
2.172
2.1756
2.1712
2.1736
2.1752
2.1744
2.1712
2.1744
2.1716
2.1728
2.1732
2.1712
2.172
2.1764
2.1732
2.1756
2.172
2.1736
2.1724
2.1736
2.1712
2.1732
2.172
2.1692
2.1732
2.1736
2.1704
2.1736
2.1708
2.1724
2.1712
2.174
2.17
2.1732
2.1728
2.1724
2.1712
2.1736
2.1752
2.1712
2.1688
2.1756
2.1716
2.1716
2.17
2.1732
2.1744
2.1724
2.1736
2.1728
2.1712
2.1732
2.1712
2.1752
2.1732
2.174
2.1748
2.17
2.17
2.1736
2.1696
2.1736
2.174
2.176
2.1688
2.1708
2.1724
2.1716
2.1744
2.1736
2.1732
2.1728
2.174
2.1752
2.1724
2.1744
2.1728
2.172
2.174
2.174
2.1724
2.1712
2.1712
2.1748
2.1716
2.1696
2.172
2.1724
2.1716
2.1732
2.174
2.17
2.1732
2.1736
2.17
2.1732
2.1676
2.172
2.1724
2.1724
2.1724
2.1748
2.1692
2.1716
2.1704
2.1712
2.172
2.174
2.1712
2.1748
2.1716
2.1728
2.174
2.1728
2.1728
2.1736
2.1712
2.17
2.17
2.1736
2.174
2.1748
2.1756
2.1748
2.1748
2.1748
2.1752
2.1716
2.1712
2.1724
2.1756
2.172
2.1716
2.1744
2.1744
2.1736
2.1748
2.1736
2.1732
2.1732
2.1732
2.1716
2.172
2.1712
2.1728
2.1732
2.1704
2.1724
2.1688
2.1736
2.168
2.1736
2.1716
2.1744
2.1688
2.1736
2.1712
2.174
2.1716
2.1728
2.1752
2.1744
2.1732
2.1744
2.1712
2.1736
2.1696
2.1732
2.1708
2.1704
2.1688
2.17
2.1712
2.1712
2.17
2.1684
2.17
2.1704
2.1708
2.172
2.1708
2.1752
2.1708
2.1716
2.172
2.1744
2.1724
2.1688
2.17
2.1736
2.17
2.1692
2.1724
2.1724
2.1696
2.1696
2.1684
2.1712
2.1704
2.1744
2.1692
2.1692
2.1716
2.1684
2.1672
2.174
2.1696
2.1716
2.168
2.174
2.1708
2.1732
2.17
2.1728
2.172
2.1732
2.1704
2.1708
2.1736
2.1708
2.1708
2.1756
2.1692
2.1708
2.1692
2.172
2.1692
2.1672
2.1696
2.1716
2.1712
2.1728
2.1728
2.1704
2.1692
2.1708
2.1724
2.1704
2.172
2.1712
2.1692
2.1704
2.1716
2.1704
2.1664
2.1736
2.1696
2.1724
2.1732
2.1744
2.1732
2.1692
2.1704
2.1688
2.1688
2.1712
2.1708
2.1716
2.1712
2.1704
2.1708
2.1716
2.168
2.172
2.1668
2.1752
2.1696
2.1672
2.1692
2.1716
2.1712
2.1696
2.1708
2.1716
2.1712
2.1692
2.1696
2.1716
2.1708
2.1732
2.1652
2.17
2.1712
2.17
2.1688
2.1696
2.1704
2.1684
2.1712
2.1704
2.1684
2.1688
2.168
2.1732
2.1708
2.174
2.166
2.1724
2.17
2.1696
2.1712
2.1732
2.1724
2.1696
2.17
2.1712
2.1732
2.1712
2.1692
2.1716
2.1704
2.1736
2.1664
2.1704
2.1724
2.1676
2.1656
2.1756
2.1684
2.1684
2.1692
2.1684
2.17
2.1668
2.166
2.1708
2.1724
2.1688
2.17
2.1728
2.1708
2.1712
2.172
2.1736
2.1692
2.17
2.17
2.1712
2.1704
2.17
2.1704
2.174
2.1696
2.1692
2.1684
2.1684
2.168
2.1712
2.1704
2.1732
2.1688
2.1696
2.172
2.1708
2.1684
2.1712
2.1692
2.1704
2.1692
2.1704
2.1696
2.176
2.1708
2.1688
2.1696
2.1692
2.1688
2.1704
2.168
2.1696
2.172
2.1668
2.1676
2.1716
2.1664
2.1676
2.168
2.1684
2.1704
2.1676
2.1688
2.1716
2.1708
2.1696
2.1656
2.1696
2.1676
2.1684
2.1692
2.168
2.17
2.17
2.1668
2.1704
2.168
2.1668
2.168
2.1688
2.1696
2.172
2.1712
2.1696
2.1656
2.17
2.1692
2.1672
2.1696
2.1708
2.1676
2.1728
2.1684
2.1688
2.1692
2.172
2.168
2.17
2.1688
2.1696
2.1684
2.1672
2.1676
2.1692
2.17
2.168
2.1664
2.17
2.1688
2.1696
2.1716
2.1676
2.1696
2.1684
2.1688
2.1712
2.166
2.1688
2.1712
2.1724
2.1724
2.174
2.1696
2.1684
2.17
2.1688
2.1676
2.172
2.1684
2.1692
2.17
2.1692
2.1708
2.17
2.1656
2.174
2.1704
2.1708
2.168
2.1704
2.1696
2.1732
2.1664
2.1716
2.1708
2.1704
2.1732
2.1688
2.1664
2.1676
2.1648
2.1708
2.1692
2.1688
2.1648
2.17
2.1676
2.1664
2.1672
2.1724
2.1696
2.1688
2.1704
2.172
2.1676
2.1704
2.17
2.1728
2.1668
2.168
2.1692
2.1712
2.1704
2.1688
2.1688
2.1716
2.1676
2.1704
2.1704
2.1696
2.1688
2.1688
2.166
2.17
2.1704
2.1704
2.1672
2.1704
2.168
2.1704
2.168
2.1736
2.1696
2.1712
2.1708
2.172
2.1728
2.1712
2.1672
2.174
2.1684
2.1732
2.1724
2.1688
2.1704
2.1716
2.1664
2.1728
2.1684
2.1708
2.1724
2.17
2.1664
2.1688
2.1676
2.172
2.1708
2.1664
2.168
2.168
2.1652
2.1696
2.1724
2.1696
2.1664
2.1724
2.1684
2.1716
2.1704
2.1684
2.1684
2.1708
2.1708
2.1704
2.168
2.1676
2.1656
2.17
2.1688
2.1708
2.1672
2.1676
2.164
2.1708
2.1724
2.1684
2.1664
2.1696
2.1688
2.1664
2.166
2.1716
2.166
2.1676
2.168
2.1708
2.1664
2.1704
2.1704
2.1704
2.1704
2.1708
2.166
2.1708
2.1648
2.1688
2.1684
2.1688
2.1676
2.1708
2.1672
2.1692
2.1696
2.1676
2.1672
2.1708
2.1668
2.1728
2.1672
2.172
2.1708
2.172
2.1676
2.1668
2.166
2.1724
2.1668
2.17
2.1676
2.1688
2.17
2.1716
2.1684
2.1708
2.1708
2.1672
2.1708
2.166
2.1684
2.1712
2.1688
2.1692
2.1688
2.1692
2.1652
2.1688
2.1668
2.1708
2.1676
2.168
2.1652
2.1684
2.1704
2.1708
2.1676
2.168
2.1708
2.168
2.1672
2.172
2.1676
2.1704
2.168
2.1708
2.1684
2.1712
2.1664
2.172
2.1668
2.1704
2.1684
2.174
2.166
2.1664
2.1692
2.1692
2.1692
2.1688
2.1708
2.1708
2.1704
2.1704
2.1696
2.1708
2.1668
2.1696
2.17
2.1688
2.1692
2.1688
2.1684
2.1724
2.1684
2.1676
2.1748
2.172
2.1688
2.17
2.166
2.1732
2.1684
2.1704
2.1696
2.1712
2.168
2.1716
2.1664
2.1684
2.1684
2.1676
2.166
2.1736
2.1676
2.1672
2.1692
2.17
2.168
2.1696
2.1688
2.1692
2.17
2.1692
2.1668
2.1708
2.1668
2.1716
2.1724
2.1708
2.168
2.1716
2.1636
2.1724
2.1668
2.1684
2.1704
2.1704
2.1684
2.1684
2.1664
2.1712
2.1652
2.172
2.166
2.1712
2.168
2.17
2.164
2.168
2.1668
2.1696
2.1648
2.1708
2.1684
2.1684
2.166
2.1708
2.166
2.1688
2.168
2.1676
2.168
2.1676
2.1668
2.166
2.1688
2.1676
2.1648
2.1672
2.164
2.168
2.1652
2.1684
2.1684
2.1664
2.1668
2.1692
2.1676
2.1684
2.1668
2.1708
2.1672
2.166
2.1672
2.1676
2.1676
2.1716
2.166
2.1716
2.1692
2.1684
2.1716
2.1704
2.1676
2.17
2.1676
2.1676
2.168
2.1672
2.1672
2.1688
2.1692
2.1672
2.1656
2.172
2.168
2.1696
2.1632
2.1668
2.1672
2.1692
2.1648
2.1712
2.1664
2.1684
2.1668
2.168
2.1652
2.166
2.1668
2.168
2.1664
2.1688
2.1648
2.17
2.1668
2.1684
2.1664
2.168
2.1692
2.1712
2.1696
2.1688
2.1652
2.1656
2.1716
2.17
2.1676
2.1672
2.1668
2.1704
2.1668
2.1684
2.164
2.1652
2.164
2.1672
2.1676
2.1676
2.1664
2.1676
2.1664
2.17
2.1664
2.1684
2.1656
2.1688
2.1704
2.166
2.1668
2.1672
2.1672
2.1688
2.1636
2.1656
2.166
2.1668
2.1652
2.168
2.166
2.166
2.1624
2.1636
2.1656
2.164
2.1668
2.1684
2.1672
2.1676
2.1652
2.1688
2.168
2.168
2.1652
2.1676
2.1672
2.1668
