2.1512
2.1464
2.1496
2.146
2.15
2.1492
2.1492
2.1512
2.1508
2.15
2.1532
2.1496
2.1512
2.1484
2.1476
2.148
2.1508
2.1496
2.1484
2.1468
2.1504
2.1484
2.1516
2.1488
2.1504
2.1508
2.1484
2.146
2.1504
2.1464
2.1472
2.1484
2.15
2.1492
2.1476
2.1484
2.1484
2.148
2.15
2.148
2.1488
2.146
2.1512
2.148
2.1504
2.1496
2.1492
2.1472
2.1504
2.1456
2.1508
2.1492
2.1504
2.154
2.1508
2.1476
2.1496
2.15
2.1516
2.1488
2.152
2.1488
2.1524
2.1492
2.1528
2.1476
2.1524
2.1488
2.1488
2.1496
2.1488
2.148
2.152
2.1464
2.1476
2.1472
2.1492
2.1476
2.1528
2.148
2.1512
2.1512
2.1512
2.1484
2.1488
2.146
2.152
2.1476
2.1496
2.1496
2.1512
2.15
2.1504
2.15
2.1492
2.148
2.1484
2.1472
2.1476
2.1484
2.1492
2.1484
2.1484
2.1464
2.152
2.1488
2.1496
2.1508
2.15
2.1496
2.1488
2.1508
2.1508
2.1488
2.1476
2.1472
2.1492
2.1468
2.1484
2.1464
2.1488
2.1512
2.1508
2.1488
2.1468
2.15
2.1488
2.1472
2.1492
2.1448
2.1504
2.1468
2.1476
2.1504
2.1508
2.1484
2.152
2.1472
2.1528
2.15
2.1488
2.1512
2.15
2.1472
2.1484
2.1492
2.1496
2.1504
2.1508
2.1508
2.1496
2.1512
2.1496
2.15
2.1492
2.148
2.1492
2.1464
2.1496
2.1488
2.1476
2.1504
2.1464
2.148
2.15
2.1476
2.1508
2.15
2.152
2.152
2.1492
2.1464
2.1496
2.142
2.1464
2.1476
2.1476
2.15
2.1504
2.1492
2.1492
2.1488
2.1472
2.1496
2.1504
2.1468
2.1516
2.1492
2.1516
2.146
2.1524
2.1488
2.1476
2.1484
2.1464
2.1484
2.1476
2.1508
2.1524
2.1464
2.1544
2.1512
2.1496
2.1472
2.1508
2.1488
2.1512
2.1476
2.1512
2.1492
2.15
2.152
2.1488
2.1508
2.15
2.1492
2.1528
2.1484
2.1492
2.1492
2.152
2.148
2.1508
2.1476
2.1508
2.1512
2.1496
2.1496
2.1504
2.1484
2.1464
2.15
2.1492
2.148
2.1488
2.1464
2.1532
2.148
2.1496
2.1484
2.1488
2.1492
2.15
2.1492
2.15
2.15
2.1496
2.1476
2.1524
2.1472
2.1512
2.1492
2.1472
2.152
2.15
2.152
2.1488
2.152
2.1516
2.1472
2.1516
2.1512
2.1548
2.1492
2.1488
2.1484
2.1528
2.1488
2.1536
2.1456
2.1492
2.1468
2.1512
2.1532
2.1492
2.1448
2.1464
2.1468
2.1488
2.1472
2.1488
2.1496
2.148
2.1476
2.1508
2.1492
2.1508
2.1468
2.15
2.1512
2.1528
2.1496
2.1528
2.1472
2.15
2.1496
2.1484
2.1516
2.15
2.1508
2.1508
2.1524
2.1492
2.1484
2.1476
2.15
2.152
2.1488
2.154
2.1476
2.154
2.1492
2.152
2.1504
2.1512
2.1472
2.1516
2.1464
2.1468
2.15
2.1524
2.1512
2.1512
2.154
2.15
2.1492
2.15
2.1488
2.15
2.1456
2.1496
2.148
2.1512
2.1456
2.152
2.1492
2.1484
2.15
2.1484
2.1484
2.1524
2.1496
2.1464
2.1484
2.1496
2.15
2.148
2.1448
2.1516
2.1452
2.1504
2.1488
2.1504
2.1456
2.1464
2.1484
2.1504
2.1456
2.1492
2.1464
2.1492
2.1488
2.152
2.1512
2.1464
2.15
2.1484
2.1436
2.1496
2.1496
2.15
2.1444
2.1484
2.1504
2.1492
2.1488
2.152
2.1496
2.1472
2.146
2.1516
2.1484
2.1528
2.15
2.1516
2.1492
2.1508
2.1488
2.1508
2.1472
2.148
2.1488
2.148
2.152
2.1548
2.1468
2.1524
2.148
2.1512
2.1496
2.1508
2.1488
2.1488
2.1464
2.1484
2.1492
2.1512
2.1472
2.1492
2.1492
2.1476
2.146
2.148
2.15
2.1504
2.1484
2.1532
2.1508
2.1488
2.1468
2.152
2.1484
2.15
2.1448
2.148
2.1508
2.15
2.1504
2.1496
2.1492
2.1476
2.1492
2.1496
2.1484
2.1496
2.1468
2.1508
2.1496
2.1516
2.1504
2.1492
2.1492
2.15
2.1468
2.1504
2.1484
2.15
2.1488
2.1508
2.1504
2.1496
2.1512
2.1468
2.1464
2.1464
2.1468
2.1488
2.1492
2.1476
2.1476
2.1516
2.1496
2.148
2.1508
2.1488
2.1504
2.1492
2.1476
2.1488
2.15
2.1492
2.1472
2.1508
2.1516
2.1536
2.1492
2.1516
2.1468
2.1472
2.15
2.1456
2.1468
2.1488
2.148
2.148
2.1452
2.1508
2.1464
2.1464
2.1484
2.1468
2.1492
2.1484
2.148
2.1508
2.1496
2.1484
2.1484
2.1484
2.1472
2.1496
2.146
2.1528
2.146
2.1472
2.1516
2.1516
2.1524
2.1536
2.1496
2.1484
2.1468
2.1492
2.15
2.1484
2.1492
2.1496
2.1492
2.1496
2.1504
2.1512
2.1484
2.1524
2.1452
2.1512
2.1452
2.15
2.1504
2.1448
2.1492
2.15
2.148
2.1488
2.1516
2.1508
2.1488
2.15
2.1496
2.1504
2.1512
2.1504
2.15
2.1492
2.1472
2.1476
2.15
2.1456
2.1488
2.1476
2.146
2.1488
2.1488
2.1468
2.152
2.1504
2.152
2.1516
2.1484
2.152
2.1484
2.1488
2.1468
2.1512
2.1484
2.1496
2.1512
2.1512
2.1472
2.1516
2.1476
2.1488
2.1488
2.15
2.1456
2.15
2.146
2.1496
2.15
2.146
2.1476
2.148
2.148
2.1504
2.1452
2.1512
2.1464
2.1508
2.1476
2.1492
2.1512
2.1504
2.1468
2.1472
2.1488
2.146
2.1504
2.1516
2.1484
2.1496
2.148
2.1504
2.1456
2.1504
2.1472
2.1516
2.1512
2.1468
2.1496
2.1476
2.1468
2.1504
2.1488
2.1492
2.1496
2.1492
2.146
2.148
2.1468
2.1484
2.1484
2.1476
2.1464
2.1484
2.1476
2.1484
2.15
2.1488
2.148
2.1508
2.1484
2.1496
2.1492
2.1468
2.1476
2.1472
2.1464
2.1488
2.1464
2.1508
2.1468
2.1488
2.148
2.1488
2.15
2.1468
2.1512
2.1512
2.1484
2.1524
2.1496
2.1476
2.1468
2.1464
2.1456
2.15
2.1476
2.1492
2.1508
2.1472
2.1456
2.1488
2.1456
2.1496
2.1504
2.148
2.1468
2.1488
2.1488
2.15
2.1488
2.1464
2.1452
2.1464
2.1508
2.148
2.148
2.1512
2.148
2.1464
2.1456
2.1536
2.15
2.1496
2.1516
2.1512
2.1484
2.1532
2.1496
2.1476
2.1476
2.1484
2.1448
2.1492
2.1448
2.1496
2.1492
2.148
2.15
2.1512
2.146
2.1528
2.146
2.1496
2.1472
2.1512
2.1484
2.1472
2.1488
2.148
2.148
2.1448
2.148
2.148
2.15
2.1508
2.148
2.1488
2.1484
2.1492
2.1484
2.15
2.1476
2.1484
2.1456
2.148
2.146
2.148
2.1476
2.148
2.1456
2.148
2.1476
2.1472
2.1472
2.15
2.1456
2.1512
2.1464
2.1496
2.15
2.1476
2.1496
2.1476
2.1476
2.1488
2.148
2.1496
2.15
2.1504
2.1464
2.1484
2.1492
2.1496
2.1468
2.148
2.1444
2.1488
2.15
2.1496
2.1488
2.1472
2.1448
2.1508
2.1488
2.15
2.1484
2.1488
2.1464
2.146
2.1468
2.1504
2.15
2.1476
2.1472
2.148
2.1476
2.1464
2.1472
2.1504
2.1456
2.1492
2.1472
2.1504
2.1504
2.146
2.1476
2.1504
2.1464
2.1492
2.1488
2.1508
2.146
2.1468
2.1468
2.148
2.1512
2.1512
2.1488
2.1508
2.148
2.1488
2.1536
2.1484
2.1488
2.15
2.15
2.1492
2.1456
2.1496
2.1456
2.1484
2.1504
2.1468
2.1472
2.1468
2.1452
2.1512
2.1464
2.1464
2.1472
2.1496
2.1452
2.146
2.1464
2.1504
2.1456
2.1488
2.1476
2.1488
2.1504
2.1492
2.1512
2.15
2.1484
2.1488
2.1488
2.1452
2.1452
2.1476
2.1468
2.1488
2.1512
2.1484
2.1488
2.1508
2.1476
2.1492
2.1468
2.1468
2.146
2.1484
2.148
2.148
2.1476
2.1468
2.1484
2.1488
2.1464
2.1512
2.1496
2.1496
2.1476
2.1488
2.1472
2.1504
2.1508
2.1484
2.1488
2.1528
2.1484
2.1488
2.1476
2.1472
2.1488
2.1476
2.1472
2.1476
2.1476
2.1504
2.1492
2.1492
2.1452
2.1472
2.1488
2.1508
2.1468
2.152
2.146
2.154
2.1484
2.148
2.1484
2.15
2.1488
2.1472
2.1428
2.1492
2.146
2.1484
2.1484
2.1488
2.1468
2.148
2.148
2.1504
2.1492
2.1484
2.148
2.1512
2.1484
2.1496
2.1464
2.1488
2.1488
2.1496
2.1468
2.15
2.1488
2.1476
2.1492
2.148
2.1488
2.1504
2.1484
2.1472
2.1476
2.1472
2.1484
2.1508
2.148
2.1484
2.148
2.1472
2.144
2.1492
2.1476
2.1476
2.1476
2.1492
2.146
2.1492
2.1468
2.1468
2.1476
2.1448
2.1476
2.1516
2.1488
2.1472
2.15
2.154
2.1476
2.1512
2.1508
2.148
2.1476
2.1492
2.146
2.1488
2.1508
2.1496
2.1468
2.1496
2.1472
2.148
2.1452
2.1488
2.1492
2.148
2.1492
2.1468
2.1464
2.15
2.1472
2.1512
2.1496
2.148
2.1492
2.1496
2.1516
2.1556
2.1484
2.1488
2.148
2.1476
2.1468
2.15
2.148
2.1496
2.148
2.1492
2.15
2.1476
2.1464
2.1492
2.1476
2.1484
2.1476
2.1488
2.1472
2.1476
2.1476
2.1504
2.1484
2.1452
2.1456
2.1476
2.1448
2.1516
2.1476
2.1452
2.1464
2.1472
2.146
2.1484
2.146
2.1496
2.15
2.1484
2.1496
2.1476
2.148
2.1492
2.146
2.1488
2.1464
2.148
2.1472
2.148
2.1512
2.1492
2.148
2.148
2.1476
2.1508
2.1476
2.1476
2.1504
2.15
2.1476
2.1524
2.1456
2.1512
2.1472
2.1492
2.1496
2.1472
2.1488
2.1476
2.1464
2.1448
2.1448
2.1484
2.1476
2.1488
2.1464
2.1504
2.1472
2.15
2.1484
2.1476
2.1496
2.15
2.1488
2.1516
2.1488
2.1468
2.148
2.148
2.1492
2.148
2.1492
2.15
2.146
2.1512
2.1484
2.1492
2.1488
2.1484
2.1504
2.1472
2.1444
2.148
2.1484
2.1508
2.1492
2.1484
2.146
2.1492
2.1488
2.1484
2.148
2.152
2.1484
2.1488
2.1476
2.15
2.1464
2.1428
2.1472
2.1484
2.1484
2.1528
2.15
2.148
2.1464
2.1476
2.1468
2.1484
2.148
2.1492
2.148
2.1492
2.1492
2.1472
2.1524
2.1512
2.148
2.1468
2.1464
2.1516
2.1464
2.1504
2.1464
2.1512
2.1468
2.15
2.148
2.1488
2.1484
2.15
2.1456
2.1472
2.1468
2.1456
2.1448
2.1496
2.1468
2.1484
2.1488
2.1476
2.1496
2.1484
2.1476
2.1476
2.1472
2.15
2.148
2.1492
2.1464
2.1496
2.1488
2.1464
2.1484
2.15
2.15
2.154
2.1504
2.1472
2.1504
2.1464
2.1472
2.15
2.1484
2.15
2.1508
2.152
2.1472
2.1496
2.1512
2.1508
2.1504
2.1496
2.1448
2.1488
2.1476
2.1504
2.1456
2.1456
2.15
2.1528
2.1476
2.1472
2.1496
2.1496
2.1492
2.1504
2.144
2.1516
2.1456
2.1496
2.148
2.148
2.146
2.148
2.1484
2.1476
2.1476
2.1492
2.1472
2.1512
2.1484
2.1496
2.15
2.1488
2.148
2.1476
2.148
2.1492
2.1492
2.1508
2.1468
2.1488
2.148
2.1492
2.148
2.1512
2.1468
2.1508
2.1472
2.148
2.1488
2.148
2.1476
2.1476
2.1436
2.1484
2.1444
2.1484
2.1484
2.1488
2.1468
2.1476
2.1492
2.1468
2.148
2.15
2.1476
2.1524
2.1484
2.1492
2.1456
2.146
2.148
2.1464
2.1476
2.1508
2.1496
2.1504
2.1476
2.152
2.1484
2.1504
2.1492
2.1488
2.1488
2.1476
2.1472
2.1492
2.1472
2.1496
2.1496
2.1484
2.1484
2.1496
2.148
2.1492
2.15
2.1488
2.1504
2.1512
2.1464
2.1528
2.1476
2.1512
2.1484
2.15
2.1504
2.1508
2.15
2.1512
2.1456
2.1496
2.148
2.1508
2.1476
2.1468
2.1464
2.1468
2.1476
2.1484
2.15
2.1508
2.1512
2.1484
2.1492
2.1512
2.1456
2.1464
2.148
2.1496
2.1496
2.148
2.1476
2.1472
2.1432
2.1472
2.1476
2.1484
2.1456
2.1472
2.1468
2.1488
2.1448
2.1484
2.1476
2.1472
2.1492
2.1484
2.1484
2.148
2.1496
2.148
2.148
2.1496
2.1472
2.1468
2.1456
2.1488
2.148
2.1508
2.1468
2.1468
2.1444
2.1512
2.1492
2.1488
2.1528
2.1512
2.1484
2.1516
2.1496
2.1488
2.1484
2.152
2.1496
2.1512
2.1476
2.148
2.1496
2.1492
2.144
2.1512
2.1496
2.148
2.1504
2.1456
2.1468
2.1492
2.1476
2.1496
2.1496
2.146
2.1484
2.1488
2.1472
2.1516
2.1464
2.1492
2.1496
2.1436
2.146
2.1508
2.1448
2.1532
2.1496
2.1468
2.1472
2.1492
2.146
2.1524
2.1444
2.1488
2.1484
2.1484
2.1484
2.146
2.1484
2.1488
2.1476
2.1516
2.1476
2.1484
2.1456
2.1472
2.1504
2.1512
2.1496
2.1496
2.1484
2.1528
2.1492
2.1456
2.1508
2.15
2.15
2.1508
2.1472
2.1492
2.1488
2.146
2.1468
2.1504
2.148
2.1496
2.1484
2.1504
2.15
2.1468
2.15
2.1488
2.1508
2.1476
2.1496
2.1512
2.1484
2.1488
2.148
2.1512
2.1492
2.15
2.15
2.148
2.1516
2.1488
2.1472
2.1508
2.1476
2.1472
2.15
2.1488
2.1512
2.1508
2.1476
2.1492
2.15
2.1468
2.1488
2.1488
2.1492
2.1484
2.1444
2.1456
2.1496
2.1504
2.1444
2.1484
2.15
2.1448
2.1456
2.148
2.1484
2.1452
2.1476
2.1496
2.1492
2.1488
2.1464
2.1468
2.148
2.1496
2.1476
2.1508
2.1464
2.1472
2.1492
2.1484
2.1464
2.1456
2.1496
2.1516
2.1492
2.1508
2.1472
2.1452
2.1492
2.148
2.148
2.1512
2.1484
2.152
2.1492
2.1492
2.1504
2.1468
2.1492
2.1524
2.1464
2.15
2.1488
2.1488
2.1476
2.1492
2.1484
2.148
2.15
2.1468
2.1468
2.148
2.148
2.152
2.1472
2.1504
2.1488
2.1524
2.15
2.1496
2.1528
2.1472
2.1468
2.1488
2.1496
2.152
2.1476
2.15
2.1528
2.1508
2.1488
2.15
2.1532
2.1468
2.1496
2.1476
2.1456
2.1504
2.1452
2.152
2.15
2.1484
2.1476
2.1504
2.1508
2.1476
2.1476
2.1464
2.1476
2.1512
2.1476
2.1488
2.15
2.1464
2.146
2.1532
2.146
2.1496
2.1476
2.1456
2.1472
2.1464
2.1476
2.1496
2.1488
2.1464
2.146
2.1492
2.1456
2.1492
2.1472
2.148
2.1496
2.1488
2.1452
2.1532
2.1452
2.1492
2.1488
2.148
2.1468
2.1456
2.1472
2.1528
2.1476
2.1452
2.1504
2.1504
2.1496
2.1484
2.1464
2.1512
2.1488
2.1488
2.1488
2.152
2.15
2.1504
2.1484
2.1484
2.148
2.1492
2.146
2.1472
2.1496
2.1476
2.1476
2.1488
2.146
2.1476
2.1504
2.1476
2.1456
2.1464
2.1484
2.148
2.1496
2.1528
2.1452
2.1496
2.1528
2.148
2.1496
2.1516
2.1476
2.1484
2.1464
2.1484
2.148
2.148
2.1476
2.148
2.148
2.1492
2.1472
2.1484
2.148
2.1488
2.1472
2.15
2.1516
2.1484
2.1484
2.1488
2.1476
2.148
2.1468
2.1496
2.1476
2.1464
2.1448
2.15
2.1472
2.1512
2.1476
2.1476
2.1468
2.1472
2.1512
2.1492
2.1472
2.1476
2.1492
2.1496
2.1492
2.1472
2.1452
2.1492
2.1444
2.1492
2.1464
2.1496
2.1496
2.1476
2.1504
2.1448
2.1472
2.1512
2.1452
2.1512
2.1456
2.1496
2.1468
2.1484
2.1488
2.1504
2.15
2.1508
2.1484
2.1488
2.1484
2.1516
2.15
2.1504
2.1488
2.1476
2.1504
2.1504
2.1464
2.1496
2.1492
2.1456
2.1472
2.1484
2.1488
2.148
2.1468
2.1508
2.1496
2.1492
2.152
2.148
2.1504
2.1456
2.1476
2.1468
2.1496
2.15
2.144
2.148
2.146
2.1484
2.1476
2.148
2.1464
2.1476
2.1452
2.15
2.1472
2.1456
2.1484
2.148
2.1492
2.15
2.1452
2.1528
2.1456
2.1464
2.1448
2.1484
2.1472
2.1468
2.1472
2.1492
2.15
2.148
2.1484
2.1488
2.1476
2.1492
2.146
2.148
2.1456
2.1484
2.1472
2.1492
2.1448
2.1464
2.1456
2.1468
2.1468
2.1508
2.148
2.1504
2.1456
2.146
2.1492
2.1464
2.1464
2.15
2.1472
2.1472
2.1488
2.15
2.1476
2.1488
2.15
2.1512
2.1492
2.148
2.1504
2.1468
2.15
2.1476
2.1484
2.1484
2.1468
2.1492
2.1444
2.146
2.1464
2.146
2.1444
2.1488
2.1464
2.1488
2.1476
2.148
2.148
2.1468
2.1468
2.146
2.146
2.1488
2.1484
2.1484
2.148
2.1488
2.152
2.1468
2.1472
2.1504
2.1496
2.1504
2.1488
2.1476
2.1492
2.1484
2.1468
2.1464
2.146
2.1476
2.1488
2.1512
2.1476
2.148
2.1484
2.148
2.148
2.1472
2.1464
2.1484
2.1468
2.1492
2.1472
2.1476
2.1516
2.1492
2.1496
2.1504
2.1468
2.1512
2.1508
2.1512
2.1484
2.1508
2.146
2.1484
2.1448
2.1444
2.1472
2.1468
2.1496
2.1476
2.1456
2.1456
2.1468
2.1472
2.1476
2.148
2.1448
2.1464
2.1484
2.1476
2.1476
2.1472
2.1456
2.1484
2.1484
2.148
2.1428
2.1452
2.1476
2.1464
2.1476
2.1516
2.1472
2.1484
2.1496
2.1504
2.1452
2.15
2.1492
2.1472
2.1468
2.148
2.1496
2.1524
2.1464
2.1524
2.146
2.148
2.1496
2.1496
2.1492
2.1488
2.15
2.1484
2.1468
2.1484
2.1476
2.1524
2.1476
2.1504
2.148
2.1468
2.1468
2.15
2.1496
2.1452
2.15
2.1488
2.15
2.1488
2.1488
2.146
2.1476
2.1476
2.1464
2.1492
2.1484
2.1484
2.1468
2.1496
2.1488
2.146
2.148
2.1484
2.1476
2.1512
2.146
2.148
2.1496
2.1472
2.1508
2.1504
2.1496
2.1504
2.1492
2.148
2.1484
2.146
2.1488
2.1508
2.1484
2.1524
2.1492
2.148
2.1492
2.1492
2.1496
2.148
2.1448
2.1448
2.1484
2.1496
2.15
2.1464
2.1488
2.148
2.1476
2.1488
2.1492
2.1532
2.1452
2.146
2.1436
2.1496
2.1508
2.1508
2.1472
2.1508
2.1492
2.148
2.15
2.148
2.1472
2.148
2.1456
2.1496
2.1508
2.1476
2.1488
2.1476
2.1468
2.1476
2.1508
2.148
2.1488
2.1476
2.144
2.1492
2.1484
2.1488
2.1488
2.1484
2.1484
2.148
2.1488
2.148
2.1484
2.1488
2.1472
2.1476
2.1476
2.1512
2.1468
2.1496
2.1476
2.1488
2.1488
2.1488
2.15
2.1492
2.146
2.1476
2.1472
2.1472
2.1472
2.1484
2.1484
2.148
2.1496
2.1492
2.1468
2.1516
2.1504
2.1496
2.1488
2.1508
2.1488
2.1492
2.1492
2.1512
2.1468
2.1508
2.148
2.1488
2.1484
2.1492
2.1516
2.1516
2.144
2.1484
2.148
2.146
2.1492
2.1476
2.1496
2.148
2.1476
2.1488
2.1476
2.1492
2.1476
2.1524
2.15
2.152
2.1484
2.1508
2.1452
2.15
2.1464
2.1512
2.1464
2.1452
2.1468
2.1484
2.1512
2.1516
2.1456
2.1496
2.1488
2.1464
2.1492
2.1496
2.1496
2.1488
2.1488
2.15
2.1452
2.1484
2.1448
2.1516
2.1484
2.1476
2.1484
2.1508
2.1488
2.148
2.1488
2.1492
2.15
2.1512
2.1468
2.1468
2.1464
2.1484
2.1476
2.15
2.1456
2.148
2.1456
2.1528
2.1476
2.1476
2.1492
2.1488
2.1468
2.148
2.1496
2.1508
2.1508
2.1468
2.1508
2.1496
2.1472
2.1524
2.1464
2.1508
2.1488
2.1508
2.1516
2.15
2.1508
2.15
2.1464
2.152
2.1448
2.1484
2.1492
2.1504
2.15
2.1492
2.1472
2.148
2.1472
2.1488
2.1488
2.1484
2.1508
2.1496
2.1488
2.1448
2.1448
2.1508
2.148
2.1476
2.1488
2.1504
2.1472
2.1528
2.148
2.1496
2.1476
2.1464
2.1516
2.1504
2.152
2.1508
2.1456
2.1492
2.1472
2.1492
2.1476
2.148
2.1468
2.1508
2.1496
2.154
2.1496
2.15
2.15
2.1464
2.1488
2.1512
2.1508
2.1504
2.1528
2.1492
2.1476
2.1488
2.1472
2.1484
2.1484
2.1508
2.1488
2.1476
2.1484
2.1516
2.1488
2.1488
2.1488
2.1508
2.146
2.1476
2.1496
2.1484
2.1476
2.1496
2.1508
2.148
2.15
2.1484
2.1484
2.1516
2.1492
2.1508
2.15
2.148
2.15
2.1492
2.148
2.15
2.1496
2.1508
2.1464
2.1492
2.1468
2.1488
2.148
2.1496
2.1476
2.1508
2.1484
2.1492
2.1476
2.15
2.1476
2.1504
2.15
2.15
2.1464
2.1524
2.1484
2.1484
2.1484
2.1496
2.1484
2.1524
2.1456
2.152
2.1524
2.1492
2.1504
2.1504
2.1464
2.1524
2.148
2.1496
2.148
2.1472
2.152
2.1496
2.1468
2.1512
2.15
2.1496
2.1456
2.1516
2.146
2.1492
2.1468
2.1508
2.1504
2.1508
2.15
2.1488
2.148
2.1508
2.1484
2.1488
2.1516
2.15
2.148
2.1496
2.146
2.1496
2.1504
2.1512
2.1496
2.148
2.1484
2.1504
2.1488
2.148
2.1516
2.1472
2.1488
2.1508
2.148
2.1504
2.148
2.1516
2.1488
2.1476
2.1488
2.148
2.1484
2.1504
2.1468
2.148
2.1484
2.1508
2.1476
2.1484
2.148
2.1468
2.1504
2.1496
2.1456
2.1508
2.1476
2.1484
2.1516
2.15
2.1492
2.1496
2.1524
2.1484
2.1472
2.148
2.1508
2.1488
2.1492
2.1508
2.1452
2.1484
2.1504
2.148
2.1484
2.148
2.1504
2.1492
2.144
2.1464
2.1468
2.1528
2.1476
2.1536
2.1488
2.1496
2.1472
2.148
2.1504
2.1516
2.146
2.15
2.1484
2.1496
2.1492
2.1492
2.148
2.1492
2.1456
2.1496
2.1484
2.1476
2.1472
2.1484
2.1476
2.1512
2.1488
2.1476
2.1504
2.1492
2.1496
2.1476
2.1484
2.1504
2.1484
2.1472
2.1488
2.1504
2.1488
2.1488
2.1464
2.1492
2.1456
2.1496
2.148
2.15
2.1468
2.1476
2.1492
2.1488
2.148
2.1444
2.148
2.1492
2.1456
2.1504
2.1492
2.1508
2.146
2.1492
2.1456
2.1516
2.1468
2.1472
2.1496
2.15
2.15
2.1492
2.1476
2.1508
2.1476
2.146
2.1532
2.1496
2.15
2.1512
2.148
2.1476
2.1488
2.1516
2.1436
2.1516
2.1496
2.1492
2.1456
2.1456
2.1504
2.1476
2.1472
2.1464
2.1464
2.1492
2.1452
2.1492
2.1476
2.1488
2.148
2.1496
2.1468
2.1512
2.148
2.1432
2.1476
2.1488
2.1472
2.148
2.1484
2.1484
2.1456
2.1484
2.1472
2.1496
2.148
2.1508
2.1496
2.1488
2.1488
2.148
2.1456
2.1476
2.15
2.1496
2.148
2.1532
2.1484
2.1484
2.1484
2.1468
2.1492
2.1504
2.148
2.1504
2.1472
2.152
2.146
2.1512
2.152
2.148
2.1504
2.1452
2.148
2.1464
2.1464
2.148
2.1492
2.1472
2.1472
2.1504
2.1488
2.1492
2.1472
2.1468
2.1476
2.1512
2.1484
2.1488
2.1488
2.1484
2.1492
2.1504
2.15
2.1508
2.148
2.148
2.1476
2.1484
2.1472
2.1512
2.1468
2.1512
2.1504
2.1504
2.1512
2.1496
2.1508
2.15
2.1512
2.1492
2.1488
2.1492
2.15
2.1496
2.1468
2.1512
2.1436
2.1472
2.15
2.1504
2.1496
2.148
2.1496
2.1512
2.1508
2.1524
2.1496
2.1516
2.1476
2.1508
2.1464
2.15
2.1508
2.1488
2.148
2.1524
2.148
2.1464
2.148
2.1472
2.1492
2.1472
2.146
2.1508
2.1476
2.1488
2.1504
2.15
2.15
2.1512
2.1472
2.1468
2.15
2.148
2.1508
2.1488
2.152
2.1496
2.1468
2.1516
2.1484
2.148
2.1508
2.1484
2.1468
2.1488
2.1468
2.1528
2.1504
2.146
2.1492
2.1476
2.1488
2.1492
2.1488
2.1488
2.1476
2.1512
2.1448
2.1496
2.1496
2.1468
2.1476
2.152
2.1484
2.1524
2.15
2.1532
2.1448
2.1496
2.1476
2.1476
2.15
2.15
2.1488
2.1472
2.1468
2.1484
2.1464
2.1472
2.1488
2.148
2.1472
2.1476
2.1484
2.1448
2.148
2.148
2.1472
2.1484
2.1456
2.1504
2.1496
2.15
2.1496
2.1512
2.148
2.1452
2.1508
2.1508
2.1492
2.152
2.1464
2.1468
2.148
2.1492
2.1464
2.148
2.1464
2.15
2.1492
2.1484
2.1508
2.1504
2.1476
2.1504
2.1496
2.1472
2.146
2.1496
2.1444
2.1476
2.1488
2.1484
2.1508
2.1516
2.1452
2.1484
2.1504
2.1516
2.1476
2.15
2.1464
2.148
2.1524
2.1504
2.1484
2.1476
2.146
2.1504
2.15
2.1492
2.1476
2.1484
2.1464
2.148
2.1488
2.1488
2.1516
2.1472
2.1492
2.1468
2.1468
2.1492
2.1452
2.1452
2.15
2.1496
2.1512
2.1516
2.146
2.15
2.1488
2.1456
2.1492
2.1476
2.15
2.1496
2.1496
2.1508
2.1488
2.1496
2.148
2.1512
2.1456
2.1496
2.1504
2.1512
2.15
2.1476
2.144
2.1468
2.1492
2.1504
2.15
2.1496
2.1492
2.1492
2.1492
2.1468
2.1464
2.1508
2.146
2.1536
2.1488
2.15
2.1504
2.1512
2.1456
2.1512
2.1484
2.1496
2.1456
2.152
2.1468
2.1496
2.1484
2.148
2.1512
2.1476
2.144
2.15
2.1468
2.15
2.1476
2.15
2.148
2.1512
2.1468
2.1512
2.1472
2.1464
2.1484
2.1504
2.1472
2.1508
2.1488
2.1476
2.1492
2.1472
2.15
2.1492
2.1476
2.148
2.1468
2.152
2.1476
2.1452
2.1488
2.1488
2.1472
2.1508
2.148
2.1492
2.146
2.1484
2.1456
2.1508
2.148
2.1476
2.1492
2.1468
2.1488
2.148
2.1484
2.15
2.1476
2.1488
2.1492
2.146
2.1468
2.1472
2.1492
2.15
2.1456
2.1488
2.1472
2.1496
2.146
2.1472
2.1468
2.1472
2.1476
2.1504
2.1496
2.1508
2.148
2.146
2.1492
2.148
2.152
2.1488
2.146
2.148
2.1476
2.15
2.1476
2.1492
2.1504
2.1464
2.144
2.15
2.1472
2.1476
2.1492
2.148
2.1472
2.1524
2.1536
2.15
2.15
2.1524
2.1468
2.15
2.1476
2.1504
2.148
2.15
2.1484
2.15
2.146
2.1464
2.1476
2.1476
2.1468
2.1484
2.1484
2.1492
2.148
2.1532
2.1492
2.1508
2.1456
2.1488
2.1448
2.1476
2.1472
2.1452
2.1432
2.1468
2.1468
2.15
2.1488
2.15
2.1464
2.1456
2.1468
2.1488
2.146
2.1452
2.1468
2.1448
2.146
2.1476
2.1496
2.1488
2.146
2.1504
2.1496
2.1472
2.1472
2.1488
2.1496
2.1492
2.1492
2.1484
2.1476
2.15
2.148
2.1492
2.1488
2.1488
2.1468
2.1484
2.154
2.1512
2.1496
2.1492
2.1468
2.1476
2.1484
2.1488
2.1488
2.1476
2.1448
2.1492
2.1468
2.1468
2.1444
2.1512
2.1452
2.15
2.1464
2.1476
2.148
2.1464
2.1488
2.1496
2.1476
2.1492
2.1468
2.15
2.1436
2.1472
2.1488
2.1488
2.1484
2.1452
2.148
2.1496
2.148
2.1488
2.1476
2.1524
2.1476
2.1496
2.1488
2.152
2.1468
2.1512
2.1476
2.1504
2.1468
2.1476
2.148
2.1512
2.1472
2.1496
2.1476
2.1464
2.15
2.1488
2.1504
2.1504
2.1488
2.1476
2.1476
2.1492
2.148
2.148
2.1456
2.148
2.1452
2.148
2.1468
2.15
2.1496
2.148
2.1464
2.1456
2.1444
2.146
2.1492
2.1496
2.1504
2.1476
2.146
2.146
2.146
2.1476
2.1472
2.1488
2.148
2.1476
2.1468
2.1488
2.1476
2.1476
2.146
2.1512
2.148
2.1488
2.1484
2.1472
2.1472
2.1516
2.1472
2.1476
2.146
2.152
2.1468
2.1496
2.1508
2.146
2.148
2.1476
2.1488
2.15
2.1468
2.152
2.1476
2.1488
2.1508
2.1452
2.1456
2.1488
2.1476
2.1472
2.1468
2.1488
2.1508
2.1516
2.1456
2.1484
2.1476
2.1492
2.1496
2.148
2.1468
2.1508
2.1492
2.1492
2.1484
2.1496
2.146
2.1484
2.1476
2.148
2.15
2.1492
2.1484
2.1496
2.1488
2.1452
2.1496
2.1468
2.1512
2.1508
2.1424
2.1488
2.1492
2.1484
2.146
2.1452
2.1476
2.1472
2.1484
2.148
2.1472
2.1496
2.1472
2.1524
2.1504
2.15
2.1488
2.1496
2.1496
2.146
2.1516
2.1508
2.1492
2.1472
2.1472
2.1508
2.144
2.1496
2.1448
2.1456
2.1496
2.148
2.1504
2.148
2.1488
2.1504
2.1472
2.1496
2.1476
2.152
2.1512
2.148
2.1488
2.1492
2.15
2.152
2.1516
2.1512
2.1492
2.1504
2.1508
2.1496
2.1508
2.1472
2.1484
2.1508
2.1496
2.1508
2.1504
2.1472
2.1488
2.1496
2.148
2.148
2.1464
2.1508
2.1476
2.146
2.1492
2.1476
2.148
2.1508
2.1512
2.1524
2.1528
2.1504
2.1508
2.1516
2.1488
2.1492
2.1476
2.1512
2.1496
2.1496
2.1528
2.154
2.1496
2.1508
2.1492
2.152
2.1528
2.1504
2.148
2.1488
2.1488
2.1488
2.1488
2.1524
2.1508
2.1516
2.1508
2.1524
2.1476
2.1496
2.1508
2.1528
2.1508
2.1496
2.1488
2.1516
2.15
2.15
2.15
2.15
2.15
2.1484
2.1492
2.1488
2.1516
2.1496
2.1452
2.1512
2.1496
2.1504
2.1468
2.1508
2.1492
2.1492
2.1504
2.1528
2.152
2.1492
2.1488
2.1504
2.15
2.1512
2.15
2.1468
2.1496
2.15
2.1488
2.1536
2.1472
2.1512
2.1524
2.154
2.156
2.15
2.1488
2.1512
2.1476
2.1508
2.148
2.152
2.15
2.1504
2.148
2.15
2.1488
2.148
2.1484
2.148
2.1508
2.1532
2.1484
2.1492
2.1492
2.1508
2.1512
2.1508
2.1508
2.1496
2.148
2.154
2.1488
2.1516
2.1484
2.152
2.1484
2.1508
2.15
2.1508
2.152
2.1512
2.1488
2.1516
2.1488
2.148
2.1504
2.15
2.1496
2.1492
2.1484
2.1484
2.1496
2.1532
2.1508
2.1528
2.1508
2.152
2.1492
2.1524
2.15
2.1508
2.15
2.15
2.1508
2.1496
2.1488
2.15
2.1496
2.1528
2.1508
2.15
2.1488
2.1456
2.1488
2.15
2.1496
2.15
2.1496
2.1512
2.1512
2.1508
2.1488
2.1516
2.1492
2.15
2.1512
2.1512
2.1476
2.1492
2.1524
2.1532
2.1516
2.1496
2.1492
2.1508
2.1496
2.1496
2.148
2.15
2.1472
2.1516
2.1492
2.1512
2.1492
2.1524
2.1492
2.1512
2.1512
2.1508
2.1484
2.1476
2.1496
2.1508
2.152
2.1504
2.1476
2.1504
2.1496
2.1496
2.1492
2.1492
2.148
2.1488
2.15
2.1488
2.148
2.1532
2.148
2.152
2.1512
2.1476
2.1516
2.15
2.148
2.1496
2.146
2.1488
2.1468
2.1512
2.1496
2.15
2.1492
2.15
2.148
2.1496
2.1456
2.1544
2.1484
2.152
2.1464
2.1472
2.1456
2.152
2.1496
2.1524
2.152
2.15
2.1488
2.1524
2.1512
2.1512
2.1476
2.1492
2.1484
2.15
2.1488
2.1492
2.15
2.1512
2.146
2.15
2.1488
2.1484
2.1476
2.1492
2.1512
2.1536
2.1492
2.1504
2.1488
2.1516
2.1492
2.1516
2.148
2.1484
2.1496
2.1512
2.1528
2.1496
2.1488
2.1512
2.1504
2.1504
2.148
2.1496
2.1492
2.1528
2.1504
2.1516
2.1468
2.1508
2.1508
2.1504
2.15
2.1484
2.148
2.1496
2.148
2.1476
2.1488
2.15
2.146
2.1476
2.1476
2.1516
2.1492
2.1488
2.1464
2.1504
2.1504
2.1452
2.1484
2.1488
2.1476
2.1492
2.148
2.1528
2.1448
2.1484
2.1476
2.1484
2.1508
2.148
2.1472
2.1508
2.1484
2.1484
2.1488
2.1496
2.1424
2.1504
2.148
2.1516
2.1468
2.1492
2.1484
2.1484
2.1468
2.1484
2.1476
2.15
2.1488
2.1488
2.148
2.1516
2.1472
2.1488
2.1448
2.1496
2.148
2.1468
2.1488
2.1476
2.1444
2.1508
2.1488
2.1496
2.1468
2.1496
2.1464
2.1512
2.1468
2.1456
2.15
2.1476
2.1476
2.1488
2.1488
2.1508
2.1472
2.1472
2.1468
2.15
2.1476
2.1496
2.1488
2.148
2.15
2.1472
2.146
2.1496
2.146
2.15
2.1492
2.1508
2.146
2.1492
2.1484
2.1504
2.15
2.1508
2.1496
2.1468
2.1496
2.1512
2.1472
2.1472
2.1496
2.1488
2.1512
2.1524
2.1464
2.1488
2.1488
2.1488
2.1512
2.15
2.1464
2.1496
2.1484
2.1524
2.1472
2.1504
2.1484
2.1452
2.1484
2.1496
2.1464
2.1464
2.1496
2.148
2.1484
2.1488
2.146
2.1468
2.1484
2.1496
2.15
2.1476
2.1496
2.148
2.146
2.15
2.1504
2.1484
2.1524
2.1476
2.1476
2.152
2.1476
2.1508
2.1484
2.1496
2.1496
2.1496
2.1476
2.1488
2.1452
2.15
2.1516
2.1488
2.1488
2.1512
2.1484
2.1484
2.1492
2.148
2.1476
2.1472
2.1484
2.152
2.1496
2.148
2.1504
2.1504
2.148
2.1524
2.1532
2.1512
2.1524
2.1496
2.1472
2.1508
2.1476
2.1496
2.1504
2.1476
2.1528
2.1496
2.1472
2.1512
2.1476
2.1492
2.1496
2.1504
2.1496
2.1484
2.1484
2.1516
2.148
2.1496
2.1504
2.1536
2.148
2.1488
2.1492
2.1492
2.1504
2.1504
2.1496
2.148
2.1488
2.152
2.1516
2.1536
2.148
2.1456
2.1508
2.1512
2.1496
2.1524
2.148
2.1524
2.1536
2.148
2.1492
2.1512
2.1484
2.1492
2.1504
2.1492
2.1492
2.1476
2.1504
2.1488
2.1508
2.1504
2.1496
2.1492
2.1488
2.1472
2.1504
2.15
2.1496
2.1492
2.148
2.1504
2.1492
2.1504
2.148
2.1488
2.1492
2.1496
2.15
2.1524
2.1476
2.152
2.1496
2.15
2.15
2.1508
2.1508
2.1508
2.1492
2.1532
2.15
2.1496
2.1536
2.1516
2.1468
2.1516
2.1452
2.1484
2.1468
2.1492
2.148
2.1476
2.1496
2.1524
2.1516
2.1516
2.1512
2.1504
2.1512
2.1488
2.1488
2.1504
2.146
2.1484
2.1488
2.1464
2.15
2.154
2.1496
2.15
2.1488
2.1544
2.1492
2.1536
2.15
2.1508
2.1492
2.1504
2.1524
2.1512
2.1516
2.15
2.152
2.152
2.1456
2.148
2.1508
2.1492
2.15
2.1508
2.148
2.1512
2.148
2.1516
2.148
2.1496
2.1508
2.154
2.1512
2.1488
2.1496
2.1524
2.148
2.1488
2.1504
2.1524
2.1484
2.1496
2.148
2.15
2.1492
2.152
2.1504
2.1508
2.1484
2.1496
2.146
2.1508
2.1492
2.1528
2.15
2.1524
2.1516
2.1504
2.1496
2.1464
2.148
2.1496
2.1488
2.1496
2.1516
2.15
2.1508
2.15
2.1508
2.148
2.15
2.1496
2.1496
2.1508
2.1528
2.1472
2.1476
2.1512
2.1488
2.1492
2.148
2.1432
2.1488
2.1504
2.1484
2.1516
2.1492
2.1492
2.1484
2.1472
2.1496
2.1504
2.1512
2.148
2.1488
2.1492
2.15
2.1524
2.1472
2.1484
2.1484
2.1544
2.1476
2.1504
2.1508
2.1464
2.1516
2.148
2.1496
2.1492
2.1492
2.1516
2.146
2.1488
2.148
2.1492
2.1516
2.1504
2.1504
2.1516
2.1472
2.1524
2.1444
2.1504
2.148
2.148
2.1476
2.1512
2.1508
2.148
2.1484
2.15
2.1476
2.1492
2.1496
2.1508
2.1468
2.1492
2.1476
2.1504
2.1508
2.1504
2.1476
2.1516
2.15
2.1488
2.1452
2.146
2.1496
2.1532
2.146
2.15
2.1488
2.1524
2.1468
2.1468
2.1508
2.1496
2.1504
2.15
2.1476
2.152
2.1464
2.1492
2.1484
2.1512
2.1508
2.1504
2.1472
2.1516
2.1468
2.1516
2.1512
2.1528
2.1492
2.1508
2.1472
2.15
2.1436
2.1504
2.1472
2.148
2.1484
2.148
2.1496
2.1504
2.1456
2.148
2.1508
2.1516
2.1496
2.15
2.1508
2.1504
2.1488
2.1484
2.146
2.1508
2.146
2.1504
2.1468
2.1468
2.148
2.1464
2.148
2.1488
2.1468
2.15
2.1464
2.152
2.15
2.1492
2.148
2.152
2.1492
2.1492
2.148
2.15
2.1488
2.1504
2.1496
2.1528
2.1512
2.1476
2.148
2.1508
2.1488
2.1536
2.1472
2.1484
2.1468
2.1496
2.1484
2.1464
2.1464
2.1492
2.1492
2.1464
2.1468
2.1496
2.1488
2.1488
2.1508
2.1532
2.148
2.1504
2.1448
2.1484
2.1472
2.1496
2.1476
2.1484
2.1468
2.154
2.1488
2.1488
2.1484
2.1488
2.1488
2.1496
2.15
2.1516
2.1492
2.1524
2.1472
2.1496
2.15
2.1488
2.1504
2.1492
2.1484
2.1516
2.146
2.15
2.1512
2.15
2.1484
2.152
2.1488
2.1492
2.1496
2.1488
2.1456
2.1516
2.1496
2.1508
2.1488
2.1488
2.1496
2.148
2.1488
2.146
2.1492
2.1512
2.1484
2.1508
2.1504
2.1476
2.1472
2.1468
2.1512
2.1524
2.148
2.1476
2.146
2.1492
2.1476
2.1476
2.1472
2.1508
2.148
2.1508
2.1492
2.1512
2.1456
2.146
2.1488
2.146
2.1492
2.1492
2.1492
2.1508
2.1488
2.1484
2.146
2.1448
2.1476
2.1504
2.1492
2.1508
2.1476
2.1504
2.1468
2.1496
2.1492
2.1476
2.1488
2.1504
2.148
2.15
2.1436
2.15
2.146
2.1484
2.1488
2.1492
2.1476
2.1488
2.1484
2.1516
2.1476
2.1476
2.1484
2.15
2.1464
2.1504
2.1484
2.1488
2.1504
2.1492
2.1508
2.1496
2.1428
2.1496
2.146
2.1488
2.148
2.1488
2.1488
2.15
2.1484
2.1484
2.15
2.1528
2.1468
2.1508
2.1496
2.152
2.1456
2.1504
2.1488
2.1484
2.1492
2.1516
2.1496
2.1472
2.1504
2.148
2.15
2.1528
2.1508
2.1516
2.1496
2.1508
2.1472
2.1516
2.1484
2.1508
2.1488
2.1508
2.148
2.152
2.1468
2.1516
2.1496
2.1496
2.1476
2.1504
2.1464
2.1492
2.148
2.1476
2.146
2.1488
2.1428
2.1484
2.148
2.1496
2.1476
2.1488
2.1472
2.148
2.148
2.1472
2.1496
2.1504
2.1492
2.1484
2.1448
2.1488
2.1444
2.1452
2.1464
2.1488
2.1496
2.1476
2.1472
2.15
2.1476
2.1476
2.146
2.1508
2.1492
2.1524
2.1484
2.1472
2.1488
2.1492
2.1516
2.1496
2.148
2.1488
2.146
2.1452
2.1488
2.1452
2.1448
2.1512
2.146
2.1492
2.1464
2.1456
2.1464
2.1488
2.146
2.1432
2.1464
2.152
2.148
2.1488
2.15
2.1472
2.1464
2.15
2.146
2.1504
2.15
2.1492
2.148
2.1496
2.1468
2.1488
2.1436
2.1488
2.148
2.1464
2.1452
2.1508
2.1484
2.1476
2.1476
2.1476
2.15
2.1488
2.1476
2.1488
2.146
2.1464
2.1452
2.1456
2.1448
2.1496
2.1444
2.1492
2.1456
2.1464
2.148
2.1472
2.1468
2.1484
2.1432
2.1432
2.1476
2.15
2.1472
2.1496
2.1464
2.148
2.146
2.1488
2.1448
2.1488
2.1476
2.1472
2.1464
2.1456
2.1472
2.148
2.1456
2.144
2.1436
2.1436
2.1484
2.1472
2.1452
2.1492
2.148
2.1448
2.1488
2.1496
2.1456
2.1448
2.1476
2.148
2.1484
2.146
2.1484
2.1488
2.1456
2.1444
2.146
2.1516
2.15
2.1464
2.1472
2.1508
2.1468
2.148
2.1464
2.1492
2.148
2.1488
2.1492
2.1488
2.1476
2.1444
2.1476
2.1496
2.1484
2.1464
2.1472
2.148
2.1464
2.1504
2.1488
2.1472
2.1476
2.1496
2.1468
2.15
2.152
2.1464
2.1456
2.1496
2.1496
2.15
2.148
2.1492
2.1476
2.1452
2.1456
2.15
2.148
2.1488
2.1476
2.1472
2.146
2.1496
2.1496
2.1488
2.15
2.1476
2.15
2.1476
2.1448
2.15
2.1488
2.1512
2.1508
2.1488
2.1492
2.1476
2.1464
2.1456
2.1484
2.1484
2.146
2.146
2.1464
2.1512
2.1472
2.1476
2.1464
2.1444
2.1476
2.1472
2.144
2.1504
2.1472
2.1464
2.1488
2.146
2.1488
2.1476
2.144
2.148
2.1456
2.1484
2.1428
2.1488
2.1468
2.1468
2.1464
2.1504
2.1496
2.1504
2.1484
2.1496
2.148
2.1488
2.1472
2.1472
2.1476
2.15
2.146
2.1508
2.1476
2.15
2.1488
2.15
2.1456
2.1512
2.1452
2.1484
2.1516
2.15
2.148
2.1464
2.1476
2.1488
2.1476
2.1472
2.1476
2.1448
2.1448
2.1484
2.1464
2.1516
2.1452
2.1504
2.1444
2.1504
2.1484
2.1468
2.146
2.1448
2.1464
2.1492
2.1452
2.15
2.146
2.1464
2.15
2.152
2.1476
2.1488
2.1524
2.1468
2.1496
2.1472
2.1448
2.1472
2.1488
2.1448
2.1476
2.15
2.1476
2.1536
2.1464
2.15
2.1504
2.1468
2.1468
2.1496
2.1488
2.148
2.1476
2.1492
2.1496
2.15
2.1468
2.146
2.1464
2.1488
2.1472
2.1456
2.1472
2.1488
2.1456
2.1476
2.1492
2.15
2.1484
2.1496
2.1496
2.1488
2.1492
2.15
2.146
2.1468
2.1472
2.148
2.1464
2.1488
2.15
2.1488
2.1452
2.152
2.1448
2.1484
2.1468
2.15
2.1492
2.1524
2.1512
2.1496
2.1468
2.1468
2.1476
2.1504
2.1488
2.1464
2.146
2.1476
2.1476
2.1472
2.1468
2.1508
2.1512
2.148
2.1468
2.15
2.146
2.1488
2.15
2.1516
2.148
2.1492
2.1472
2.148
2.1476
2.1504
2.1476
2.1508
2.1468
2.1492
2.1476
2.1508
2.1456
2.1492
2.148
2.1512
2.1496
2.1472
2.1496
2.1512
2.1508
2.152
2.1476
2.15
2.15
2.1488
2.1492
2.15
2.1508
2.1528
2.148
2.1512
2.15
2.1496
2.1496
2.1488
2.1476
2.1504
2.1476
2.1504
2.1508
2.1484
2.1488
2.1508
2.1468
2.1504
2.1496
2.1484
2.1492
2.1488
2.1472
2.15
2.1484
2.1456
2.1476
2.1488
2.1476
2.1528
2.1492
2.1496
2.1484
2.1476
2.1484
2.148
2.1508
2.1528
2.1472
2.15
2.15
2.1504
2.1508
2.1476
2.1492
2.1472
2.1488
2.1516
2.146
2.1528
2.1484
2.1528
2.15
2.15
2.1476
2.148
2.1492
2.1484
2.1496
2.1536
2.1488
2.1488
2.1476
2.1504
2.1512
2.15
2.1472
2.1472
2.1468
2.1488
2.1488
2.1524
2.1488
2.1504
2.146
2.1516
2.1472
2.1488
2.1496
2.1484
2.148
2.1468
2.1448
2.1484
2.15
2.1536
2.1468
2.1528
2.1476
2.1484
2.1464
2.1476
2.1508
2.1512
2.1464
2.1528
2.1484
2.152
2.152
2.1508
2.1476
2.148
2.1496
2.1536
2.152
2.1492
2.1496
2.1508
2.1476
2.1524
2.148
2.1508
2.1488
2.1492
2.1508
2.1504
2.1488
2.1508
2.1496
2.1456
2.1504
2.1484
2.1464
2.15
2.1468
2.1464
2.1472
2.1468
2.148
2.1508
2.1488
2.1488
2.1496
2.152
2.1512
2.1488
2.1492
2.1488
2.1476
2.15
2.1472
2.1488
2.148
2.146
2.148
2.1488
2.1488
2.1476
2.148
2.1512
2.1444
2.1504
2.148
2.148
2.1472
2.148
2.1472
2.1464
2.1476
2.152
2.148
2.1476
2.1504
2.1476
2.1504
2.1476
2.146
2.1488
2.1476
2.1516
2.1468
2.1476
2.1496
2.1452
2.1496
2.1468
2.1512
2.148
2.1468
2.146
2.1476
2.1488
2.1444
2.1496
2.1484
2.1496
2.1484
2.1496
2.1484
2.1488
2.1476
2.152
2.146
2.148
2.1472
2.1464
2.1484
2.1472
2.1492
2.1472
2.1452
2.1476
2.1448
2.1492
2.148
2.1488
2.148
2.1484
2.1488
2.1504
2.1468
2.1484
2.1472
2.1496
2.1464
2.1516
2.1472
2.1468
2.1468
2.1508
2.1504
2.15
2.1488
2.1508
2.146
2.1488
2.146
2.1492
2.1492
2.1484
2.1512
2.148
2.1488
2.1492
2.1468
2.148
2.1496
2.1476
2.1504
2.1508
2.1488
2.1508
2.1484
2.148
2.1492
2.1472
2.1468
2.1496
2.1476
2.1488
2.1492
2.1504
2.1504
2.1472
2.1468
2.146
2.146
2.1504
2.1476
2.152
2.1464
2.146
2.1472
2.1496
2.1516
2.1496
2.1496
2.146
2.1468
2.1496
2.146
2.1492
2.148
2.1512
2.1472
2.15
2.15
2.1464
2.1468
2.1508
2.1512
2.1472
2.1508
2.1496
2.148
2.1484
2.15
2.1508
2.1464
2.1492
2.1492
2.15
2.15
2.152
2.1468
2.146
2.1484
2.1484
2.152
2.1516
2.1508
2.15
2.1464
2.1484
2.1484
2.1504
2.1488
2.1496
2.15
2.15
2.1452
2.15
2.15
2.1528
2.15
2.1508
2.1464
2.1476
2.1492
2.148
2.152
2.1504
2.1472
2.1512
2.1488
2.1512
2.1508
2.15
2.1488
2.1484
2.1464
2.1516
2.1512
2.1492
2.146
2.1516
2.1452
2.148
2.1484
2.146
2.1488
2.15
2.1484
2.1492
2.1456
2.1464
2.1456
2.1528
2.1448
2.1524
2.15
2.15
2.148
2.1504
2.1496
2.148
2.1516
2.1496
2.1476
2.1516
2.1456
2.1508
2.1476
2.15
2.1492
2.1472
2.1492
2.146
2.15
2.1492
2.1488
2.1464
2.1452
2.1472
2.1456
2.1488
2.1504
2.146
2.1476
2.1492
2.1472
2.148
2.1484
2.1476
2.1488
2.15
2.1452
2.1512
2.1492
2.1496
2.148
2.1488
2.1484
2.15
2.15
2.1512
2.15
2.1508
2.1472
2.1496
2.1496
2.1472
2.1516
2.1532
2.1488
2.1476
2.1496
2.152
2.1508
2.1456
2.148
2.1508
2.1488
2.1504
2.1476
2.1516
2.1516
2.1484
2.1468
2.154
2.1492
2.1492
2.148
2.15
2.1492
2.1484
2.1524
2.1492
2.15
2.1496
2.1496
2.1488
2.1472
2.1512
2.1476
2.1448
2.1504
2.148
2.1484
2.1524
2.15
2.1528
2.1492
2.1508
2.148
2.1512
2.146
2.1512
2.15
2.1528
2.1504
2.154
2.1492
2.1496
2.1488
2.148
2.1496
2.1492
2.1484
2.1504
2.1452
2.1484
2.1492
2.1484
2.1512
2.1464
2.1468
2.15
2.1484
2.1456
2.1472
2.15
2.1516
2.1532
2.1456
2.1504
2.1476
2.1464
2.1476
2.1488
2.1484
2.1512
2.1496
2.1492
2.1492
2.15
2.1476
2.1488
2.1496
2.1516
2.15
2.1472
2.148
2.1504
2.1484
2.1488
2.1484
2.1484
2.1496
2.1504
2.146
2.15
2.1488
2.1504
2.1468
2.1504
2.148
2.146
2.1508
2.1488
2.1488
2.1504
2.1472
2.1532
2.1504
2.1512
2.1504
2.1472
2.15
2.1488
2.1488
2.146
2.1484
2.1524
2.1492
2.15
2.1508
2.1504
2.1496
2.1472
2.1492
2.1496
2.1456
2.1496
2.1464
2.1476
2.1504
2.146
2.1504
2.15
2.148
2.1496
2.1476
2.1496
2.1504
2.1472
2.1504
2.1472
2.148
2.1512
2.1496
2.1508
2.148
2.1496
2.1484
2.1504
2.1488
2.1512
2.148
2.1488
2.1504
2.1504
2.1476
2.1496
2.1504
2.1512
2.148
2.1512
2.1488
2.152
2.1508
2.148
2.1484
2.1476
2.1512
2.152
2.146
2.1496
2.148
2.146
2.1464
2.1472
2.1484
2.1504
2.1436
2.146
2.1468
2.1492
2.1472
2.1492
2.1476
2.1464
2.1488
2.1512
2.1448
2.1464
2.1508
2.1488
2.1472
2.1516
2.1468
2.1476
2.1492
2.1504
2.148
2.1492
2.148
2.1468
2.1484
2.1504
2.1484
2.148
2.1484
2.1516
2.148
2.1508
2.1536
2.1472
2.1448
2.1504
2.146
2.1492
2.154
2.1508
2.1496
2.148
2.1484
2.1488
2.1432
2.1496
2.1468
2.152
2.1488
2.1504
2.1528
2.1496
2.148
2.152
2.1464
2.1532
2.15
2.1488
2.152
2.1528
2.1512
2.1528
2.1476
2.1492
2.15
2.1508
2.1484
2.1524
2.1508
2.1472
2.1464
2.1512
2.1488
2.1492
2.1496
2.148
2.1524
2.1488
2.1476
2.1516
2.1508
2.15
2.1472
2.1488
2.15
2.1496
2.146
2.148
2.1468
2.1452
2.1472
2.1484
2.1476
2.1444
2.1452
2.1448
2.1456
2.1472
2.1472
2.146
2.144
2.1448
2.1416
2.144
2.1424
2.1456
2.1412
2.1376
2.1416
2.142
2.1416
2.1404
2.1392
2.1376
2.1352
2.14
2.1376
2.1348
2.1372
2.1352
2.1316
2.134
2.1332
2.1344
2.1324
2.1296
2.1284
2.1304
2.128
2.1328
2.1256
2.1276
2.1216
2.1228
2.1208
2.1192
2.118
2.1176
2.1156
2.1196
2.1096
2.11
2.108
2.1072
2.1052
2.1064
2.1028
2.1032
2.1008
2.0988
2.0952
2.098
2.0924
2.0928
2.088
2.09
2.0852
2.0864
2.0844
2.0788
2.0776
2.0768
2.0728
2.074
2.066
2.068
2.0624
2.0624
2.0568
2.0584
2.0516
2.0516
2.0512
2.0444
2.0424
2.0412
2.0368
2.0364
2.0312
2.0296
2.0228
2.0212
2.0172
2.0156
2.0132
2.008
2.0044
2.0016
1.9992
1.9972
1.9932
1.9872
1.9852
1.9812
1.9768
1.9748
1.97
1.9676
1.9636
1.9568
1.9572
1.9548
1.946
1.9444
1.9392
1.9396
1.9352
1.9304
1.9256
1.9216
1.9188
1.9184
1.9124
1.9104
1.902
1.9008
1.8932
1.892
1.8856
1.8844
1.8812
1.8792
1.87
1.868
1.862
1.8624
1.8564
1.852
1.8492
1.8452
1.8416
1.8432
1.8356
1.8368
1.8304
1.8244
1.8192
1.8192
1.8124
1.8092
1.8056
1.802
1.7932
1.7972
1.7864
1.7864
1.784
1.7776
1.7752
1.7744
1.7704
1.7684
1.7652
1.7576
1.7556
1.7484
1.746
1.7432
1.7412
1.7396
1.7324
1.7336
1.7308
1.7284
1.722
1.718
1.716
1.7152
1.7088
1.7048
1.7048
1.7012
1.6956
1.6924
1.6908
1.6896
1.684
1.6824
1.676
1.6784
1.6748
1.6704
1.668
1.6672
1.662
1.6604
1.6572
1.656
1.6484
1.6476
1.6464
1.6424
1.6396
1.6392
1.6324
1.6328
1.6304
1.6264
1.6248
1.6228
1.62
1.616
1.6156
1.6168
1.6092
1.6092
1.6072
1.6092
1.602
1.5992
1.5944
1.5944
1.5948
1.5908
1.5888
1.59
1.5836
1.5832
1.5808
1.5796
1.5768
1.5764
1.5724
1.5716
1.568
1.5676
1.5648
1.5668
1.56
1.5604
1.5604
1.5584
1.554
1.5512
1.5532
1.552
1.5516
1.546
1.5456
1.5428
1.542
1.5412
1.538
1.538
1.536
1.534
1.536
1.5328
1.528
1.5312
1.528
1.528
1.5268
1.5216
1.5248
1.522
1.5188
1.52
1.5208
1.5168
1.5164
1.5148
1.5148
1.5156
1.5116
1.5116
1.51
1.5092
1.5076
1.5076
1.5044
1.5084
1.504
1.502
1.5056
1.506
1.5016
1.502
1.504
1.5008
1.5008
1.4996
1.496
1.4976
1.498
1.4944
1.4976
1.4952
1.4956
1.4916
1.4944
1.4944
1.4912
1.49
1.4916
1.4936
1.4892
1.4916
1.492
1.4904
1.4888
1.4852
1.4888
1.492
1.4852
1.4828
1.4896
1.4908
1.4892
1.4868
1.4868
1.4868
1.4872
1.4872
1.484
1.488
1.4868
1.4856
1.4864
1.4868
1.4868
1.484
1.488
1.4872
1.4848
1.4868
1.4884
1.4884
1.4884
1.4872
1.4876
1.4888
1.488
1.484
1.4876
1.4888
1.4888
1.4872
1.486
1.4896
1.4884
1.4868
1.4884
1.4928
1.488
1.4868
1.4884
1.49
1.4904
1.4912
1.494
1.494
1.4932
1.4908
1.4924
1.4972
1.492
1.4924
1.4924
1.4928
1.4916
1.4908
1.4956
1.4996
1.4964
1.496
1.496
1.4988
1.4948
1.4992
1.4996
1.4988
1.4996
1.5024
1.502
1.506
1.5028
1.5036
1.5024
1.5056
1.5036
1.5076
1.5028
1.508
1.5052
1.5048
1.5088
1.5112
1.5084
1.5088
1.5148
1.5172
1.5124
1.512
1.5156
1.5172
1.5164
1.5136
1.5196
1.5172
1.5176
1.5188
1.5224
1.5244
1.5208
1.5224
1.518
1.5248
1.5264
1.526
1.5276
1.5276
1.5272
1.5292
1.5304
1.532
1.5308
1.5288
1.5316
1.5356
1.5324
1.5348
1.5388
1.54
1.5364
1.5396
1.5392
1.54
1.5388
1.5416
1.5448
1.5464
1.5476
1.5456
1.5468
1.55
1.5504
1.5544
1.5516
1.5572
1.556
1.5556
1.5568
1.5556
1.5564
1.5592
1.5588
1.5664
1.5608
1.5592
1.5632
1.5672
1.5644
1.566
1.5664
1.5696
1.5688
1.5708
1.5716
1.5744
1.572
1.5732
1.5752
1.58
1.5788
1.5784
1.582
1.5836
1.5824
1.5828
1.5836
1.5892
1.5872
1.5896
1.5916
1.592
1.5912
1.5912
1.5904
1.5964
1.5948
1.5948
1.5968
1.5996
1.5976
1.6008
1.6004
1.6052
1.6032
1.604
1.6072
1.6064
1.6072
1.6096
1.6124
1.6132
1.6124
1.6148
1.6184
1.6196
1.6212
1.6216
1.6216
1.6228
1.6224
1.6256
1.628
1.6308
1.6292
1.6284
1.6308
1.6324
1.6332
1.6368
1.6384
1.6432
1.6396
1.638
1.6404
1.642
1.642
1.6452
1.6444
1.6516
1.6468
1.6516
1.6504
1.6552
1.6484
1.6516
1.6572
1.658
1.6584
1.658
1.6616
1.6624
1.6616
1.6648
1.6648
1.6696
1.664
1.6688
1.6728
1.6732
1.672
1.674
1.6716
1.6808
1.6756
1.6748
1.6808
1.6804
1.6828
1.6816
1.6828
1.6848
1.6864
1.6856
1.688
1.6932
1.6892
1.6944
1.6932
1.6988
1.6964
1.6988
1.6992
1.702
1.6988
1.7044
1.7016
1.706
1.7072
1.7052
1.7104
1.712
1.7088
1.7112
1.7172
1.7148
1.7184
1.718
1.7196
1.7204
1.72
1.7248
1.7256
1.7256
1.7272
1.7272
1.7288
1.7344
1.7316
1.7316
1.7352
1.7364
1.734
1.736
1.738
1.7404
1.7428
1.7416
1.7436
1.7476
1.7452
1.746
1.7476
1.7524
1.7496
1.7524
1.7548
1.7588
1.7556
1.7592
1.7564
1.7592
1.7628
1.7608
1.762
1.7684
1.7644
1.7696
1.7696
1.772
1.7744
1.7748
1.7748
1.774
1.7748
1.778
1.7772
1.782
1.7808
1.7836
1.7828
1.7884
1.7852
1.788
1.7876
1.7924
1.7868
1.79
1.792
1.796
1.7944
1.7948
1.7968
1.8004
1.7976
1.8016
1.8044
1.8048
1.8052
1.8056
1.8068
1.8084
1.8076
1.8088
1.8108
1.8164
1.812
1.8128
1.814
1.8148
1.818
1.8208
1.8204
1.8224
1.8224
1.8236
1.8228
1.8244
1.8276
1.8292
1.8288
1.8348
1.8288
1.8296
1.8344
1.8336
1.8352
1.836
1.8368
1.8396
1.8396
1.8456
1.8428
1.8456
1.8452
1.8468
1.8488
1.848
1.8476
1.85
1.85
1.8512
1.8528
1.8568
1.8536
1.8596
1.8568
1.856
1.8596
1.8616
1.8588
1.8632
1.8636
1.8648
1.8644
1.8688
1.8684
1.8704
1.8684
1.8728
1.8684
1.8716
1.87
1.8744
1.8752
1.878
1.8732
1.8788
1.8768
1.8808
1.8776
1.8824
1.8832
1.8852
1.8828
1.8832
1.8852
1.8904
1.8872
1.8908
1.8912
1.8908
1.892
1.8976
1.8956
1.8944
1.894
1.896
1.8988
1.8972
1.902
1.8988
1.9024
1.904
1.9068
1.9048
1.9016
1.9036
1.9032
1.9088
1.9088
1.9148
1.912
1.9104
1.9092
1.9148
1.9112
1.9124
1.9172
1.9144
1.9164
1.9196
1.918
1.92
1.92
1.9196
1.9208
1.9212
1.926
1.924
1.9248
1.9268
1.9264
1.9284
1.9256
1.928
1.93
1.9316
1.9332
1.9328
1.9336
1.9348
1.9348
1.9376
1.9376
1.9396
1.9364
1.9384
1.9416
1.9416
1.942
1.9444
1.9432
1.9472
1.9432
1.946
1.9468
1.948
1.9476
1.952
1.9476
1.95
1.9524
1.9532
1.9512
1.954
1.9512
1.958
1.9552
1.9572
1.9548
1.9568
1.9572
1.958
1.9604
1.9636
1.9596
1.9644
1.9628
1.9652
1.9652
1.9648
1.9672
1.9656
1.966
1.9676
1.9692
1.9704
1.97
1.9704
1.9728
1.9728
1.9744
1.9736
1.9752
1.976
1.9756
1.9752
1.978
1.98
1.976
1.9836
1.98
1.9816
1.9816
1.982
1.9832
1.984
1.9856
1.99
1.984
1.9892
1.986
1.9876
1.9888
1.9912
1.9916
1.9932
1.9888
1.992
1.9916
1.992
1.9924
1.996
1.9976
1.9976
1.9976
2.0032
2
2.0008
2.0008
1.9992
2.0016
2.0056
2.0028
2.0068
2.002
2.006
2.004
2.0092
2.0064
2.008
2.0064
2.0052
2.0084
2.0064
2.0088
2.0108
2.0116
2.0108
2.016
2.0128
2.0128
2.0136
2.0128
2.0204
2.014
2.0168
2.0152
2.0196
2.0164
2.0176
2.0192
2.0168
2.022
2.022
2.0192
2.0248
2.0268
2.024
2.0232
2.0268
2.0268
2.028
2.0248
2.0304
2.0248
2.0296
2.03
2.0296
2.0296
2.0328
2.0292
2.0336
2.0316
2.0324
2.0348
2.0344
2.0356
2.036
2.0332
2.0352
2.0356
2.0356
2.038
2.0388
2.0364
2.0428
2.0396
2.0436
2.0436
2.0432
2.0396
2.0444
2.0436
2.044
2.04
2.0468
2.0452
2.0488
2.046
2.0504
2.0456
2.0468
2.0496
2.05
2.048
2.0516
2.0492
2.054
2.0528
2.0504
2.05
2.0512
2.0524
2.0544
2.054
2.0544
2.0496
2.0572
2.0564
2.0556
2.056
2.0584
2.0544
2.058
2.0564
2.0616
2.0624
2.062
2.062
2.0608
2.0624
2.0632
2.0636
2.0648
2.0612
2.0664
2.0644
2.064
2.068
2.0672
2.0644
2.0676
2.0656
2.0672
2.066
2.07
2.0688
2.0692
2.0696
2.07
2.0704
2.0708
2.0708
2.0712
2.072
2.0716
2.0736
2.076
2.0732
2.0756
2.0708
2.0756
2.0732
2.0784
2.0748
2.0768
2.0768
2.0784
2.0768
2.0796
2.0792
2.0784
2.082
2.0808
2.0812
2.0804
2.0804
2.0824
2.0808
2.0844
2.0808
2.0848
2.0816
2.0844
2.0844
2.084
2.0852
2.0844
2.0852
2.0864
2.0852
2.0832
2.086
2.0864
2.0876
2.0848
2.0876
2.0916
2.09
2.09
2.092
2.0908
2.0908
2.0948
2.0908
2.0964
2.092
2.0896
2.092
2.0928
2.092
2.0952
2.0904
2.0932
2.094
2.0948
2.0948
2.0972
2.0964
2.096
2.0952
2.1
2.0968
2.0972
2.0984
2.098
2.0988
2.0968
2.0956
2.1028
2.0952
2.1032
2.0992
2.1024
2.1
2.102
2.1044
2.1028
2.1008
2.1028
2.1012
2.1032
2.104
2.1028
2.1068
2.1044
2.1036
2.1052
2.1016
2.1044
2.1048
2.1056
2.1056
2.112
2.1056
2.108
2.1064
2.1092
2.1076
2.1116
2.1124
2.1128
2.1116
2.1128
2.1096
2.1124
2.1124
2.1132
2.1112
2.1136
2.1096
2.1124
2.1144
2.1144
2.1108
2.1132
2.1124
2.1184
2.1144
2.1152
2.1132
2.1168
2.1128
2.1196
2.1144
2.1188
2.1152
2.118
2.1172
2.1148
2.1172
2.118
2.118
2.1204
2.1196
2.1204
2.1228
2.1204
2.1188
2.1208
2.1244
2.122
2.1236
2.1236
2.122
2.1252
2.1232
2.1232
2.1256
2.1236
2.1204
2.1228
2.1228
2.1256
2.1216
2.1252
2.124
2.1292
2.1268
2.1272
2.1248
2.1264
2.1264
2.1272
2.1292
2.128
2.1276
2.1272
2.1292
2.13
2.1296
2.1304
2.1284
2.13
2.1296
2.132
2.1296
2.1312
2.1316
2.1328
2.1296
2.1328
2.128
2.1316
2.1328
2.1344
2.1344
2.1344
2.136
2.1336
2.136
2.1332
2.1328
2.1336
2.1324
2.1388
2.1332
2.136
2.1352
2.1364
2.1384
2.1388
2.1376
2.1404
2.1372
2.1392
2.1376
2.1396
2.1356
2.1412
2.138
2.1404
2.1416
2.138
2.1372
2.1392
2.1364
2.1404
2.1388
2.1424
2.1424
2.1436
2.1424
2.1432
2.1424
2.1404
2.1452
2.144
2.1436
2.1448
2.144
2.148
2.1424
2.1444
2.1408
2.1452
2.1476
2.146
2.1444
2.1472
2.1464
2.1456
2.1448
2.1504
2.1456
2.1448
2.1456
2.1512
2.1448
2.1472
2.1484
2.1464
2.1452
2.1484
2.1444
2.148
2.1476
2.1464
2.152
2.1516
2.1492
2.1524
2.15
2.1532
2.152
2.1512
2.1504
2.1516
2.152
2.1524
2.1512
2.152
2.1496
2.1516
2.1472
2.1524
2.1508
2.1528
2.1544
2.1508
2.1544
2.1536
2.1544
2.1544
2.1564
2.158
2.1524
2.1552
2.1584
2.154
2.1576
2.1572
2.1544
2.158
2.1528
2.1536
2.1552
2.1576
2.1592
2.1572
2.1548
2.1588
2.1568
2.1616
2.1612
2.162
2.158
2.1604
2.1572
2.1604
2.1588
2.162
2.1628
2.1608
2.1616
2.162
2.1592
2.1604
2.1584
2.162
2.1632
2.1632
2.1628
2.1616
2.1612
2.1644
2.1616
2.1624
2.1628
2.1632
2.1616
2.164
2.1624
2.1624
2.1612
2.1652
2.1616
2.1612
2.162
2.166
2.164
2.168
2.1652
2.1624
2.164
2.1672
2.1612
2.1684
2.1628
2.1668
2.1644
2.1688
2.1652
2.1668
2.164
2.166
2.1704
2.166
2.168
2.1704
2.1652
2.1704
2.1684
2.1684
2.1688
2.17
2.1664
2.1688
2.1668
2.17
2.1708
2.1724
2.1708
2.1696
2.172
2.1712
2.1708
2.1692
2.1676
2.1712
2.1704
2.172
2.172
2.172
2.1724
2.1712
2.1668
2.1728
2.168
2.172
2.174
2.174
2.1728
2.17
2.172
2.174
2.1756
2.174
2.1712
2.1732
2.1704
2.1728
2.1732
2.1744
2.174
2.174
2.1712
2.1768
2.1736
2.174
2.1756
2.1752
2.1756
2.1756
2.1756
2.1788
2.1748
2.1756
2.1764
2.1772
2.1748
2.178
2.1764
2.1776
2.18
2.1804
2.1752
2.1772
2.1784
2.1792
2.1764
2.1804
2.1764
2.176
2.1756
2.1756
2.1788
2.1768
2.1768
2.1768
2.178
2.1772
2.1776
2.1792
2.1796
2.1836
2.1788
2.1792
2.1788
2.1816
2.1808
2.1804
2.1808
2.1832
2.1796
2.182
2.1824
2.1788
2.1816
2.1832
2.18
2.1828
2.1812
2.1816
2.1808
2.18
2.18
2.1832
2.184
2.1796
2.1796
2.1824
2.18
2.1844
2.1788
2.18
2.184
2.1812
2.1832
2.1836
2.18
2.1832
2.1844
2.1852
2.1852
2.184
2.1844
2.1836
2.1844
2.1836
2.1816
2.1864
2.1856
2.1856
2.184
2.1852
2.1848
2.188
2.184
2.1848
2.186
2.1852
2.184
2.1848
2.184
2.1832
2.182
2.1864
2.1852
2.1884
2.1832
2.1864
2.184
2.184
2.1832
2.1884
2.1852
2.1856
2.1856
2.1888
2.1888
2.1844
2.188
2.1888
2.1876
2.1868
2.1888
2.1888
2.1872
2.1876
2.1868
2.1892
2.1856
2.1864
2.1888
2.1884
2.1904
2.1884
2.186
2.19
2.1896
2.184
2.1876
2.1888
2.1924
2.19
2.1904
2.1896
2.1868
2.1904
2.1904
2.1896
2.1892
2.1908
2.1912
2.1928
2.1932
2.1896
2.1908
2.1932
2.1872
2.1904
2.1888
2.192
2.1916
2.1888
2.1896
2.1916
2.1912
2.1908
2.1904
2.1912
2.1908
2.1936
2.1928
2.1928
2.1908
2.1948
2.1892
2.1904
2.1908
2.1928
2.194
2.1924
2.1928
2.1928
2.1916
2.1932
2.1928
2.1952
2.1944
2.1964
2.1928
2.1912
2.192
2.192
2.1948
2.196
2.1928
2.196
2.1932
2.196
2.19
2.196
2.1932
2.1956
2.1956
2.198
2.194
2.1956
2.1948
2.194
2.1932
2.1956
2.1948
2.1936
2.1936
2.1932
2.1932
2.1948
2.1964
2.1956
2.1984
2.1996
2.196
2.1944
2.1988
2.1972
2.1956
2.1964
2.1976
2.1968
2.194
2.198
2.1984
2.1976
2.198
2.1988
2.1964
2.1964
2.1976
2.1968
2.1952
2.1972
2.1956
2.1964
2.1964
2.1976
2.1948
2.1992
2.1964
2.198
2.198
2.1988
2.1996
2.1996
2.1948
2.1964
2.198
2.2012
2.1988
2.1992
2.198
2.1996
2.2
2.1984
2.2
2.2004
2.1988
2.1988
2.1964
2.2004
2.1972
2.2
2.1968
2.2
2.1988
2.2012
2.2016
2.196
2.2012
2.202
2.1996
2.2
2.1996
2.202
2.2016
2.1996
2.1972
2.202
2.2004
2.1996
2.1996
2.2
2.2004
2.1996
2.2024
2.2036
2.2004
2.2004
2.2024
2.202
2.1992
2.2024
2.1988
2.2032
2.2004
2.2024
2.2004
2.204
2.2012
2.2024
2.2016
2.2028
2.1964
2.2028
2.2044
2.2036
2.2024
2.206
2.2008
2.202
2.2016
2.2036
2.2012
2.2048
2.2024
2.2032
2.1988
2.2004
2.1984
2.2012
2.2016
2.202
2.202
2.2032
2.2088
2.2028
2.204
2.2048
2.2016
2.2028
2.2024
2.2044
2.1992
2.2036
2.2024
2.2064
2.2028
2.2072
2.2048
2.2056
2.2044
2.2016
2.2004
2.202
2.2056
2.2024
2.2024
2.2052
2.2016
2.2036
2.204
2.2068
2.2032
2.2052
2.206
2.2064
2.2036
2.2064
2.2016
2.2064
2.204
2.2064
2.206
2.2068
2.2052
2.2036
2.206
2.2048
2.2072
2.206
2.2016
2.2088
2.2052
2.2056
2.2072
2.2092
2.2048
2.2068
2.206
2.2032
2.2052
2.2076
2.2072
2.208
2.204
2.2008
2.202
2.2056
2.2028
2.2016
2.202
2.206
2.206
2.2068
2.2072
2.2044
2.2052
2.2028
2.2064
2.2084
2.2016
2.2004
2.2068
2.2084
2.2076
2.2088
2.206
2.2068
2.2056
2.2092
2.2064
2.2116
2.206
2.204
2.206
2.2072
2.2052
2.208
2.2072
2.2044
2.2064
2.206
2.2044
2.2072
2.2072
2.2064
2.2064
2.2084
2.2068
2.2064
2.2088
2.206
2.2068
2.204
2.204
2.2092
2.2068
2.206
2.208
2.2036
2.2028
2.2076
2.204
2.2084
2.2056
2.2072
2.204
2.2064
2.2028
2.2068
2.2064
2.2084
2.2056
2.206
2.206
2.206
2.2056
2.206
2.2072
2.2052
2.2108
2.2084
2.2052
2.2104
2.2044
2.21
2.2092
2.2084
2.206
2.208
2.204
2.2036
2.206
2.2076
2.2068
2.2084
2.2052
2.2076
2.2052
2.208
2.2076
2.2128
2.2068
2.2096
2.2064
2.2056
2.208
2.208
2.2064
2.2072
2.206
2.21
2.208
2.2092
2.2076
2.208
2.208
2.21
2.21
2.2084
2.206
2.2092
2.2076
2.208
2.2104
2.2052
2.2076
2.2104
2.2056
2.2108
2.212
2.2104
2.2076
2.2088
2.21
2.21
2.21
2.2088
2.2088
2.212
2.2064
2.2088
2.2068
2.2084
2.2092
2.208
2.2108
2.2124
2.2084
2.2124
2.2092
2.2116
2.2076
2.2064
2.2108
2.212
2.2072
2.2092
2.206
2.2104
2.2072
2.212
2.2092
2.2112
2.2112
2.206
2.2092
2.2112
2.21
2.212
2.2116
2.2108
2.2084
2.2124
2.21
2.2084
2.2116
2.2104
2.2104
2.212
2.2084
2.2124
2.2088
2.2104
2.2084
2.2112
2.2084
2.2084
2.2092
2.2108
2.212
2.21
2.2116
2.2104
2.2112
2.2148
2.2072
2.214
2.2084
2.2132
2.21
2.2096
2.212
2.2088
2.2124
2.2128
2.2084
2.2104
2.2088
2.2128
2.21
2.21
2.2076
2.212
2.2124
2.2092
2.2108
2.2104
2.2124
2.212
2.2128
2.2132
2.21
2.2136
2.2104
2.212
2.2108
2.2124
2.2084
2.2096
2.2084
2.2144
2.2084
2.2096
2.2092
2.212
2.2096
2.212
2.2112
2.2096
2.2064
2.2104
2.2096
2.212
2.2084
2.2124
2.212
2.2112
2.2076
2.2096
2.2104
2.2084
2.2092
2.2088
2.2116
2.2112
2.2116
2.2092
2.2084
2.2104
2.208
2.2096
2.2096
2.2112
2.21
2.2112
2.2124
2.2124
2.2096
2.212
2.2124
2.2124
2.2104
2.2128
2.212
2.2136
2.2104
2.2128
2.2084
2.2132
2.2108
2.212
2.2124
2.2144
2.2112
2.2112
2.2088
2.212
2.2116
2.2128
2.212
2.214
2.2116
2.2124
2.2104
2.2112
2.2108
2.2088
2.2088
2.2104
2.2116
2.2116
2.2136
2.2156
2.2136
2.212
2.2104
2.2132
2.212
2.2164
2.2124
2.2156
2.2128
2.2124
2.2116
2.212
2.2128
2.2104
2.21
2.2116
2.2104
2.2108
2.2132
2.2144
2.2116
2.2116
2.2112
2.2132
2.2076
2.212
2.2144
2.214
2.2104
2.2132
2.2116
2.214
2.2112
2.2108
2.2112
2.2124
2.2108
2.2104
2.2096
2.2124
2.212
2.2104
2.2096
2.214
2.2144
2.216
2.2132
2.2156
2.2136
2.2124
2.2128
2.2116
2.2108
2.212
2.2144
2.2156
2.2108
2.2144
2.2096
2.2148
2.2128
2.2104
2.212
2.2148
2.2108
2.2136
2.2128
2.2152
2.216
2.2168
2.2112
2.2116
2.2132
2.2136
2.2148
2.2148
2.2124
2.2132
2.2128
2.2156
2.2148
2.214
2.2132
2.2152
2.2132
2.2136
2.214
2.2124
2.2104
2.2132
2.2112
2.2116
2.2108
2.2136
2.2108
2.2108
2.212
2.2128
2.21
2.2132
2.2132
2.2172
2.216
2.2144
2.2112
2.2128
2.2136
2.214
2.2112
2.2108
2.2108
2.2168
2.2112
2.2128
2.2156
2.2136
2.2108
2.2132
2.2152
2.2148
2.2136
2.2136
2.2132
2.2144
2.2116
2.2116
2.2124
2.2188
2.2112
2.2148
2.2148
2.2156
2.218
2.2144
2.2144
2.2164
2.2104
2.2124
2.216
2.2148
2.216
2.2136
2.2116
2.2132
2.2116
2.2132
2.218
2.2128
2.2132
2.214
2.212
2.2148
2.2132
2.2128
2.2164
2.2144
2.216
2.2152
2.216
2.216
2.2152
2.2132
2.2144
2.2164
2.2144
2.2136
2.2124
2.2148
2.2184
2.212
2.2152
2.2184
2.2144
2.2136
2.2148
2.2144
2.2152
2.214
2.2136
2.2112
2.2116
2.2148
2.214
2.2148
2.2124
2.2144
2.2128
2.2148
2.2132
2.2124
2.212
2.216
2.2128
2.214
2.2128
2.2152
2.214
2.2136
2.212
2.2156
2.212
2.2144
2.214
2.2148
2.2132
2.2152
2.2148
2.2156
2.2128
2.2148
2.212
2.2152
2.2144
2.214
2.2152
2.2148
2.2124
2.2152
2.212
2.2148
2.2132
2.2112
2.214
2.2144
2.2132
2.2148
2.212
2.2144
2.2156
2.2152
2.214
2.2196
2.2148
2.2108
2.214
2.2156
2.2124
2.2128
2.2148
2.2136
2.2152
2.216
2.2128
2.2176
2.2148
2.2152
2.214
2.2188
2.2172
2.2144
2.2152
2.2152
2.212
2.2168
2.2128
2.2148
2.212
2.2148
2.2128
2.216
2.2152
2.2116
2.2108
2.2128
2.2116
2.2168
2.2136
2.2148
2.2132
2.2116
2.2112
2.2144
2.2136
2.2164
2.2136
2.214
2.2132
2.2148
2.2124
2.2164
2.2144
2.2148
2.212
2.2136
2.214
2.2108
2.2112
2.2116
2.2112
2.2132
2.2148
2.2104
2.2088
2.216
2.212
2.2164
2.2156
2.214
2.2152
2.2164
2.2144
2.2164
2.2128
2.2156
2.2176
2.212
2.2152
2.216
2.2152
2.2136
2.2152
2.2156
2.214
2.2152
2.2148
2.2168
2.2132
2.212
2.2156
2.2172
2.2136
2.212
2.2112
2.2144
2.214
2.2124
2.2152
2.216
2.2148
2.2136
2.2136
2.218
2.2136
2.2156
2.2176
2.2164
2.2128
2.2148
2.2128
2.2156
2.2124
2.218
2.2156
2.2128
2.2144
2.2132
2.2132
2.2164
2.214
2.2188
2.214
2.214
2.2132
2.214
2.214
2.2144
2.2124
2.218
2.2128
2.2156
2.2164
2.2144
2.2156
2.2164
2.2124
2.2152
2.2132
2.218
2.2156
2.2132
2.2132
2.216
2.2124
2.2164
2.2124
2.2168
2.2152
2.214
2.214
2.2164
2.216
2.214
2.2176
2.2148
2.2136
2.216
2.2104
2.2152
2.2144
2.2184
2.214
2.2164
2.21
2.214
2.216
2.2136
2.2128
2.2164
2.2104
2.218
2.2096
2.2148
2.2152
2.2152
2.2164
2.214
2.2136
2.218
2.2132
2.2136
2.2148
2.2152
2.2136
2.2136
2.2148
2.2164
2.2144
2.2148
2.2136
2.216
2.2144
2.214
2.2136
2.2136
2.2128
2.2124
2.2144
2.2144
2.212
2.2128
2.2108
2.218
2.2136
2.2136
2.216
2.218
2.2124
2.2144
2.2176
2.212
2.214
2.214
2.2128
2.2164
2.2176
2.2168
2.2132
2.2144
2.214
2.2128
2.2128
2.212
2.2132
2.212
2.2128
2.2176
2.2168
2.2164
2.2124
2.2156
2.2148
2.2136
2.216
2.2168
2.214
2.2164
2.2176
2.2168
2.2132
2.2164
2.2124
2.2148
2.2152
2.2148
2.2136
2.2156
2.2156
2.2152
2.2156
2.2152
2.2132
2.2184
2.2128
2.2124
2.2156
2.214
2.2152
2.2164
2.2144
2.2188
2.214
2.218
2.214
2.2152
2.2108
2.2156
2.2128
2.2168
2.2152
2.2168
2.2084
2.2128
2.2156
2.2148
2.2136
2.2144
2.2124
2.214
2.214
2.2148
2.2152
2.2168
2.2132
2.2168
2.216
2.2168
2.2132
2.2144
2.2176
2.2168
2.2136
2.2128
2.2112
2.218
2.2148
2.2112
2.216
2.2168
2.2116
2.2156
2.2148
2.2152
2.2132
2.216
2.2132
2.2148
2.2136
2.212
2.2144
2.2152
2.214
2.214
2.214
2.2124
2.2132
2.2148
2.2144
2.2172
2.2128
2.2196
2.2188
2.2176
2.2148
2.2144
2.2116
2.2164
2.216
2.2136
2.2148
2.2152
2.2164
2.2164
2.2144
2.216
2.214
2.2148
2.2144
2.2176
2.2124
2.2176
2.214
2.2168
2.2168
2.216
2.2124
2.2148
2.2132
2.2156
2.2112
2.212
2.2116
2.214
2.2136
2.2156
2.2144
2.2144
2.2128
2.2176
2.2136
2.2136
2.2112
2.216
2.216
2.2152
2.2128
2.2112
2.2128
2.2152
2.2132
2.2168
2.2124
2.2144
2.2128
2.2176
2.2124
2.214
2.2124
2.2148
2.21
2.218
2.2148
2.2152
2.2136
2.2132
2.218
2.2176
2.2136
2.2176
2.2164
2.216
2.214
2.2124
2.2124
2.2164
2.2104
2.2132
2.2136
2.2136
2.2128
2.2152
2.2144
2.2136
2.2108
2.212
2.2108
2.2136
2.2164
2.2128
2.2132
2.2148
2.2144
2.218
2.2124
2.2148
2.2136
2.212
2.2144
2.2148
2.2156
2.2148
2.2152
2.2172
2.2128
2.2164
2.2112
2.2172
2.216
2.21
2.2132
2.2176
2.2128
2.2112
2.2132
2.2152
2.2124
2.2132
2.2144
2.2172
2.2128
2.2116
2.2128
2.2152
2.212
2.2144
2.2152
2.2156
2.216
2.216
2.2132
2.214
2.2136
2.2116
2.212
2.2148
2.2112
2.2148
2.2112
2.214
2.2112
2.2136
2.2128
2.2124
2.212
2.214
2.214
2.2132
2.2136
2.2136
2.2128
2.216
2.2096
2.2136
2.2088
2.2144
2.2136
2.2144
2.214
2.2168
2.214
2.2124
2.2128
2.2124
2.2128
2.2164
2.2136
2.216
2.2116
2.2132
2.216
2.2144
2.2168
2.2168
2.2132
2.2164
2.212
2.2148
2.2128
2.2156
2.214
2.2144
2.2152
2.2144
2.2168
2.2116
2.212
2.2164
2.2164
2.2192
2.2128
2.2156
2.2136
2.2152
2.2112
2.2148
2.212
2.2132
2.2128
2.214
2.2132
2.2136
2.2168
2.2128
2.2124
2.216
2.2164
2.212
2.2144
2.2144
2.2124
2.2176
2.2128
2.2128
2.212
2.2148
2.2136
2.2152
2.2112
2.2164
2.214
2.2164
2.212
2.2124
2.2136
2.2136
2.2144
2.2132
2.2136
2.212
2.2108
2.2148
2.2128
2.2152
2.2128
2.2104
2.2128
2.2144
2.2152
2.2144
2.2104
2.2128
2.2152
2.2148
2.2128
2.2144
2.2104
2.2128
2.212
2.2124
2.2124
2.2112
2.2096
2.216
2.2132
2.214
2.2136
2.2152
2.2148
2.2136
2.2168
2.2132
2.2148
2.2112
2.2124
2.212
2.2136
2.2116
2.2116
2.2144
2.2168
2.2148
2.2112
2.2168
2.2184
2.216
2.2144
2.2108
2.2136
2.2152
2.2124
2.2148
2.212
2.2136
2.2144
2.214
2.212
2.2152
2.2108
2.2164
2.2128
2.2136
2.2132
2.216
2.2112
2.2156
2.2128
2.2132
2.2148
2.2116
2.2124
2.2136
2.212
2.214
2.2124
2.2132
2.2152
2.218
2.2124
2.212
2.2144
2.2172
2.2108
2.2168
2.21
2.2164
2.2148
2.212
2.2148
2.2156
2.2128
2.2156
2.2144
2.2136
2.2128
2.2132
2.2132
2.2152
2.214
2.2132
2.2124
2.2152
2.2136
2.2144
2.2088
2.2164
2.2136
2.2136
2.2144
2.2132
2.2116
2.2112
2.2132
2.2144
2.2108
2.2156
2.2176
2.214
2.2136
2.2144
2.214
2.2124
2.2108
2.212
2.2128
2.2132
2.2144
2.214
2.2132
2.218
2.2108
2.2136
2.2128
2.2132
2.2132
2.2096
2.2136
2.2156
2.2116
2.2144
2.2104
2.214
2.2124
2.2132
2.214
2.2124
2.2136
2.2088
2.2128
2.212
2.2128
2.214
2.2096
2.2148
2.2112
2.2124
2.2148
2.214
2.2128
2.214
2.2148
2.212
2.212
2.2128
2.2144
2.2116
2.2108
2.2116
2.2124
2.2156
2.2112
2.2128
2.2092
2.2148
2.2136
2.21
2.2124
2.212
2.214
2.2128
2.21
2.2108
2.21
2.2104
2.2112
2.2148
2.2116
2.214
2.21
2.2148
2.2104
2.2096
2.21
2.2108
2.2104
2.21
2.212
2.2144
2.2136
2.2108
2.2084
2.21
2.2104
2.212
2.2116
2.2116
2.2104
2.2108
2.212
2.2132
2.2104
2.2108
2.2116
2.2152
2.2096
2.2116
2.2112
2.2112
2.2132
2.214
2.212
2.2172
2.21
2.2132
2.2148
2.2156
2.2128
2.2136
2.2112
2.214
2.21
2.2112
2.2068
2.2124
2.2112
2.2108
2.2124
2.2172
2.21
2.2124
2.2136
2.2156
2.2108
2.214
2.212
2.214
2.212
2.2136
2.2132
2.2136
2.2108
2.2124
2.2116
2.2104
2.2132
2.212
2.2116
2.2144
2.2136
2.2128
2.2124
2.212
2.212
2.2144
2.2112
2.214
2.2132
2.214
2.2128
2.2124
2.2152
2.2124
2.2088
2.2116
2.2084
2.2084
2.21
2.2144
2.2124
2.214
2.21
2.2136
2.2112
2.214
2.2084
2.2116
2.2096
2.2124
2.2112
2.214
2.2108
2.212
2.2096
2.2128
2.2116
2.2148
2.2112
2.212
2.2148
2.2124
2.2136
2.2152
2.2116
2.2148
2.214
2.2104
2.2116
2.2104
2.2084
2.214
2.2128
2.2112
2.2152
2.212
2.2108
2.2148
2.2112
2.2096
2.2104
2.2116
2.2116
2.2148
2.2056
2.2112
2.2084
2.212
2.2108
2.2096
2.2116
2.2144
2.2128
2.2116
2.2128
2.2152
2.2124
2.2144
2.2108
2.212
2.212
2.2116
2.2144
2.214
2.212
2.2104
2.212
2.2108
2.2072
2.2112
2.2116
2.212
2.2104
2.2084
2.2104
2.2132
2.2088
2.21
2.2148
2.21
2.21
2.2116
2.21
2.2116
2.2116
2.2092
2.2116
2.2116
2.208
2.2092
2.212
2.2088
2.2104
2.2148
2.2112
2.2116
2.2108
2.2092
2.2096
2.2112
2.2108
2.2132
2.2144
2.2144
2.21
2.2108
2.2076
2.2092
2.2108
2.212
2.2072
2.2108
2.2088
2.2084
2.21
2.2136
2.2104
2.2136
2.2096
2.21
2.2116
2.2092
2.2096
2.2104
2.2088
2.2144
2.2116
2.212
2.2104
2.2132
2.2092
2.2124
2.2072
2.2092
2.2112
2.2092
2.2084
2.2124
2.2096
2.2104
2.2112
2.2096
2.2128
2.2084
2.2084
2.2104
2.2092
2.214
2.2108
2.2136
2.2076
2.2104
2.2124
2.2072
2.2096
2.2108
2.2076
2.2132
2.2112
2.212
2.212
2.2096
2.2092
2.2132
2.21
2.2116
2.21
2.21
2.2092
2.212
2.2072
2.2128
2.212
2.2096
2.212
2.2104
2.2124
2.2092
2.2088
2.2068
2.2076
2.2116
2.2064
2.212
2.2096
2.2076
2.2072
2.2104
2.2092
2.2108
2.2096
2.2108
2.2084
2.2092
2.2112
2.212
2.2124
2.2108
2.2092
2.2128
2.2068
2.2108
2.2068
2.214
2.21
2.2104
2.2104
2.2108
2.2088
2.2096
2.2092
2.2128
2.212
2.2124
2.21
2.2124
2.2116
2.2076
2.21
2.2104
2.2076
2.212
2.2092
2.2136
2.2088
2.21
2.2088
2.2088
2.2096
2.2092
2.2088
2.21
2.2084
2.2128
2.208
2.2104
2.2072
2.212
2.2112
2.2104
2.2088
2.208
2.2092
2.212
2.2052
2.2116
2.2092
2.2108
2.2088
2.2084
2.2076
2.2112
2.2092
2.2084
2.2112
2.2116
2.208
2.2072
2.2088
2.2116
2.2084
2.2112
2.2072
2.2056
2.206
2.2092
2.2048
2.214
2.2108
2.2088
2.2096
2.2132
2.2076
2.2124
2.2096
2.2088
2.2096
2.2124
2.2136
2.2132
2.2096
2.2124
2.2092
2.212
2.21
2.2104
2.2096
2.21
2.2092
2.2088
2.2068
2.2116
2.21
2.2096
2.2084
2.21
2.2064
2.2104
2.2076
2.21
2.2072
2.2076
2.2052
2.2076
2.2088
2.2096
2.2092
2.2092
2.2052
2.2076
2.2076
2.208
2.2112
2.2096
2.2084
2.212
2.2092
2.2128
2.2084
2.2108
2.2104
2.2168
2.2072
2.2084
2.2064
2.2088
2.2088
2.2076
2.2088
2.2108
2.2092
2.208
2.2092
2.2092
2.2076
2.208
2.208
2.2108
2.208
2.2084
2.2092
2.2068
2.2076
2.2124
2.2076
2.212
2.208
2.2112
2.208
2.2088
2.2076
2.214
2.2096
2.212
2.2116
2.2104
2.2104
2.21
2.2072
2.2076
2.2104
2.2104
2.2084
2.2092
2.206
2.2108
2.2072
2.21
2.2104
2.2088
2.208
2.208
2.2112
2.2104
2.208
2.2104
2.2068
2.2096
2.2084
2.2092
2.21
2.2064
2.2108
2.2108
2.208
2.2108
2.208
2.2096
2.2104
2.2072
2.2068
2.2104
2.2088
2.2064
2.2084
2.2104
2.2072
2.2124
2.2076
2.2112
2.2104
2.2088
2.2064
2.2064
2.2056
2.2056
2.2108
2.2096
2.2056
2.206
2.2068
2.2108
2.2072
2.2084
2.2088
2.2116
2.2112
2.2096
2.2088
2.2104
2.2084
2.21
2.208
2.2064
2.2104
2.2068
2.2064
2.2136
2.2084
2.2076
2.2064
2.2116
2.2084
2.2084
2.2092
2.2076
2.2064
2.2088
2.208
2.2064
2.2084
2.2072
2.208
2.21
2.2092
2.208
2.2072
2.2056
2.2048
2.2076
2.2068
2.2096
2.204
2.2064
2.2052
2.208
2.2032
2.2056
2.2072
2.2092
2.2096
2.2032
2.2096
2.208
2.2064
2.2112
2.208
2.2112
2.2064
2.206
2.2092
2.2092
2.2056
2.2068
2.2068
2.212
2.208
2.2088
2.208
2.2088
2.206
2.2096
2.21
2.212
2.2072
2.2076
2.2068
2.2096
2.2076
2.2068
2.2052
2.2092
2.2076
2.2076
2.2076
2.2064
2.2072
2.2112
2.2084
2.2104
2.2076
2.2076
2.204
2.208
2.2092
2.2072
2.21
2.2076
2.208
2.2096
2.208
2.2076
2.2056
2.2096
2.2048
2.2076
2.2084
2.2052
2.208
2.2072
2.2056
2.21
2.2064
2.2072
2.2052
2.2072
2.2076
2.2064
2.2092
2.2104
2.2048
2.2028
2.2084
2.208
2.2044
2.2056
2.204
2.2056
2.2068
2.2092
2.2052
2.206
2.2056
2.2068
2.2076
2.2048
2.2088
2.208
2.2032
2.2084
2.2048
2.2088
2.2076
2.2092
2.2084
2.2116
2.2068
2.2064
2.2052
2.2084
2.2092
2.2112
2.2068
2.2072
2.2052
2.2072
2.2048
2.2084
2.2044
2.2092
2.208
2.2116
2.208
2.208
2.2056
2.2076
2.2092
2.2092
2.208
2.212
2.2096
2.2084
2.2064
2.208
2.2084
2.2088
2.2052
2.2112
2.2064
2.2104
2.2096
2.2056
2.2076
2.2096
2.2068
2.2096
2.206
2.21
2.2072
2.2072
2.2068
2.208
2.2072
2.2092
2.2072
2.2072
2.2044
2.2044
2.2076
2.2084
2.2056
2.2048
2.2048
2.2096
2.2064
2.2068
2.2036
2.2084
2.2048
2.2072
2.2072
2.204
2.2068
2.208
2.2044
2.208
2.2048
2.2096
2.2028
2.2076
2.2064
2.2068
2.2056
2.2108
2.2044
2.2088
2.2088
2.2056
2.2092
2.2108
2.2068
2.2072
2.2048
2.2072
2.2036
2.2048
2.208
2.206
2.2084
2.2084
2.2068
2.2048
2.202
2.2064
2.2052
2.2072
2.2072
2.2044
2.2056
2.2072
2.2048
2.2032
2.206
2.204
2.2072
2.208
2.2032
2.2084
2.2052
2.2048
2.206
2.2072
2.2048
2.2068
2.2072
2.206
2.2052
2.2028
2.204
2.206
2.2052
2.2084
2.2064
2.2056
2.2088
2.2088
2.2044
2.2104
2.2076
2.2072
2.2052
2.206
2.2072
2.2044
2.2052
2.2072
2.2072
2.208
2.206
2.2032
2.2012
2.2044
2.2032
2.208
2.2056
2.206
2.2032
2.2064
2.2068
2.204
2.2044
2.2068
2.2036
2.2044
2.2024
2.2068
2.2068
2.2028
2.2036
2.206
2.2036
2.2056
2.2064
2.2052
2.204
2.2032
2.204
2.2044
2.202
2.2064
2.2048
2.2032
2.2048
2.2044
2.2052
2.2052
2.2048
2.2072
2.206
2.2052
2.2028
2.2036
2.2048
2.2068
2.2036
2.2064
2.2012
2.2052
2.202
2.2028
2.2064
2.2036
2.2036
2.2072
2.2028
2.2044
2.204
2.2056
2.2036
2.2068
2.2056
2.2064
2.208
2.2056
2.2048
2.2084
2.2068
2.2056
2.2048
2.2028
2.204
2.2044
2.2048
2.2032
2.2048
2.2032
2.204
2.2036
2.2036
2.2072
2.204
2.206
2.2052
2.204
2.204
2.208
2.2052
2.2072
2.2064
2.2064
2.2044
2.2072
2.2024
2.2068
2.2032
2.2036
2.202
2.2016
2.2052
2.204
2.2044
2.2056
2.2068
2.204
2.202
2.206
2.2036
2.204
2.2044
2.2064
2.2012
2.2028
2.2036
2.2052
2.2024
2.2024
2.2028
2.2028
2.2056
2.2064
2.2056
2.202
2.2004
2.2036
2.2024
2.2072
2.2032
2.2008
2.2052
2.2052
2.2044
2.2056
2.2028
2.208
2.2048
2.2044
2.2032
2.2036
2.206
2.2028
2.2036
2.2048
2.204
2.2028
2.202
2.2056
2.2028
2.2104
2.2028
2.2036
2.2068
2.2032
2.204
2.2052
2.2024
2.206
2.202
2.2064
2.202
2.2052
2.2028
2.2036
2.2008
2.2032
2.2012
2.2028
2.2024
2.2024
2.202
2.2032
2.2056
2.2036
2.2028
2.2064
2.2024
2.2028
2.2032
2.2024
2.202
2.2028
2.2036
2.204
2.2044
2.2032
2.1992
2.2068
2.2028
2.204
2.2028
2.2028
2.2052
2.2044
2.2012
2.2016
2.1996
2.2012
2.1992
2.202
2.2036
2.2012
2.2008
2.2024
2.1996
2.2028
2.2
2.2044
2.2032
2.2012
2.204
2.2032
2.2008
2.2036
2.2028
2.1984
2.2024
2.2032
2.2036
2.2044
2.1996
2.2028
2.2024
2.2032
2.2004
2.2024
2.2008
2.2004
2.2008
2.204
2.2024
2.2036
2.2024
2.2036
2.198
2.2048
2.2036
2.2004
2.2008
2.2028
2.2044
2.2028
2.2004
2.2032
2.1996
2.2036
2.1988
2.2032
2.202
2.2024
2.2004
2.2024
2.2052
2.2028
2.2028
2.1992
2.2024
2.204
2.202
2.2
2.2016
2.1992
2.1996
2.2004
2.1992
2.2028
2.1984
2.2044
2.2016
2.2036
2.2016
2.1996
2.2016
2.2044
2.1988
2.2004
2.2004
2.2012
2.2036
2.202
2.2008
2.2044
2.2028
2.2016
2.2004
2.2024
2.1984
2.2024
2.2024
2.2008
2.2016
2.202
2.2016
2.2008
2.2024
2.2036
2.1988
2.2024
2.1984
2.2004
2.1992
2.202
2.204
2.2024
2.2
2.2
2.1972
2.1992
2.202
2.2012
2.2004
2.2028
2.2008
2.202
2.2024
2.1984
2.2004
2.2012
2.1984
2.2
2.2012
2.2016
2.2
2.2052
2.198
2.2012
2.2012
2.2024
2.202
2.2008
2.2
2.2008
2.1992
2.2
2.202
2.1984
2.1984
2.2
2.1972
2.1992
2.2004
2.202
2.2032
2.2016
2.1964
2.2028
2.2008
2.2004
2.2004
2.2
2.1964
2.198
2.204
2.1996
2.2024
2.1992
2.2008
2.2008
2.198
2.2012
2.1996
2.2
2.2012
2.204
2.1996
2.204
2.2012
2.2032
2.2016
2.2008
2.2012
2.1976
2.2016
2.2028
2.1992
2.2032
2.1976
2.1996
2.1996
2.1976
2.2008
2.2048
2.1996
2.2008
2.1996
2.2008
2.2028
2.2004
2.1984
2.1992
2.2008
2.1996
2.1988
2.2
2.1976
2.1996
2.1968
2.2016
2.1996
2.1976
2.1988
2.2004
2.1968
2.2
2.2
2.202
2.2
2.2012
2.2008
2.2016
2.1996
2.1996
2.2008
2.2004
2.1992
2.2008
2.1996
2.2004
2.2012
2.202
2.2004
2.2008
2.2004
2.1996
2.1968
2.1996
2.2
2.1996
2.2004
2.2016
2.2
2.2
2.1992
2.2016
2.1968
2.1996
2.196
2.2
2.2008
2.2
2.1988
2.2
2.1984
2.2024
2.1968
2.1988
2.1964
2.2008
2.1968
2.2004
2.1972
2.2008
2.2008
2.2004
2.2008
2.1984
2.1936
2.1992
2.2
2.202
2.1972
2.1988
2.1948
2.2008
2.1996
2.1984
2.1972
2.196
2.1996
2.2
2.1972
2.1984
2.198
2.2012
2.202
2.1992
2.1964
2.1984
2.2
2.1972
2.1984
2.2008
2.1968
2.1984
2.1976
2.196
2.198
2.198
2.1968
2.1988
2.2012
2.1992
2.198
2.2024
2.1988
2.202
2.1996
2.2024
2.1976
2.2016
2.198
2.1988
2.2012
2.1976
2.2024
2.2008
2.2004
2.2012
2.1984
2.2004
2.196
2.1972
2.1964
2.1988
2.198
2.2004
2.1984
2.1976
2.1964
2.198
2.1964
2.1988
2.198
2.198
2.2
2.2
2.2024
2.2004
2.1972
2.1972
2.1932
2.1956
2.1964
2.1984
2.1996
2.1968
2.1952
2.196
2.1992
2.1972
2.198
2.198
2.1976
2.1988
2.194
2.1988
2.1972
2.2
2.1976
2.1988
2.1968
2.2008
2.1976
2.2004
2.1972
2.1948
2.2
2.196
2.1956
2.198
2.1988
2.1988
2.1988
2.1972
2.1988
2.1972
2.1984
2.2016
2.198
2.2008
2.1968
2.1984
2.198
2.1988
2.1972
2.1992
2.1988
2.198
2.1952
2.1948
2.1932
2.1968
2.2012
2.1956
2.1968
2.196
2.1992
2.2008
2.196
2.2024
2.1976
2.1984
2.1976
2.1988
2.1984
2.1988
2.1948
2.1972
2.1964
2.1992
2.1968
2.1976
2.1956
2.2012
2.1944
2.1976
2.1992
2.1992
2.1972
2.2004
2.1972
2.2004
2.1992
2.2
2.198
2.196
2.2
2.1976
2.1968
2.1988
2.1964
2.1992
2.1992
2.1976
2.2
2.1996
2.1964
2.194
2.1976
2.1968
2.198
2.1988
2.1976
2.1996
2.198
2.1984
2.196
2.1972
2.2
2.1976
2.1972
2.1972
2.2004
2.1972
2.1992
2.1988
2.1992
2.1988
2.198
2.1996
2.196
2.1956
2.1924
2.1976
2.194
2.1988
2.1988
2.1952
2.198
2.198
2.1972
2.1988
2.198
2.2
2.2004
2.1964
2.198
2.1952
2.1996
2.1976
2.198
2.1952
2.1972
2.1992
2.2016
2.1992
2.1988
2.2
2.2012
2.1992
2.1968
2.1988
2.196
2.1964
2.1984
2.2
2.1984
2.196
2.1988
2.1992
2.1956
2.1984
2.198
2.1976
2.1948
2.1976
2.1964
2.2008
2.2004
2.1992
2.1952
2.1952
2.1996
2.2004
2.1964
2.1992
2.1976
2.1924
2.1992
2.196
2.1964
2.1988
2.1956
2.1984
2.1968
2.1976
2.1996
2.196
2.1976
2.1972
2.1976
2.1972
2.194
2.2008
2.1964
2.1976
2.1972
2.1964
2.1988
2.1964
2.1932
2.1944
2.1972
2.1976
2.1984
2.1992
2.1968
2.1968
2.1968
2.1964
2.2008
2.1992
2.1924
2.1988
2.1972
2.1996
2.198
2.1948
2.1932
2.1972
2.1948
2.1988
2.1972
2.198
2.194
2.1952
2.1992
2.1968
2.198
2.1964
2.1956
2.2008
2.1968
2.1976
2.2004
2.2016
2.1936
2.2008
2.198
2.1976
2.196
2.1924
2.1964
2.1964
2.1964
2.1956
2.1956
2.1948
2.1956
2.1956
2.1944
2.1956
2.196
2.194
2.194
2.1936
2.1944
2.1976
2.1972
2.1968
2.1952
2.1956
2.1964
2.1972
2.1952
2.1984
2.1972
2.1948
2.1968
2.1976
2.1956
2.1964
2.1956
2.1992
2.1964
2.196
2.1976
2.1952
2.1976
2.1956
2.194
2.194
2.1968
2.1972
2.1968
2.1964
2.1972
2.1968
2.196
2.1936
2.1948
2.196
2.1952
2.198
2.2
2.1988
2.196
2.196
2.1948
2.1964
2.1944
2.2
2.1956
2.1924
2.1984
2.1976
2.1932
2.1972
2.194
2.1964
2.1976
2.1964
2.1928
2.1956
2.1932
2.1952
2.1952
2.194
2.1928
2.1944
2.1924
2.1952
2.1976
2.1964
2.1984
2.1928
2.1948
2.1964
2.1944
2.1948
2.1972
2.1956
2.1964
2.1936
2.198
2.1972
2.1944
2.1936
2.1964
2.1976
2.1936
2.194
2.1916
2.1972
2.1952
2.196
2.1976
2.1928
2.194
2.1952
2.192
2.1972
2.1968
2.194
2.198
2.1972
2.1944
2.1932
2.1916
2.1984
2.1972
2.1884
2.1936
2.192
2.192
2.1952
2.192
2.1928
2.1956
2.1932
2.1928
2.198
2.1968
2.1936
2.1932
2.1952
2.1964
2.1952
2.196
2.1928
2.1936
2.1936
2.192
2.1932
2.1924
2.1944
2.1924
2.1936
2.1936
2.1932
2.19
2.1936
2.192
2.1924
2.1932
2.1936
2.1928
2.1932
2.1928
2.1928
2.1932
2.1968
2.1936
2.1932
2.1936
2.1936
2.1916
2.1932
2.192
2.1932
2.192
2.1956
2.1956
2.192
2.1944
2.1964
2.1932
2.1932
2.1928
2.194
2.1924
2.1932
2.1944
2.194
2.1944
2.194
2.1916
2.1964
2.1948
2.1924
2.1952
2.196
2.1928
2.1956
2.1912
2.1916
2.1936
2.1916
2.1916
2.1908
2.1884
2.1948
2.1948
2.1944
2.1872
2.1948
2.1932
2.1924
2.1948
2.1936
2.192
2.1944
2.1952
2.1952
2.1988
2.1976
2.1948
2.1912
2.1928
2.1964
2.192
2.1948
2.1904
2.1912
2.1916
2.1952
2.1904
2.196
2.1928
2.1944
2.192
2.1948
2.192
2.1928
2.1932
2.1992
2.196
2.1924
2.1912
2.1972
2.1928
2.1912
2.1932
2.1948
2.1964
2.1944
2.1872
2.194
2.1948
2.1948
2.1912
2.1916
2.1948
2.198
2.1912
2.1936
2.1912
2.1896
2.1932
2.196
2.1908
2.1948
2.1912
2.192
2.1916
2.1944
2.1924
2.1928
2.1904
2.1928
2.1936
2.1956
2.1896
2.194
2.192
2.19
2.192
2.1936
2.1924
2.1944
2.1892
2.1908
2.1932
2.1944
2.1944
2.1908
2.1928
2.1972
2.1916
2.1952
2.1932
2.1956
2.1968
2.192
2.1944
2.1908
2.192
2.1932
2.1916
2.1944
2.1892
2.1928
2.1892
2.1912
2.1928
2.1936
2.1904
2.1932
2.1924
2.1936
2.1896
2.1896
2.1924
2.192
2.1912
2.1912
2.1916
2.1936
2.1916
2.1944
2.19
2.1936
2.19
2.1912
2.1936
2.1916
2.1904
2.1908
2.1932
2.1924
2.1872
2.1928
2.1888
2.194
2.1916
2.1932
2.1916
2.1916
2.1924
2.1908
2.1908
2.1924
2.194
2.1928
2.1944
2.1944
2.1924
2.194
2.1888
2.1924
2.1928
2.1936
2.1948
2.1932
2.1928
2.194
2.1896
2.196
2.1948
2.1908
2.194
2.1912
2.192
2.1924
2.192
2.1924
2.1912
2.1936
2.1932
2.1896
2.1904
2.19
2.1912
2.192
2.1888
2.1952
2.19
2.1908
2.19
2.194
2.1916
2.1896
2.19
2.1928
2.1924
2.198
2.1908
2.1916
2.1936
2.1896
2.1908
2.1956
2.192
2.1956
2.1912
2.1896
2.1888
2.1908
2.1904
2.192
2.1916
2.1916
2.192
2.1944
2.1904
2.1904
2.1892
2.1908
2.1892
2.19
2.1892
2.194
2.1884
2.1956
2.1932
2.1904
2.194
2.19
2.1912
2.1936
2.1904
2.1924
2.1884
2.1932
2.192
2.1924
2.1928
2.192
2.188
2.1912
2.192
2.1936
2.1924
2.1908
2.1908
2.1932
2.1888
2.1888
2.1908
2.192
2.1888
2.1908
2.1924
2.192
2.1856
2.1904
2.1904
2.19
2.1928
2.1952
2.1904
2.194
2.1924
2.1932
2.1896
2.1912
2.1932
2.1944
2.1944
2.1924
2.1932
2.1928
2.1928
2.1916
2.1932
2.192
2.1908
2.1968
2.1888
2.1924
2.1892
2.1908
2.1908
2.1924
2.1908
2.1924
2.1888
2.1904
2.1904
2.1912
2.1908
2.1912
2.1884
2.1896
2.19
2.1928
2.19
2.1924
2.1908
2.1892
2.1944
2.194
2.1904
2.1912
2.1904
2.1932
2.194
2.1904
2.1924
2.1884
2.1924
2.1936
2.1908
2.1928
2.1916
2.1904
2.1892
2.1908
2.192
2.19
2.1932
2.1928
2.1888
2.1908
2.1924
2.1892
2.1932
2.1928
2.1872
2.1912
2.1916
2.1876
2.1928
2.1908
2.1888
2.1924
2.1904
2.1904
2.192
2.1896
2.1912
2.1884
2.1888
2.1924
2.19
2.1952
2.1924
2.1924
2.19
2.1916
2.194
2.1912
2.1928
2.19
2.1916
2.1924
2.1876
2.196
2.1876
2.1932
2.1904
2.1908
2.1936
2.1924
2.1912
2.1924
2.19
2.1916
2.1912
2.19
2.1884
2.1896
2.1888
2.1916
2.1884
2.1908
2.19
2.1956
2.1904
2.1932
2.1908
2.1884
2.194
2.192
2.192
2.1928
2.1916
2.1916
2.1912
2.19
2.1896
2.1916
2.1912
2.1908
2.192
2.1892
2.188
2.1896
2.1892
2.1936
2.1924
2.1908
2.1936
2.1896
2.1908
2.1888
2.1904
2.19
2.1856
2.19
2.1928
2.1888
2.188
2.192
2.1884
2.19
2.1904
2.19
2.1904
2.1896
2.1888
2.1916
2.1888
2.1872
2.19
2.192
2.1868
2.1912
2.1896
2.1936
2.1908
2.1912
2.1928
2.1956
2.192
2.1896
2.1872
2.1864
2.1888
2.1912
2.1888
2.194
2.1868
2.192
2.1904
2.1912
2.1928
2.1908
2.1888
2.192
2.188
2.1904
2.1936
2.1904
2.1924
2.1908
2.1884
2.1884
2.1924
2.1892
2.1884
2.1896
2.1868
2.1888
2.1904
2.1912
2.1904
2.1892
2.1896
2.1908
2.1872
2.1888
2.188
2.19
2.188
2.1876
2.1928
2.1936
2.1856
2.192
2.188
2.1896
2.1908
2.1896
2.1912
2.1908
2.1888
2.1936
2.192
2.1892
2.1916
2.1888
2.186
2.1908
2.1884
2.1904
2.1904
2.1904
2.19
2.1912
2.1932
2.1924
2.1928
2.1924
2.1912
2.1892
2.1924
2.1888
2.1924
2.1908
2.1892
2.1928
2.1864
2.1888
2.1852
2.1876
2.1916
2.1892
2.1884
2.1924
2.1872
2.1896
2.1892
2.1912
2.1892
2.192
2.1908
2.1888
2.1868
2.1916
2.1892
2.19
2.1892
2.188
2.1924
2.1908
2.1884
2.1912
2.1928
2.1912
2.1904
2.1864
2.1864
2.1896
2.188
2.1908
2.1908
2.1888
2.1908
2.1892
2.1932
2.1924
2.1916
2.1924
2.1884
2.188
2.1868
2.186
2.186
2.1888
2.1884
2.192
2.1892
2.188
2.1884
2.1876
2.1912
2.192
2.1872
2.1896
2.1876
2.1868
2.1864
2.1896
2.1876
2.1896
2.1904
2.1896
2.1892
2.1896
2.1896
2.1908
2.1888
2.19
2.1908
2.188
2.1892
2.1908
2.1908
2.1904
2.1888
2.1896
2.1872
2.188
2.19
2.1912
2.1896
2.19
2.19
2.1924
2.1884
2.192
2.1936
2.1864
2.1928
2.1924
2.1896
2.1908
2.1872
2.1872
2.1868
2.1856
2.188
2.1896
2.1868
2.1872
2.1896
2.1888
2.1884
2.1876
2.1844
2.1872
2.1872
2.1892
2.19
2.1924
2.1868
2.1896
2.188
2.1872
2.1892
2.188
2.1888
2.186
2.1848
2.1904
2.1888
2.1864
2.1896
2.1896
2.1848
2.1876
2.1896
2.1904
2.1864
2.1928
2.1884
2.19
2.1856
2.1908
2.188
2.1892
2.1892
2.1884
2.1912
2.1868
2.1864
2.1912
2.1868
2.188
2.1876
2.1892
2.186
2.19
2.1852
2.1868
2.1876
2.1908
2.1884
2.188
2.1868
2.1884
2.1852
2.1876
2.1888
2.1868
2.1876
2.1884
2.19
2.1856
2.1892
2.186
2.1852
2.188
2.1864
2.19
2.1848
2.1892
2.186
2.1888
2.188
2.1876
2.1892
2.1916
2.1868
2.1884
2.1876
2.1876
2.1896
2.1864
2.1892
2.1892
2.1852
2.1892
2.1856
2.192
2.1896
2.1884
2.1864
2.1888
2.1908
2.1884
2.1864
2.1888
2.186
2.1884
2.188
2.1884
2.1896
2.1884
2.1884
2.1832
2.1864
2.1916
2.1864
2.1876
2.1844
2.184
2.186
2.1892
2.1868
2.188
2.1872
2.1896
2.1844
2.19
2.1836
2.188
2.186
2.1884
2.1876
2.1912
2.19
2.1872
2.1856
2.1848
2.1892
2.1888
2.1864
2.1888
2.186
2.1892
2.1864
2.186
2.1904
2.1872
2.1892
2.188
2.1884
2.19
2.1848
2.1876
2.1852
2.184
2.1852
2.186
2.1832
2.1844
2.1864
2.1868
2.188
2.1876
2.1896
2.1864
2.1892
2.1892
2.188
2.1864
2.1884
2.1888
2.1868
2.1864
2.1848
2.186
2.1848
2.1884
2.1868
2.1896
2.1856
2.1892
2.186
2.1868
2.188
2.1888
2.1836
2.1848
2.1848
2.1856
2.1868
2.188
2.1872
2.1888
2.1848
2.1868
2.1864
2.1868
2.1856
2.1896
2.188
2.1864
2.1872
2.1876
2.1852
2.1904
2.1848
2.1884
2.1836
2.1876
2.1852
2.1892
2.1836
2.1872
2.186
2.1856
2.1828
2.1856
2.19
2.1892
2.1844
2.1856
2.1864
2.1868
2.1868
2.1872
2.1856
2.186
2.1836
2.1884
2.1844
2.1832
2.1836
2.1844
2.184
2.186
2.1864
2.1876
2.1852
2.1852
2.1844
2.186
2.1852
2.186
2.1868
2.1904
2.1856
2.188
2.188
2.186
2.188
2.1864
2.1832
2.1896
2.1896
2.1824
2.1832
2.1844
2.1832
2.1852
2.188
2.1836
2.1864
2.1884
2.1828
2.1832
2.1872
2.1868
2.186
2.188
2.1844
2.1864
2.1816
2.1864
2.1832
2.1844
2.184
2.1856
2.1828
2.186
2.1852
2.1868
2.184
2.1852
2.1848
2.1876
2.1872
2.1896
2.1852
2.1844
2.1872
2.182
2.186
2.1872
2.1848
2.1848
2.186
2.186
2.1856
2.1868
2.1868
2.186
2.1852
2.1844
2.1836
2.1884
2.1876
2.188
2.1868
2.1872
2.1868
2.184
2.1864
2.1828
2.184
2.1852
2.1872
2.1868
2.1828
2.19
2.1848
2.1888
2.1872
2.1856
2.1848
2.1836
2.1824
2.1868
2.1824
2.1884
2.1836
2.1872
2.1828
2.19
2.182
2.1872
2.184
2.1852
2.1836
2.1852
2.186
2.1832
2.1832
2.188
2.1828
2.186
2.1864
2.1864
2.186
2.1836
2.1852
2.1876
2.1828
2.186
2.1852
2.182
2.184
2.186
2.1812
2.188
2.1828
2.1868
2.1868
2.1864
2.184
2.1856
2.184
2.186
2.1832
2.1864
2.1844
2.186
2.184
2.1872
2.1848
2.186
2.1872
2.1848
2.182
2.184
2.1852
2.1848
2.1872
2.1888
2.1892
2.188
2.1844
2.1864
2.1832
2.1844
2.186
2.1832
2.182
2.186
2.184
2.1844
2.1832
2.1828
2.1828
2.1832
2.1812
2.1884
2.1824
2.1836
2.1804
2.1828
2.184
2.1852
2.184
2.1836
2.1832
2.1824
2.1812
2.188
2.1824
2.1832
2.186
2.1824
2.1832
2.1856
2.1816
2.1872
2.1808
2.1844
2.186
2.182
2.1868
2.1864
2.1812
2.184
2.1848
2.18
2.1812
2.1832
2.1828
2.1872
2.1808
2.1856
2.1836
2.1844
2.1848
2.1856
2.1824
2.186
2.184
2.1848
2.1864
2.1864
2.1828
2.1844
2.1816
2.1848
2.1844
2.1856
2.1796
2.1832
2.178
2.1844
2.1836
2.1844
2.1796
2.182
2.1824
2.1828
2.1816
2.1796
2.1812
2.188
2.1832
2.184
2.1844
2.1844
2.1844
2.1856
2.1816
2.1852
2.1816
2.1844
2.1848
2.1852
2.1824
2.1832
2.182
2.1832
2.1812
2.1848
2.182
2.1848
2.1852
2.1868
2.182
2.1832
2.1832
2.1832
2.1868
2.1824
2.184
2.1852
2.1824
2.1908
2.1812
2.1824
2.1844
2.1808
2.1808
2.186
2.1812
2.1828
2.1828
2.182
2.1848
2.1836
2.182
2.1832
2.182
2.1864
2.1848
2.1828
2.1844
2.1848
2.1816
2.1864
2.18
2.1816
2.1812
2.1844
2.1804
2.1816
2.1828
2.1832
2.1848
2.1828
2.1804
2.1844
2.1824
2.1792
2.1796
2.186
2.182
2.1852
2.1824
2.184
2.1828
2.1856
2.1836
2.1836
2.1848
2.1824
2.1824
2.1828
2.1836
2.1844
2.18
2.1848
2.1812
2.1832
2.1808
2.1836
2.1824
2.1808
2.1836
2.182
2.182
2.184
2.1796
2.182
2.1804
2.1812
2.182
2.1852
2.1812
2.1804
2.184
2.1836
2.1804
2.184
2.1836
2.184
2.1836
2.1836
2.1832
2.1852
2.1804
2.1816
2.1788
2.1844
2.178
2.1864
2.18
2.1828
2.1796
2.1868
2.18
2.1832
2.1844
2.1828
2.1824
2.184
2.1812
2.1824
2.1816
2.1844
2.1852
2.1816
2.1804
2.1836
2.18
2.1844
2.18
2.1808
2.182
2.1828
2.1812
2.184
2.1804
2.1816
2.1816
2.1856
2.1792
2.18
2.1852
2.1804
2.1816
2.1812
2.1812
2.1864
2.1828
2.1852
2.1836
2.1848
2.1812
2.1812
2.1812
2.186
2.1836
2.1836
2.1828
2.1816
2.18
2.1828
2.1808
2.1824
2.1796
2.1796
2.18
2.1812
2.1804
2.1848
2.1816
2.1816
2.1832
2.1812
2.1812
2.184
2.1836
2.1804
2.1832
2.1796
2.1784
2.1816
2.1812
2.1828
2.18
2.1832
2.18
2.1844
2.1812
2.178
2.1812
2.1784
2.1804
2.1816
2.1816
2.1832
2.1792
2.1832
2.1788
2.186
2.1848
2.1832
2.1812
2.1816
2.1796
2.1816
2.1792
2.1832
2.1816
2.186
2.1808
2.1844
2.1772
2.1832
2.1796
2.1824
2.1816
2.1816
2.1788
2.1792
2.1792
2.1832
2.1804
2.1832
2.1812
2.18
2.1828
2.182
2.1784
2.1804
2.182
2.1832
2.18
2.182
2.182
2.1804
2.1808
2.178
2.1796
2.1816
2.1804
2.1832
2.1816
2.1812
2.1812
2.1796
2.1796
2.1796
2.1808
2.1856
2.1808
2.1796
2.1792
2.1804
2.1828
2.1796
2.1748
2.1804
2.1812
2.1844
2.1828
2.1816
2.1788
2.1816
2.1776
2.182
2.18
2.1824
2.1828
2.18
2.1792
2.182
2.1788
2.1804
2.18
2.1832
2.1836
2.1844
2.1792
2.1836
2.1788
2.1836
2.1784
2.18
2.1824
2.1836
2.1828
2.1824
2.1816
2.18
2.1804
2.182
2.1824
2.182
2.1808
2.1828
2.1784
2.1856
2.178
2.1788
2.1776
2.1784
2.1776
2.1792
2.178
2.1808
2.1804
2.1816
2.1804
2.1816
2.1812
2.1808
2.1776
2.182
2.182
2.1824
2.1812
2.1784
2.178
2.1828
2.1796
2.1808
2.1788
2.1796
2.1776
2.1824
2.1804
2.18
2.176
2.1832
2.1792
2.1836
2.1808
2.1824
2.1784
2.1804
2.1788
2.1804
2.1784
2.1824
2.1808
2.1828
2.1776
2.1816
2.1772
2.1804
2.1804
2.1792
2.178
2.1768
2.1824
2.1808
2.1772
2.1828
2.1764
2.1828
2.182
2.1796
2.1784
2.1828
2.1776
2.18
2.1788
2.1808
2.18
2.1832
2.18
2.1836
2.1784
2.1788
2.1784
2.18
2.1744
2.1808
2.178
2.1768
2.1764
2.1808
2.1816
2.1816
2.18
2.1812
2.1776
2.1808
2.1816
2.1804
2.1784
2.1816
2.1784
2.18
2.18
2.18
2.1792
2.1784
2.1788
2.1792
2.1788
2.1796
2.1816
2.1792
2.1796
2.1784
2.1772
2.184
2.1784
2.1868
2.1756
2.1808
2.1788
2.1788
2.182
2.1828
2.1788
2.18
2.1788
2.1796
2.1804
2.1856
2.1792
2.1832
2.1808
2.1788
2.1784
2.1832
2.1816
2.18
2.1792
2.1828
2.1776
2.1796
2.1808
2.1784
2.178
2.1788
2.1776
2.1816
2.1796
2.18
2.1776
2.182
2.1792
2.1812
2.1796
2.1796
2.1792
2.182
2.1764
2.18
2.1784
2.1828
2.1748
2.1788
2.1772
2.1792
2.1796
2.1792
2.1804
2.1812
2.1812
2.1796
2.1804
2.1792
2.178
2.182
2.1804
2.182
2.1788
2.1756
2.1796
2.1788
2.1756
2.1796
2.1792
2.178
2.1772
2.1796
2.1768
2.18
2.1788
2.1808
2.1792
2.1796
2.1772
2.1788
2.1772
2.1816
2.1796
2.1776
2.1792
2.1792
2.1764
2.1788
2.1784
2.1812
2.1792
2.1784
2.1792
2.1788
2.176
2.1844
2.178
2.1812
2.1776
2.1812
2.1784
2.1788
2.1784
2.1816
2.1776
2.182
2.1828
2.1812
2.1796
2.178
2.1784
2.1804
2.1776
2.1816
2.1784
2.1804
2.178
2.1768
2.1796
2.1788
2.1804
2.178
2.1804
2.1832
2.1764
2.1796
2.1796
2.1812
2.1796
2.18
2.1768
2.18
2.1768
2.1816
2.1768
2.1784
2.1808
2.1788
2.1808
2.1816
2.178
2.18
2.1828
2.1792
2.18
2.1784
2.1728
2.1836
2.1788
2.1788
2.1804
2.1788
2.1796
2.18
2.1792
2.176
2.1788
2.1808
2.176
2.182
2.1784
2.1772
2.1756
2.1796
2.1788
2.1812
2.1812
2.1768
2.1796
2.18
2.1804
2.1804
2.1788
2.1788
2.1776
2.1772
2.1808
2.1768
2.1804
2.1768
2.18
2.1836
2.1748
2.182
2.1736
2.1788
2.1768
2.1792
2.1784
2.1816
2.1776
2.1756
2.1788
2.1792
2.1768
2.1784
2.1772
2.1784
2.1784
2.1792
2.178
2.1804
2.176
2.1804
2.1748
2.1796
2.1792
2.1796
2.18
2.1812
2.1772
2.1832
2.1808
2.1796
2.1772
2.1812
2.178
2.1796
2.18
2.1788
2.1824
2.1784
2.176
2.18
2.174
2.1792
2.1792
2.178
2.1784
2.1792
2.178
2.1804
2.1768
2.1788
2.1756
2.1784
2.1796
2.184
2.1784
2.1844
2.1776
2.1776
2.1776
2.1808
2.1764
2.1804
2.1744
2.1792
2.18
2.1756
2.1784
2.1788
2.1732
2.18
2.1732
2.1772
2.1792
2.1756
2.1784
2.1796
2.1772
2.18
2.1752
2.1776
2.1768
2.176
2.1752
2.1796
2.1756
2.1772
2.1776
2.1768
2.178
2.1788
2.1752
2.1776
2.1756
2.178
2.1776
2.1752
2.18
2.1816
2.1752
2.18
2.178
2.1768
2.176
2.1768
2.1756
2.1764
2.1752
2.1796
2.1768
2.1768
2.1788
2.178
2.1788
2.1808
2.1796
2.1776
2.178
2.178
2.1756
2.1804
2.1764
2.1788
2.176
2.18
2.1792
2.1764
2.176
2.1812
2.1764
2.1776
2.176
2.1784
2.1776
2.1764
2.1732
2.1788
2.1784
2.1744
2.1772
2.1824
2.1748
2.1764
2.1764
2.1752
2.1756
2.1788
2.1776
2.1784
2.1768
2.176
2.176
2.1792
2.1744
2.176
2.1732
2.1768
2.1764
2.1784
2.1736
2.1764
2.1772
2.1772
2.174
2.1808
2.1772
2.1788
2.1756
2.1772
2.1788
2.176
2.1744
2.178
2.1768
2.1752
2.178
2.1792
2.1768
2.1788
2.1764
2.1808
2.1804
2.1804
2.1788
2.1784
2.1752
2.1776
2.1772
2.1788
2.1816
2.1792
2.1776
2.18
2.1788
2.1788
2.174
2.1736
2.1748
2.1804
2.1764
2.1776
2.176
2.1748
2.1756
2.1772
2.1784
2.1776
2.1736
2.1752
2.1768
2.1788
2.1776
2.1796
2.1744
2.1748
2.1748
2.1796
2.18
2.1788
2.1748
2.1788
2.1776
2.1788
2.1784
2.1784
2.176
2.1784
2.1768
2.1792
2.1784
2.178
2.1756
2.1784
2.1788
2.1764
2.1744
2.1772
2.1768
2.1748
2.1712
2.1768
2.1748
2.1776
2.174
2.1772
2.1788
2.1736
2.174
2.1768
2.1736
2.1764
2.174
2.1788
2.1768
2.1784
2.1744
2.1772
2.1784
2.178
2.1772
2.1768
2.174
2.1736
2.1752
2.1788
2.1756
2.176
2.1744
2.178
2.1776
2.1776
2.174
2.1776
2.1788
2.1736
2.1756
2.1748
2.172
2.18
2.178
2.178
2.1768
2.18
2.178
2.178
2.1764
2.1756
2.1752
2.1752
2.1736
2.1764
2.1744
2.1752
2.1752
2.1752
2.176
2.1776
2.1744
2.1772
2.1748
2.1744
2.1788
2.1792
2.1752
2.1776
2.1744
2.176
2.1764
2.1784
2.178
2.1792
2.174
2.1744
2.1744
2.1772
2.1748
2.1752
2.1764
2.1744
2.176
2.1768
2.1756
2.1784
2.1744
2.1756
2.1764
2.172
2.172
2.1764
2.1768
2.1776
2.1752
2.176
2.174
2.1764
2.1736
2.1772
2.1776
2.1776
2.1748
2.1748
2.1756
2.1772
2.1756
2.1736
2.176
2.1764
2.1748
2.1776
2.1736
2.1756
2.1752
2.1764
2.1764
2.1776
2.1764
2.176
2.1756
2.1752
2.174
2.1772
2.1756
2.1792
2.174
2.178
2.1724
2.1756
2.174
2.1772
2.1744
2.1748
2.174
2.1756
2.174
2.1736
2.1728
2.1756
2.1748
2.1768
2.1752
2.1784
2.174
2.1764
2.1744
2.1752
2.1744
2.1752
2.1744
2.1764
2.1768
2.1788
2.1724
2.1764
2.1748
2.176
2.1744
2.1748
2.1744
2.174
2.1744
2.1752
2.174
2.1768
2.1744
2.1744
2.176
2.1756
2.1752
2.176
2.176
2.1764
2.174
2.178
2.1776
2.1744
2.1772
2.1748
2.1772
2.176
2.1764
2.1804
2.1736
2.1744
2.1748
2.1728
2.1732
2.1772
2.1728
2.1744
2.1708
2.1748
2.1712
2.1748
2.1756
2.1764
2.1732
2.174
2.1716
2.1752
2.1712
2.1768
2.1728
2.174
2.174
2.1748
2.1744
2.1768
2.1744
2.1748
2.1716
2.1744
2.174
2.176
2.1776
2.1768
2.1756
2.1748
2.1764
2.1768
2.1744
2.1744
2.1716
2.1756
2.174
2.1744
2.1708
2.1736
2.1732
2.1756
2.1784
2.1756
2.176
2.1736
2.1776
2.1744
2.1724
2.1748
2.1724
2.174
2.1784
2.1744
2.1744
2.1768
2.172
2.1752
2.1788
2.176
2.174
2.1764
2.1736
2.176
2.1728
2.1784
2.174
2.1756
2.1736
2.1748
2.1744
2.174
2.1752
2.1772
2.1744
2.1756
2.1756
2.174
2.1736
2.1756
2.174
2.1744
2.174
2.1744
2.1756
2.1768
2.1716
2.1776
2.1728
2.1768
2.1724
2.1712
2.1764
2.1768
2.1748
2.1804
2.174
2.1768
2.1716
2.1748
2.1772
2.1748
2.176
2.1752
2.1736
2.1732
2.1748
2.1728
2.1728
2.1776
2.1732
2.176
2.1748
2.1748
2.1712
2.1736
2.1732
2.1748
2.176
2.1752
2.1744
2.1772
2.1712
2.1752
2.172
2.1728
2.1732
2.176
2.1748
2.1736
2.1712
2.1768
2.1736
2.1768
2.1736
2.1752
2.172
2.174
2.1744
2.1752
2.1712
2.1756
2.174
2.1736
2.1764
2.1716
2.17
2.1752
2.1724
2.1756
2.172
2.1768
2.1736
2.176
2.172
2.176
2.176
2.174
2.1748
2.1728
2.174
2.1768
2.1768
2.1752
2.174
2.1768
2.1712
2.1744
2.1744
2.1688
2.1716
2.1756
2.1696
2.17
2.1756
2.1736
2.1716
2.1752
2.176
2.174
2.1744
2.1752
2.1744
2.1776
2.1744
2.1728
2.1724
2.1744
2.172
2.1716
2.172
2.1732
2.1744
2.1744
2.1708
2.176
2.1732
2.176
2.1752
2.1724
2.172
2.174
2.1724
2.1756
2.1732
2.1736
2.1716
2.1744
2.1732
2.1736
2.1736
2.1736
2.1748
2.1728
2.1724
2.172
2.1748
2.1708
2.174
2.1728
2.1732
2.172
2.172
2.1708
2.1712
2.1748
2.1716
2.1756
2.1716
2.1768
2.172
2.174
2.1692
2.1756
2.1756
2.1732
2.1716
2.1736
2.1716
2.1728
2.174
2.1736
2.1704
2.1756
2.172
2.1744
2.1708
2.1744
2.172
2.1716
2.1692
2.1748
2.1728
2.1764
2.1708
2.1736
2.1752
2.1744
2.1692
2.1732
2.1696
2.174
2.1732
2.1744
2.1712
2.1724
2.172
2.1732
2.174
2.1728
2.1708
2.1688
2.1684
2.1728
2.1744
2.1748
2.1716
2.174
2.1756
2.1744
2.1732
2.1724
2.1712
2.1712
2.1708
2.1732
2.1708
2.17
2.172
2.1744
2.1708
2.1712
2.1708
2.1728
2.17
2.1736
2.1708
2.1728
2.172
2.1744
2.1732
2.1764
2.1728
2.1752
2.1724
2.1732
2.1752
2.1712
2.1724
2.1748
2.1692
2.172
2.1712
2.1732
2.1772
2.1736
2.1724
2.1764
2.172
2.1712
2.1728
2.1736
2.1752
2.1736
2.174
2.1752
2.1748
2.1736
2.1712
2.1736
2.1744
2.172
2.1708
2.1732
2.1728
2.1728
2.1696
2.1716
2.1712
2.1736
2.1708
2.1724
2.1748
2.1732
2.1732
2.1736
2.1708
2.1712
2.1708
2.1724
2.1704
2.174
2.1708
2.1736
2.1696
2.1712
2.1676
2.1708
2.1732
2.1732
2.1716
2.1736
2.1708
2.172
2.1684
2.1736
2.1728
2.1728
2.1728
2.1732
2.1712
2.1732
2.1716
2.172
2.1696
2.172
2.17
2.172
2.1708
2.1716
2.174
2.1716
2.1712
2.172
2.172
2.1708
2.172
2.1708
2.1724
2.1724
2.1716
2.1732
2.1704
2.1716
2.1732
2.1736
2.1708
2.1728
2.17
2.1732
2.1692
2.1728
2.168
2.1768
2.1708
2.1728
2.1696
2.1716
2.1696
2.1736
2.1688
2.174
2.172
2.1728
2.1712
