2.1536
2.152
2.1536
2.1512
2.1492
2.1528
2.1512
2.1512
2.1544
2.1488
2.1532
2.1552
2.1524
2.1544
2.154
2.1528
2.156
2.152
2.1512
2.1528
2.1552
2.1504
2.1556
2.1508
2.1532
2.1524
2.1508
2.1532
2.152
2.1548
2.1496
2.1508
2.1512
2.1524
2.1496
2.1512
2.1568
2.1496
2.152
2.1544
2.1528
2.1496
2.1516
2.15
2.1496
2.1504
2.1544
2.1512
2.1476
2.1492
2.152
2.152
2.1528
2.15
2.1524
2.1524
2.1528
2.1512
2.1504
2.1528
2.1484
2.1548
2.1536
2.1516
2.1544
2.1488
2.1536
2.1524
2.1524
2.1536
2.1508
2.154
2.1532
2.152
2.152
2.1508
2.1512
2.1492
2.1516
2.1544
2.156
2.1552
2.1516
2.15
2.154
2.152
2.1508
2.1536
2.152
2.152
2.1556
2.1508
2.1532
2.1536
2.1536
2.1552
2.1528
2.1516
2.1516
2.152
2.15
2.1524
2.1536
2.1536
2.1536
2.1532
2.156
2.1512
2.1512
2.1492
2.1532
2.1524
2.1556
2.15
2.1544
2.1516
2.1496
2.1516
2.1508
2.1532
2.154
2.1484
2.154
2.1544
2.1512
2.1552
2.154
2.152
2.1516
2.152
2.1528
2.154
2.1536
2.1488
2.154
2.1552
2.154
2.1532
2.1516
2.1516
2.152
2.1496
2.1532
2.152
2.152
2.1528
2.1528
2.1508
2.1532
2.1508
2.1544
2.1532
2.1508
2.1512
2.1548
2.1524
2.1504
2.1496
2.1504
2.148
2.1532
2.1484
2.1544
2.1544
2.1508
2.1536
2.1516
2.154
2.1532
2.15
2.1544
2.15
2.1524
2.1516
2.1536
2.1508
2.148
2.1512
2.1528
2.1524
2.1528
2.1512
2.154
2.1532
2.1512
2.1484
2.1508
2.1512
2.148
2.148
2.1528
2.1544
2.1532
2.1504
2.15
2.1496
2.1508
2.1492
2.1528
2.152
2.152
2.1512
2.1524
2.1504
2.148
2.1512
2.152
2.152
2.1516
2.1488
2.1556
2.1508
2.1528
2.154
2.1512
2.1504
2.1496
2.1504
2.1524
2.1524
2.152
2.1492
2.1516
2.1504
2.1492
2.1496
2.1548
2.1524
2.1508
2.1508
2.1508
2.152
2.1488
2.1504
2.1516
2.152
2.1512
2.15
2.1516
2.1548
2.1488
2.1516
2.1504
2.15
2.1488
2.1524
2.1532
2.1504
2.1508
2.152
2.1524
2.1548
2.1512
2.1504
2.1512
2.1524
2.1496
2.1496
2.152
2.152
2.1512
2.1492
2.1512
2.1544
2.15
2.1472
2.1548
2.1528
2.1552
2.152
2.152
2.1536
2.1548
2.15
2.154
2.1524
2.1504
2.1496
2.1544
2.152
2.1544
2.1504
2.1504
2.15
2.1528
2.1512
2.1524
2.1516
2.1496
2.1548
2.1516
2.1528
2.1532
2.1496
2.1508
2.1504
2.1512
2.1524
2.1516
2.152
2.1504
2.1516
2.1536
2.1492
2.1496
2.1508
2.1504
2.152
2.1536
2.1508
2.1536
2.1532
2.1532
2.1508
2.15
2.1528
2.15
2.1508
2.154
2.1524
2.1528
2.1512
2.1492
2.1528
2.15
2.1524
2.1528
2.1508
2.1528
2.1496
2.1524
2.1528
2.1484
2.1512
2.1512
2.1516
2.15
2.154
2.15
2.1508
2.1524
2.1544
2.156
2.1532
2.1528
2.1504
2.156
2.1516
2.1528
2.152
2.1528
2.1552
2.1508
2.1532
2.1544
2.1516
2.152
2.1512
2.1508
2.1536
2.1516
2.1508
2.1552
2.1532
2.1512
2.1532
2.154
2.1504
2.152
2.1532
2.1484
2.1532
2.1516
2.1492
2.1552
2.15
2.1504
2.1528
2.1552
2.1528
2.1524
2.152
2.15
2.1512
2.1492
2.1512
2.1516
2.1484
2.156
2.1524
2.1516
2.154
2.154
2.1532
2.1548
2.1488
2.1512
2.1532
2.152
2.1528
2.1524
2.1508
2.1512
2.1516
2.1516
2.1524
2.1556
2.1532
2.1536
2.1532
2.1532
2.154
2.1576
2.1516
2.1516
2.1512
2.1516
2.1504
2.1528
2.1516
2.1536
2.1512
2.1512
2.1528
2.152
2.1532
2.1528
2.154
2.1528
2.152
2.15
2.1516
2.1512
2.1496
2.1508
2.1524
2.1468
2.152
2.1492
2.1496
2.1524
2.154
2.1536
2.1512
2.152
2.1548
2.1536
2.1492
2.1532
2.1556
2.1544
2.1484
2.1472
2.1544
2.1524
2.152
2.1504
2.1476
2.1548
2.154
2.1508
2.1488
2.1516
2.1528
2.1528
2.1488
2.1544
2.152
2.1508
2.1484
2.1508
2.1504
2.1544
2.152
2.1508
2.1556
2.1528
2.1504
2.1516
2.152
2.1512
2.1504
2.1492
2.1524
2.1532
2.152
2.1492
2.1516
2.1524
2.1496
2.1544
2.1512
2.152
2.1472
2.1536
2.1516
2.1512
2.15
2.1516
2.1496
2.152
2.15
2.1504
2.1516
2.1556
2.15
2.1564
2.1512
2.1532
2.1524
2.1508
2.1556
2.1508
2.1512
2.1508
2.1508
2.1496
2.1512
2.1512
2.1512
2.1516
2.1488
2.1544
2.154
2.1476
2.152
2.1516
2.1456
2.1544
2.1548
2.1524
2.1532
2.15
2.1536
2.154
2.156
2.154
2.1512
2.1504
2.1556
2.1476
2.152
2.1512
2.154
2.154
2.1532
2.1524
2.1508
2.1532
2.1512
2.1516
2.1544
2.1524
2.1492
2.1508
2.1536
2.1504
2.1484
2.1512
2.152
2.1544
2.1488
2.1508
2.1496
2.1548
2.1496
2.1568
2.1536
2.1524
2.1476
2.1528
2.1484
2.15
2.1524
2.1512
2.152
2.1544
2.1504
2.1528
2.152
2.1524
2.152
2.1568
2.1544
2.1552
2.1516
2.1512
2.1512
2.148
2.1524
2.1532
2.1512
2.1548
2.1492
2.15
2.1508
2.152
2.152
2.152
2.1524
2.152
2.1496
2.1552
2.1512
2.1512
2.1516
2.1528
2.156
2.1536
2.1508
2.1496
2.1504
2.1504
2.1476
2.152
2.15
2.152
2.1512
2.1536
2.1524
2.15
2.1516
2.1524
2.1512
2.154
2.1556
2.1536
2.1532
2.1544
2.1508
2.1536
2.1528
2.152
2.1524
2.1552
2.1504
2.1504
2.1476
2.1536
2.1548
2.152
2.1504
2.1524
2.152
2.15
2.1508
2.1516
2.1508
2.152
2.154
2.152
2.1516
2.1508
2.1492
2.1528
2.1476
2.1524
2.1496
2.148
2.15
2.1492
2.1488
2.1492
2.1488
2.1512
2.152
2.152
2.1492
2.1516
2.1488
2.1488
2.1516
2.1516
2.1496
2.1544
2.1508
2.1552
2.1492
2.1496
2.152
2.1512
2.152
2.1516
2.1536
2.152
2.1524
2.1524
2.1524
2.152
2.1524
2.1516
2.1476
2.1512
2.1492
2.154
2.1548
2.1528
2.1496
2.152
2.1528
2.1544
2.1496
2.1492
2.1512
2.1508
2.1496
2.1544
2.1516
2.1516
2.1504
2.148
2.1504
2.1504
2.1512
2.1504
2.1512
2.1536
2.1548
2.156
2.154
2.15
2.154
2.154
2.1516
2.152
2.1504
2.1544
2.1512
2.1504
2.1504
2.152
2.1496
2.1536
2.1484
2.1532
2.1528
2.152
2.1496
2.1508
2.1508
2.1516
2.154
2.152
2.152
2.1536
2.1532
2.1528
2.1524
2.1524
2.1532
2.1516
2.15
2.1524
2.148
2.1476
2.1516
2.1524
2.1516
2.1552
2.1496
2.1528
2.1516
2.1528
2.1508
2.154
2.1492
2.1524
2.1532
2.1544
2.1564
2.1532
2.1524
2.1504
2.15
2.1516
2.1512
2.152
2.1488
2.1488
2.1516
2.152
2.1488
2.1516
2.1508
2.1496
2.1504
2.1496
2.1536
2.1544
2.1536
2.1532
2.152
2.1516
2.1512
2.1488
2.1524
2.1548
2.1496
2.1548
2.1536
2.1532
2.1512
2.1524
2.1492
2.1516
2.1516
2.1536
2.1496
2.1488
2.1508
2.1492
2.152
2.1492
2.1532
2.1508
2.152
2.1508
2.152
2.152
2.1528
2.152
2.152
2.1516
2.154
2.1532
2.1496
2.154
2.152
2.1484
2.1508
2.146
2.152
2.15
2.1488
2.1524
2.1504
2.1512
2.1472
2.1536
2.1524
2.1528
2.1536
2.152
2.1536
2.1504
2.1496
2.154
2.154
2.1516
2.1528
2.148
2.1528
2.1524
2.1488
2.1524
2.1516
2.1504
2.1512
2.1516
2.1544
2.1516
2.1476
2.1512
2.1508
2.1512
2.1508
2.1504
2.1492
2.1508
2.1508
2.1516
2.1496
2.1516
2.1488
2.1532
2.1516
2.1524
2.152
2.152
2.1516
2.1528
2.1504
2.1496
2.1548
2.1528
2.1488
2.15
2.1512
2.1528
2.1504
2.1488
2.1508
2.154
2.1516
2.1516
2.1516
2.1468
2.1508
2.1544
2.1496
2.1492
2.1524
2.1496
2.1548
2.1528
2.1512
2.1528
2.1508
2.1508
2.1508
2.152
2.1504
2.1516
2.1528
2.1516
2.1516
2.1488
2.15
2.1492
2.1508
2.1456
2.1484
2.152
2.1492
2.1484
2.1504
2.1516
2.1512
2.1508
2.1504
2.1492
2.152
2.1504
2.1476
2.1528
2.1512
2.1492
2.1512
2.1528
2.1548
2.1496
2.1544
2.1504
2.1508
2.1528
2.1496
2.1524
2.1516
2.1536
2.1504
2.15
2.1484
2.15
2.1484
2.1516
2.1488
2.1484
2.1468
2.1524
2.1508
2.1524
2.1488
2.1496
2.1504
2.152
2.1524
2.1536
2.1524
2.1492
2.1516
2.1508
2.1484
2.1504
2.15
2.1484
2.15
2.1524
2.1484
2.152
2.1484
2.1508
2.1528
2.15
2.1512
2.1476
2.1492
2.1544
2.1508
2.1516
2.1504
2.15
2.1528
2.1492
2.1464
2.1544
2.1508
2.1532
2.1512
2.1512
2.1508
2.152
2.1484
2.1508
2.1516
2.1516
2.1524
2.1512
2.1508
2.1524
2.1524
2.1504
2.152
2.152
2.1468
2.1492
2.1492
2.1512
2.1512
2.1516
2.1496
2.15
2.1472
2.1528
2.1532
2.1524
2.1512
2.148
2.1552
2.1492
2.15
2.1524
2.1492
2.152
2.152
2.1512
2.15
2.1492
2.1496
2.148
2.1508
2.1508
2.1532
2.154
2.1512
2.154
2.1512
2.1512
2.1492
2.1548
2.1504
2.1544
2.1524
2.1532
2.15
2.1532
2.1504
2.1488
2.1532
2.1536
2.1512
2.1492
2.1488
2.1532
2.15
2.1504
2.1504
2.1476
2.1508
2.1508
2.1476
2.1488
2.1504
2.1516
2.1484
2.15
2.152
2.1484
2.1524
2.1496
2.1504
2.1524
2.1512
2.1528
2.1516
2.1508
2.1468
2.152
2.152
2.1508
2.1504
2.1528
2.152
2.1524
2.15
2.1508
2.1512
2.1532
2.1508
2.1492
2.1516
2.15
2.1504
2.1556
2.1532
2.1496
2.1516
2.1512
2.1472
2.152
2.1504
2.1528
2.1524
2.1528
2.1508
2.1512
2.15
2.15
2.15
2.1524
2.1496
2.1528
2.1488
2.146
2.1516
2.15
2.1452
2.1504
2.1484
2.152
2.1516
2.1516
2.1528
2.1508
2.1496
2.1524
2.154
2.1496
2.148
2.1504
2.152
2.1512
2.1512
2.1504
2.1508
2.1516
2.1536
2.152
2.152
2.15
2.1476
2.1528
2.1488
2.1504
2.1524
2.1528
2.15
2.1508
2.1488
2.15
2.1488
2.152
2.148
2.1524
2.1528
2.1504
2.1504
2.1512
2.1484
2.1516
2.1468
2.1512
2.148
2.1512
2.1496
2.1528
2.154
2.1528
2.1492
2.152
2.1508
2.1508
2.152
2.1524
2.1496
2.1512
2.1508
2.15
2.152
2.1512
2.1484
2.1516
2.1532
2.1516
2.1512
2.1552
2.15
2.152
2.1504
2.1512
2.1544
2.1524
2.1488
2.1536
2.15
2.154
2.1508
2.1552
2.1528
2.1508
2.1512
2.1524
2.1512
2.154
2.154
2.152
2.1552
2.15
2.152
2.1512
2.152
2.1508
2.1488
2.1572
2.1516
2.1516
2.1532
2.1512
2.1516
2.1552
2.152
2.1544
2.1528
2.1496
2.152
2.1512
2.1504
2.1512
2.15
2.1528
2.1516
2.1524
2.1524
2.1524
2.1508
2.152
2.1496
2.1536
2.1528
2.1484
2.1504
2.1496
2.1516
2.1528
2.1468
2.156
2.1524
2.1492
2.15
2.1488
2.1512
2.1492
2.1472
2.1528
2.1484
2.1504
2.1516
2.1512
2.148
2.15
2.1488
2.1504
2.1472
2.154
2.1492
2.148
2.1512
2.1504
2.1476
2.152
2.152
2.1544
2.1492
2.148
2.1512
2.1524
2.1484
2.1524
2.1524
2.1504
2.1556
2.1536
2.152
2.1504
2.15
2.1488
2.1496
2.1484
2.1504
2.1516
2.152
2.1508
2.1508
2.154
2.1512
2.1496
2.1508
2.1544
2.1524
2.1536
2.15
2.1496
2.15
2.1512
2.1496
2.1528
2.1532
2.1488
2.1496
2.1488
2.152
2.1512
2.1512
2.1532
2.152
2.148
2.1484
2.1504
2.1476
2.1544
2.1524
2.152
2.1516
2.1516
2.15
2.1512
2.1516
2.1496
2.1508
2.1508
2.1512
2.1548
2.1484
2.1524
2.1504
2.148
2.152
2.1524
2.156
2.1528
2.1484
2.1532
2.1504
2.154
2.148
2.1532
2.1484
2.1544
2.1504
2.1536
2.1536
2.1508
2.1516
2.1544
2.1548
2.1504
2.1552
2.1524
2.1532
2.1536
2.1496
2.1504
2.1512
2.152
2.15
2.1496
2.1548
2.1492
2.1504
2.1536
2.1524
2.1508
2.154
2.1524
2.15
2.1516
2.152
2.1524
2.1512
2.1524
2.1488
2.152
2.1472
2.1508
2.15
2.1496
2.1524
2.1508
2.1516
2.1512
2.152
2.154
2.1508
2.1536
2.15
2.1504
2.1492
2.1472
2.1496
2.1524
2.1488
2.154
2.1504
2.15
2.1528
2.1508
2.1504
2.1536
2.1516
2.1528
2.1548
2.1508
2.1488
2.1536
2.152
2.1512
2.1524
2.1488
2.1512
2.1512
2.1516
2.1524
2.1496
2.1512
2.1488
2.1504
2.1536
2.1504
2.1528
2.1484
2.152
2.1512
2.1504
2.1532
2.148
2.1524
2.1492
2.1512
2.1516
2.1504
2.148
2.1524
2.1516
2.1512
2.1496
2.15
2.1524
2.1496
2.1504
2.1524
2.1504
2.1528
2.1496
2.1524
2.1496
2.15
2.1488
2.1504
2.1508
2.1544
2.1512
2.1512
2.1508
2.1512
2.1496
2.1516
2.1508
2.1508
2.1532
2.1508
2.1484
2.1512
2.1496
2.1488
2.152
2.1508
2.1468
2.1512
2.15
2.148
2.1512
2.15
2.1532
2.15
2.1472
2.1512
2.1504
2.1516
2.1496
2.1484
2.1508
2.1484
2.1504
2.15
2.1532
2.1528
2.1484
2.1488
2.1528
2.1524
2.1512
2.152
2.1508
2.1508
2.1532
2.152
2.15
2.1512
2.1512
2.154
2.15
2.1516
2.1484
2.1524
2.1492
2.1488
2.1512
2.1512
2.1512
2.15
2.1524
2.1504
2.15
2.154
2.1448
2.15
2.1504
2.152
2.1504
2.1488
2.1524
2.1508
2.1464
2.1548
2.1528
2.1508
2.15
2.1552
2.1508
2.1512
2.1528
2.1516
2.1556
2.1492
2.1492
2.1528
2.1512
2.1532
2.1496
2.1512
2.1536
2.152
2.1484
2.1492
2.1504
2.1524
2.1492
2.1508
2.152
2.1504
2.1508
2.1508
2.1504
2.1496
2.1504
2.1508
2.1536
2.1508
2.1516
2.1536
2.152
2.1508
2.1508
2.152
2.1508
2.1532
2.152
2.1516
2.1524
2.1512
2.1512
2.1524
2.1528
2.1536
2.1492
2.1528
2.1484
2.154
2.1512
2.1516
2.152
2.1508
2.1508
2.1516
2.1536
2.154
2.1516
2.1504
2.1496
2.1516
2.1508
2.1524
2.1556
2.1524
2.152
2.154
2.152
2.1512
2.1524
2.1504
2.1504
2.15
2.1508
2.1496
2.1532
2.152
2.1504
2.1524
2.1524
2.1524
2.1516
2.1532
2.1532
2.1504
2.15
2.1484
2.1528
2.1512
2.154
2.1508
2.1564
2.1508
2.1516
2.1544
2.15
2.1512
2.1484
2.1496
2.1484
2.1504
2.1492
2.1528
2.1524
2.1504
2.15
2.1516
2.1504
2.1516
2.1476
2.1544
2.1516
2.1504
2.1524
2.1512
2.1532
2.1512
2.1528
2.152
2.15
2.1512
2.1484
2.1524
2.1512
2.152
2.1496
2.15
2.1504
2.1492
2.1484
2.154
2.1512
2.1528
2.15
2.1496
2.154
2.1516
2.1496
2.1556
2.1512
2.1524
2.1496
2.1512
2.1544
2.1524
2.1496
2.154
2.1516
2.1504
2.1508
2.1472
2.1508
2.1524
2.148
2.1536
2.1504
2.1504
2.15
2.1516
2.1512
2.1556
2.1528
2.1516
2.1476
2.15
2.1496
2.1508
2.1524
2.1492
2.1504
2.1532
2.1464
2.1496
2.1516
2.1512
2.1532
2.152
2.1524
2.15
2.152
2.15
2.1484
2.1528
2.1524
2.1524
2.1492
2.1552
2.1504
2.1528
2.1512
2.1496
2.1532
2.1468
2.1512
2.152
2.1504
2.1512
2.1504
2.152
2.1528
2.1516
2.1472
2.1524
2.1516
2.15
2.1488
2.1516
2.1496
2.1536
2.1512
2.1528
2.1524
2.1484
2.1488
2.1528
2.1512
2.1528
2.1472
2.1508
2.1528
2.1512
2.1492
2.1516
2.1504
2.1552
2.1488
2.152
2.1552
2.1504
2.1516
2.1512
2.154
2.1528
2.1556
2.154
2.1556
2.1536
2.1536
2.1516
2.1508
2.1512
2.1508
2.1504
2.1548
2.1532
2.1528
2.1528
2.1496
2.1508
2.1532
2.1516
2.1512
2.152
2.1496
2.1516
2.1512
2.1504
2.1512
2.1528
2.1512
2.1552
2.1524
2.1524
2.1504
2.1552
2.1508
2.1536
2.1512
2.152
2.1528
2.154
2.1528
2.1548
2.1504
2.1548
2.1516
2.1516
2.1516
2.1492
2.154
2.1532
2.1524
2.1548
2.1536
2.1528
2.1508
2.154
2.1516
2.1496
2.1496
2.1508
2.1568
2.156
2.152
2.1552
2.148
2.1468
2.15
2.152
2.152
2.1544
2.1456
2.1528
2.1512
2.1484
2.1516
2.1488
2.1564
2.1504
2.1508
2.1544
2.15
2.152
2.152
2.1492
2.1532
2.1516
2.1508
2.1516
2.1512
2.1512
2.1492
2.1532
2.1516
2.1528
2.1508
2.152
2.1564
2.1552
2.1524
2.1504
2.1524
2.1524
2.1504
2.1476
2.1512
2.1536
2.1508
2.1504
2.1512
2.1496
2.1508
2.1524
2.1524
2.1548
2.1528
2.1512
2.1548
2.152
2.1528
2.1544
2.152
2.1508
2.154
2.1548
2.154
2.1524
2.152
2.1524
2.1512
2.1512
2.1508
2.1528
2.1512
2.1496
2.1548
2.1548
2.152
2.154
2.1508
2.1536
2.1516
2.1528
2.1532
2.1524
2.1536
2.154
2.1544
2.1508
2.1536
2.1528
2.1512
2.1528
2.1548
2.1528
2.152
2.1504
2.1548
2.1532
2.1516
2.1532
2.1548
2.1512
2.1548
2.1528
2.1516
2.1516
2.1512
2.156
2.1528
2.1556
2.1536
2.1544
2.1528
2.1508
2.1496
2.1516
2.1516
2.1524
2.154
2.1536
2.1508
2.1528
2.1524
2.1532
2.1536
2.1504
2.1484
2.1556
2.1512
2.1528
2.152
2.1488
2.1528
2.1552
2.152
2.1552
2.1556
2.154
2.1492
2.152
2.1508
2.1512
2.1504
2.1464
2.1532
2.1516
2.1508
2.1544
2.1524
2.1528
2.1524
2.1544
2.152
2.158
2.1516
2.1524
2.1516
2.1512
2.15
2.1528
2.152
2.1476
2.1496
2.1508
2.1496
2.154
2.1536
2.1548
2.1512
2.1532
2.152
2.1536
2.152
2.1548
2.1548
2.1496
2.1524
2.1516
2.1524
2.1532
2.1528
2.154
2.1512
2.1512
2.1516
2.15
2.15
2.1516
2.1532
2.15
2.1504
2.1516
2.1548
2.154
2.1516
2.1544
2.1548
2.1512
2.1532
2.1548
2.1536
2.1516
2.1524
2.1548
2.1516
2.154
2.1508
2.1524
2.1504
2.1528
2.1488
2.1544
2.1536
2.1508
2.1516
2.154
2.1532
2.1524
2.1492
2.1516
2.1516
2.1516
2.1516
2.1532
2.1524
2.1512
2.1516
2.1536
2.1508
2.1512
2.1492
2.1508
2.1528
2.156
2.152
2.1512
2.1532
2.152
2.1496
2.1524
2.1508
2.1504
2.1508
2.1512
2.1524
2.152
2.154
2.1512
2.1528
2.1548
2.1504
2.1528
2.1532
2.1512
2.1512
2.1532
2.1512
2.1548
2.15
2.1532
2.1548
2.154
2.1516
2.1528
2.1512
2.154
2.1556
2.1524
2.1556
2.1528
2.1504
2.1532
2.1516
2.154
2.1552
2.1528
2.1548
2.1528
2.1508
2.1532
2.1528
2.1472
2.1512
2.152
2.1528
2.1516
2.154
2.154
2.152
2.1508
2.1516
2.152
2.1512
2.1528
2.152
2.1544
2.1536
2.1512
2.1528
2.1508
2.1524
2.1524
2.1516
2.154
2.1516
2.1512
2.15
2.1512
2.15
2.1528
2.1472
2.1512
2.1524
2.152
2.1512
2.154
2.1508
2.1536
2.1496
2.1532
2.1524
2.1544
2.152
2.1524
2.1544
2.1512
2.1492
2.1532
2.152
2.1552
2.1492
2.1508
2.1544
2.1536
2.1516
2.154
2.152
2.152
2.15
2.1536
2.1516
2.1516
2.1516
2.1528
2.1516
2.1552
2.15
2.1512
2.1508
2.1508
2.152
2.1492
2.15
2.1524
2.1472
2.152
2.152
2.1496
2.1488
2.1524
2.152
2.15
2.1536
2.1504
2.1544
2.1516
2.148
2.1512
2.152
2.1508
2.1524
2.1532
2.152
2.1492
2.1508
2.148
2.1492
2.1484
2.1488
2.1516
2.1504
2.1484
2.1508
2.154
2.1512
2.1516
2.148
2.1512
2.1544
2.1504
2.1512
2.1496
2.1528
2.1524
2.1512
2.1532
2.1468
2.152
2.152
2.1524
2.152
2.1504
2.1508
2.1508
2.1528
2.1512
2.1488
2.152
2.15
2.1508
2.1476
2.1516
2.1512
2.1496
2.1536
2.1528
2.1496
2.1528
2.152
2.1516
2.1516
2.1508
2.15
2.1532
2.1492
2.1508
2.1484
2.1532
2.1516
2.1504
2.148
2.1476
2.1508
2.15
2.15
2.1544
2.1524
2.1524
2.1488
2.1492
2.1516
2.1524
2.1548
2.1484
2.1524
2.1528
2.1504
2.1512
2.1528
2.1488
2.15
2.1504
2.15
2.1536
2.1492
2.15
2.152
2.1496
2.1504
2.1508
2.1488
2.154
2.1512
2.152
2.1556
2.1512
2.1524
2.1508
2.1508
2.1512
2.1508
2.1548
2.1496
2.1512
2.1484
2.1532
2.154
2.15
2.1508
2.154
2.1496
2.1496
2.1508
2.1508
2.1544
2.1512
2.1492
2.15
2.1484
2.1516
2.148
2.1512
2.1508
2.15
2.148
2.1508
2.15
2.1512
2.148
2.1504
2.1516
2.152
2.1508
2.1532
2.1508
2.1476
2.1476
2.1524
2.1516
2.1544
2.1508
2.1528
2.152
2.1512
2.1516
2.1508
2.1528
2.1524
2.1504
2.1512
2.154
2.1524
2.1496
2.1532
2.1508
2.1524
2.1504
2.1524
2.1512
2.1512
2.1508
2.1508
2.1548
2.1512
2.15
2.1536
2.1504
2.1504
2.1476
2.154
2.15
2.1492
2.1492
2.1528
2.1508
2.1508
2.1492
2.1528
2.1484
2.1516
2.1512
2.1544
2.1536
2.1524
2.1504
2.1504
2.15
2.148
2.1512
2.1516
2.152
2.1504
2.1492
2.15
2.1512
2.1512
2.1524
2.152
2.1488
2.1528
2.1492
2.1484
2.148
2.1496
2.1508
2.1484
2.1508
2.154
2.1524
2.1544
2.1496
2.1516
2.148
2.1532
2.1532
2.1504
2.15
2.1524
2.15
2.1512
2.1492
2.1516
2.1472
2.1492
2.1492
2.1492
2.1508
2.1484
2.15
2.1504
2.1512
2.1524
2.1504
2.1532
2.15
2.15
2.1516
2.1512
2.1508
2.1488
2.1524
2.1504
2.1508
2.1476
2.1524
2.1508
2.1496
2.1548
2.1472
2.1508
2.1512
2.1512
2.1516
2.152
2.1512
2.1496
2.1508
2.1496
2.1528
2.1532
2.1512
2.152
2.1492
2.15
2.1532
2.15
2.1508
2.152
2.1504
2.152
2.1532
2.148
2.1504
2.1536
2.1536
2.1512
2.1512
2.154
2.1488
2.1516
2.1492
2.1488
2.1516
2.15
2.15
2.1516
2.152
2.1528
2.1492
2.1516
2.1508
2.1512
2.1508
2.152
2.1532
2.1512
2.1504
2.1508
2.1484
2.1528
2.1516
2.1508
2.1496
2.1484
2.1508
2.1504
2.154
2.1492
2.1528
2.1544
2.1472
2.1496
2.148
2.1488
2.1508
2.1496
2.1508
2.1508
2.152
2.1532
2.1492
2.1512
2.152
2.1512
2.1508
2.1544
2.1492
2.1504
2.1508
2.15
2.15
2.1508
2.1464
2.1524
2.1484
2.1496
2.1532
2.1524
2.1512
2.1516
2.1468
2.1528
2.1516
2.1512
2.15
2.1508
2.1476
2.1496
2.1504
2.1548
2.1496
2.1532
2.1468
2.1552
2.1532
2.152
2.1532
2.1508
2.1488
2.1544
2.1524
2.1504
2.1544
2.1508
2.15
2.1532
2.152
2.1516
2.1512
2.1492
2.1516
2.1528
2.1496
2.1528
2.1504
2.1512
2.1516
2.1536
2.1504
2.1536
2.1512
2.148
2.1508
2.1496
2.1508
2.1504
2.1504
2.1484
2.1524
2.1548
2.1516
2.1568
2.1496
2.1524
2.152
2.1512
2.148
2.156
2.1528
2.1536
2.1496
2.1488
2.1488
2.1524
2.1516
2.1508
2.1536
2.1512
2.1504
2.1484
2.1496
2.1484
2.1456
2.1516
2.1492
2.1524
2.1496
2.1524
2.15
2.1508
2.1484
2.1484
2.1516
2.1496
2.1496
2.1512
2.15
2.152
2.1476
2.15
2.1504
2.1532
2.1528
2.1524
2.154
2.1504
2.152
2.1524
2.1484
2.1528
2.1452
2.1512
2.1532
2.1548
2.1556
2.154
2.1512
2.1528
2.1496
2.1536
2.1556
2.152
2.1488
2.1556
2.1524
2.1548
2.1528
2.1516
2.1516
2.1572
2.1492
2.1556
2.1496
2.1528
2.1528
2.1516
2.1544
2.1544
2.1504
2.1524
2.15
2.152
2.1504
2.1492
2.1484
2.154
2.1472
2.1504
2.1528
2.1524
2.1528
2.1528
2.15
2.1532
2.1476
2.15
2.1532
2.1552
2.1504
2.1516
2.1548
2.1516
2.1516
2.152
2.1524
2.1528
2.152
2.1528
2.1528
2.152
2.1516
2.154
2.1544
2.1564
2.15
2.156
2.1532
2.1504
2.1488
2.1556
2.1528
2.1516
2.1512
2.1532
2.1548
2.154
2.152
2.1532
2.1524
2.1524
2.1496
2.1524
2.1504
2.152
2.1536
2.1496
2.1572
2.1524
2.1508
2.1536
2.1516
2.1532
2.15
2.1532
2.1524
2.1556
2.15
2.1548
2.1524
2.1564
2.15
2.1528
2.15
2.1512
2.1516
2.1516
2.1484
2.1548
2.1512
2.1524
2.1528
2.1524
2.1504
2.148
2.1524
2.1492
2.1484
2.1556
2.1512
2.1528
2.1508
2.15
2.1512
2.1496
2.1508
2.1532
2.15
2.1516
2.15
2.1524
2.152
2.1512
2.1508
2.1524
2.1512
2.156
2.1508
2.1536
2.1524
2.1528
2.15
2.1552
2.1532
2.1548
2.1484
2.1496
2.1516
2.1536
2.1544
2.1516
2.1548
2.1508
2.15
2.1508
2.1516
2.1496
2.1488
2.1536
2.1516
2.1532
2.15
2.1504
2.15
2.1536
2.15
2.1508
2.152
2.1496
2.154
2.1556
2.1532
2.1552
2.15
2.1548
2.1532
2.1524
2.1524
2.1508
2.1476
2.1556
2.1544
2.1504
2.1528
2.1492
2.1496
2.154
2.148
2.1512
2.15
2.1524
2.1532
2.1516
2.152
2.1552
2.1524
2.1524
2.15
2.1536
2.1488
2.1504
2.1508
2.1496
2.15
2.1496
2.1496
2.152
2.15
2.154
2.1532
2.1516
2.1536
2.1508
2.1484
2.154
2.1548
2.1508
2.1512
2.15
2.152
2.1496
2.1492
2.1524
2.1508
2.1516
2.15
2.1536
2.152
2.1524
2.1504
2.1528
2.154
2.154
2.15
2.1512
2.152
2.1504
2.1484
2.1572
2.1496
2.15
2.1512
2.1512
2.1516
2.1524
2.1512
2.1544
2.1548
2.1524
2.1456
2.1548
2.1536
2.1504
2.15
2.1528
2.1516
2.1512
2.1496
2.1544
2.1508
2.1508
2.15
2.152
2.1532
2.1524
2.152
2.1508
2.1512
2.1492
2.1524
2.154
2.1516
2.152
2.1516
2.1512
2.1528
2.154
2.152
2.156
2.1496
2.1508
2.152
2.15
2.1508
2.1508
2.148
2.1496
2.1504
2.1492
2.15
2.1508
2.1536
2.152
2.1528
2.154
2.1496
2.1524
2.1512
2.1528
2.1508
2.1532
2.148
2.156
2.1536
2.1512
2.1504
2.1532
2.1536
2.1532
2.1484
2.152
2.1508
2.1536
2.15
2.1488
2.1512
2.15
2.1516
2.1524
2.1528
2.15
2.1508
2.1512
2.1516
2.1512
2.1512
2.154
2.1532
2.1528
2.1496
2.1496
2.1516
2.1496
2.1496
2.1508
2.1492
2.154
2.1516
2.1552
2.1492
2.1508
2.1512
2.1528
2.152
2.1552
2.1504
2.1516
2.1504
2.15
2.1528
2.1504
2.1516
2.1532
2.1492
2.1532
2.1496
2.1516
2.1508
2.1564
2.1548
2.154
2.1504
2.1536
2.1536
2.1544
2.1516
2.1532
2.1488
2.1528
2.154
2.1536
2.154
2.1548
2.1516
2.154
2.1548
2.1556
2.1504
2.1516
2.1492
2.1504
2.1516
2.154
2.1532
2.1516
2.1524
2.152
2.1504
2.1548
2.15
2.1512
2.152
2.1528
2.1516
2.1544
2.1544
2.154
2.1496
2.154
2.1548
2.152
2.1536
2.1532
2.1524
2.1508
2.1504
2.1504
2.1512
2.1536
2.1536
2.1544
2.1568
2.152
2.15
2.1524
2.1536
2.152
2.1512
2.1512
2.1512
2.1496
2.1524
2.152
2.1524
2.154
2.1508
2.1544
2.1524
2.152
2.1528
2.1524
2.1544
2.1508
2.1524
2.156
2.154
2.1548
2.1492
2.1508
2.1516
2.1528
2.1512
2.1516
2.1544
2.1504
2.1516
2.1536
2.1552
2.152
2.1492
2.156
2.1528
2.1496
2.1524
2.1528
2.1524
2.1532
2.1468
2.1532
2.1532
2.1508
2.1544
2.1504
2.1504
2.152
2.1544
2.1532
2.1508
2.1508
2.1504
2.1548
2.1504
2.1508
2.1512
2.1516
2.1508
2.1512
2.1524
2.1488
2.152
2.1496
2.1524
2.1504
2.1544
2.1516
2.1504
2.154
2.15
2.154
2.1512
2.1524
2.1508
2.15
2.1544
2.1544
2.154
2.1552
2.1528
2.1536
2.1512
2.1544
2.1508
2.1508
2.1512
2.1532
2.1508
2.1532
2.1512
2.152
2.1508
2.1508
2.1548
2.1544
2.152
2.1572
2.1532
2.154
2.1516
2.1492
2.1496
2.1492
2.1524
2.152
2.1528
2.1524
2.15
2.1504
2.1488
2.1508
2.1468
2.1496
2.1504
2.1512
2.1504
2.1516
2.1512
2.1496
2.1492
2.1516
2.1516
2.1528
2.1508
2.1524
2.1556
2.152
2.1492
2.1544
2.1548
2.1528
2.1476
2.154
2.1504
2.1516
2.1488
2.152
2.1536
2.1528
2.1504
2.1536
2.1508
2.15
2.1508
2.1512
2.1484
2.1536
2.1512
2.1548
2.154
2.1528
2.1516
2.152
2.152
2.1528
2.1524
2.1528
2.1492
2.1536
2.1532
2.1524
2.152
2.1504
2.1548
2.1508
2.1532
2.1512
2.15
2.1516
2.1476
2.1524
2.1536
2.1504
2.1508
2.1504
2.1504
2.152
2.1524
2.1504
2.1504
2.1536
2.1532
2.15
2.15
2.1504
2.1532
2.1512
2.1496
2.1548
2.1528
2.1532
2.1512
2.1528
2.1528
2.1524
2.1508
2.154
2.1544
2.1512
2.1504
2.1508
2.15
2.1516
2.1524
2.1504
2.1524
2.1508
2.15
2.156
2.1528
2.1508
2.1492
2.1548
2.1496
2.1532
2.1508
2.1508
2.1556
2.148
2.1488
2.1504
2.1536
2.1532
2.1496
2.152
2.1544
2.1536
2.154
2.1504
2.1524
2.1512
2.1504
2.1536
2.1488
2.1508
2.1532
2.1528
2.1512
2.1492
2.1488
2.1508
2.1528
2.1524
2.15
2.152
2.1508
2.1528
2.1512
2.156
2.1504
2.1508
2.1524
2.152
2.1532
2.1492
2.15
2.1508
2.1504
2.1508
2.1516
2.1536
2.1532
2.1512
2.1508
2.1516
2.1536
2.1508
2.15
2.1536
2.1508
2.1556
2.152
2.1512
2.1508
2.1488
2.1508
2.154
2.1528
2.15
2.1556
2.154
2.152
2.1488
2.1472
2.1528
2.1524
2.1516
2.1524
2.1532
2.1464
2.1528
2.154
2.15
2.1512
2.152
2.148
2.1512
2.1504
2.1484
2.1496
2.148
2.152
2.1536
2.1512
2.1528
2.1516
2.1512
2.1532
2.1508
2.1584
2.1496
2.154
2.1532
2.1484
2.1528
2.152
2.1504
2.152
2.1508
2.15
2.1544
2.1504
2.1512
2.1516
2.1524
2.1508
2.1532
2.1476
2.154
2.1524
2.1524
2.1552
2.1504
2.1532
2.1512
2.1512
2.1508
2.1492
2.1496
2.1488
2.1544
2.1536
2.1516
2.1544
2.15
2.1512
2.1524
2.1496
2.1516
2.154
2.1512
2.1508
2.15
2.1488
2.1472
2.1508
2.152
2.1524
2.152
2.1544
2.1544
2.1516
2.1524
2.152
2.1468
2.1524
2.1484
2.1476
2.1548
2.1512
2.1532
2.1516
2.1488
2.1496
2.1492
2.1532
2.152
2.15
2.148
2.1476
2.15
2.1508
2.1532
2.1516
2.1508
2.1476
2.1496
2.1476
2.152
2.1504
2.148
2.1476
2.1516
2.1508
2.1524
2.15
2.1512
2.1484
2.15
2.1496
2.15
2.1492
2.1516
2.1524
2.1496
2.148
2.1524
2.1472
2.1512
2.1516
2.152
2.1516
2.15
2.1524
2.1524
2.1516
2.1504
2.152
2.1528
2.1472
2.1532
2.1488
2.1504
2.1496
2.1516
2.1504
2.1528
2.1492
2.1508
2.1516
2.1496
2.1524
2.1516
2.1524
2.1512
2.1508
2.1512
2.1544
2.154
2.1488
2.15
2.152
2.1508
2.1492
2.1496
2.1492
2.1524
2.1504
2.152
2.1516
2.1524
2.1492
2.15
2.1508
2.1508
2.1504
2.1516
2.1528
2.1512
2.1512
2.1512
2.1492
2.15
2.1528
2.1524
2.1512
2.1496
2.1472
2.1524
2.1516
2.152
2.1516
2.1504
2.1508
2.1492
2.1516
2.1532
2.152
2.1544
2.1532
2.1544
2.1524
2.1504
2.1492
2.152
2.1512
2.1508
2.1488
2.1512
2.1524
2.1512
2.152
2.1512
2.1492
2.1512
2.1476
2.1484
2.1512
2.1516
2.15
2.1484
2.1508
2.1504
2.1488
2.152
2.1508
2.1508
2.1508
2.152
2.1528
2.1512
2.1476
2.1516
2.15
2.1536
2.1504
2.1492
2.1532
2.1496
2.1492
2.1512
2.1484
2.1504
2.1484
2.1524
2.1508
2.1528
2.1516
2.152
2.1504
2.1564
2.1492
2.1544
2.1496
2.1536
2.1504
2.1516
2.1524
2.1476
2.1512
2.152
2.1496
2.1508
2.1496
2.1532
2.1512
2.1524
2.154
2.1504
2.15
2.1512
2.1504
2.1484
2.1512
2.1508
2.148
2.1512
2.1528
2.1508
2.1536
2.1508
2.152
2.1492
2.1504
2.1528
2.152
2.1508
2.15
2.1544
2.152
2.1524
2.152
2.1516
2.1524
2.152
2.1496
2.1532
2.1488
2.1508
2.1516
2.1488
2.1504
2.1492
2.1492
2.1512
2.1472
2.1504
2.1512
2.15
2.152
2.154
2.1524
2.1528
2.1504
2.1532
2.1488
2.15
2.152
2.1528
2.1496
2.154
2.1504
2.1524
2.152
2.1504
2.1504
2.1508
2.1508
2.1548
2.1536
2.1504
2.1516
2.1504
2.1488
2.1512
2.1504
2.154
2.1496
2.1508
2.1496
2.1488
2.1508
2.15
2.1524
2.1512
2.154
2.15
2.1528
2.1536
2.1492
2.1512
2.1488
2.1524
2.1508
2.15
2.1484
2.1532
2.1508
2.1532
2.1488
2.1496
2.1508
2.1516
2.148
2.154
2.1492
2.1528
2.15
2.1508
2.1512
2.1488
2.1532
2.1496
2.152
2.1512
2.1468
2.1516
2.1504
2.1512
2.152
2.1512
2.1516
2.1496
2.152
2.1528
2.1508
2.1528
2.152
2.1524
2.152
2.1484
2.148
2.1528
2.15
2.152
2.1508
2.15
2.1484
2.15
2.1504
2.154
2.1516
2.1496
2.1492
2.1516
2.15
2.1524
2.1496
2.1528
2.1488
2.1524
2.152
2.1516
2.154
2.152
2.1504
2.1532
2.1516
2.1504
2.1468
2.1512
2.1484
2.1536
2.1504
2.152
2.1496
2.1516
2.1508
2.1492
2.1516
2.152
2.1532
2.1516
2.1524
2.1532
2.1532
2.1524
2.1508
2.1512
2.1524
2.1536
2.154
2.1512
2.1524
2.1516
2.1504
2.1492
2.1476
2.1552
2.152
2.1556
2.1488
2.1532
2.1504
2.152
2.154
2.1488
2.1504
2.1532
2.1496
2.154
2.1528
2.1508
2.1488
2.1532
2.152
2.1532
2.1504
2.1544
2.1512
2.152
2.1536
2.1516
2.1504
2.1504
2.1508
2.1532
2.1552
2.156
2.152
2.1544
2.1512
2.154
2.1504
2.1524
2.1512
2.1492
2.1504
2.1528
2.1516
2.1516
2.1528
2.1548
2.1536
2.1512
2.15
2.1548
2.1496
2.1516
2.1524
2.154
2.1524
2.1544
2.1476
2.1556
2.1528
2.1524
2.1504
2.154
2.1512
2.1512
2.1516
2.1528
2.1508
2.1528
2.1536
2.1556
2.1524
2.156
2.1532
2.1504
2.1528
2.1532
2.15
2.1504
2.152
2.1524
2.152
2.1524
2.1532
2.1488
2.1508
2.154
2.1512
2.15
2.1496
2.1516
2.1508
2.1544
2.152
2.1556
2.158
2.1508
2.152
2.1544
2.1532
2.1564
2.1496
2.1536
2.1504
2.1528
2.1544
2.1524
2.1552
2.152
2.1544
2.1544
2.1548
2.1532
2.1492
2.1516
2.1536
2.156
2.152
2.1532
2.156
2.1508
2.1532
2.1572
2.1528
2.1512
2.152
2.1516
2.1496
2.1492
2.152
2.156
2.1512
2.1508
2.152
2.1516
2.1528
2.152
2.1512
2.1544
2.1528
2.152
2.152
2.1564
2.1524
2.1528
2.1516
2.1504
2.1516
2.1516
2.1516
2.154
2.1508
2.1564
2.1512
2.1524
2.156
2.1508
2.1508
2.1536
2.152
2.1516
2.1516
2.15
2.1508
2.1536
2.1496
2.1548
2.1532
2.152
2.1512
2.15
2.15
2.154
2.1496
2.1528
2.152
2.1544
2.1504
2.1516
2.1552
2.1536
2.1532
2.1532
2.15
2.154
2.152
2.1536
2.1516
2.154
2.154
2.152
2.1548
2.1552
2.1496
2.1556
2.1536
2.15
2.1544
2.1516
2.152
2.1516
2.156
2.1532
2.1536
2.1528
2.1524
2.1576
2.1504
2.1532
2.154
2.1544
2.154
2.1512
2.15
2.1516
2.1568
2.1516
2.1512
2.1552
2.1524
2.1556
2.1536
2.1544
2.1492
2.1504
2.1536
2.1504
2.152
2.1564
2.1524
2.1556
2.1512
2.1524
2.1512
2.1516
2.1548
2.152
2.154
2.152
2.1508
2.1536
2.1492
2.1544
2.1508
2.15
2.15
2.1516
2.1516
2.1516
2.1524
2.1528
2.1496
2.156
2.1516
2.1516
2.1536
2.1536
2.1512
2.1556
2.154
2.1532
2.1516
2.1552
2.1488
2.1528
2.1516
2.1528
2.1536
2.152
2.1524
2.1504
2.1512
2.1528
2.1516
2.1548
2.1496
2.1536
2.148
2.152
2.152
2.1516
2.1504
2.1504
2.1512
2.1516
2.1516
2.1524
2.1532
2.1488
2.1504
2.1516
2.1504
2.154
2.1516
2.1556
2.1524
2.1524
2.1516
2.1476
2.1508
2.1512
2.1496
2.1532
2.1484
2.152
2.1524
2.1576
2.1524
2.1524
2.154
2.1544
2.1532
2.1528
2.1516
2.1576
2.1552
2.1528
2.1524
2.1544
2.1508
2.1536
2.1492
2.152
2.1548
2.1532
2.156
2.1564
2.1536
2.152
2.152
2.1544
2.1528
2.1532
2.1516
2.1504
2.1516
2.1512
2.1512
2.154
2.1504
2.1532
2.152
2.1524
2.1544
2.1504
2.1524
2.1532
2.1516
2.1544
2.15
2.1528
2.1508
2.1476
2.1524
2.1528
2.1532
2.1504
2.1496
2.1528
2.1504
2.1508
2.152
2.154
2.1544
2.154
2.148
2.1524
2.152
2.1508
2.1504
2.1496
2.1516
2.1524
2.1552
2.1528
2.1528
2.1504
2.1496
2.1536
2.15
2.1548
2.1508
2.154
2.1536
2.1508
2.1488
2.1536
2.1492
2.1504
2.15
2.1504
2.148
2.1488
2.1492
2.152
2.1512
2.1512
2.1504
2.1496
2.1548
2.1508
2.154
2.1516
2.1528
2.15
2.15
2.156
2.1528
2.1516
2.1496
2.1524
2.1496
2.1504
2.1492
2.1524
2.15
2.15
2.1508
2.1544
2.1504
2.1524
2.1512
2.1536
2.1516
2.1528
2.1504
2.1528
2.1508
2.1508
2.1508
2.1512
2.1544
2.1524
2.152
2.1548
2.1504
2.1528
2.152
2.1496
2.154
2.1512
2.1528
2.1548
2.1504
2.1544
2.1528
2.1524
2.1544
2.1508
2.1516
2.1528
2.1512
2.152
2.1512
2.154
2.152
2.1492
2.1536
2.1536
2.1524
2.1516
2.15
2.1548
2.154
2.1532
2.154
2.1508
2.1532
2.1532
2.1512
2.1568
2.1536
2.1564
2.1528
2.1524
2.1516
2.1564
2.1512
2.156
2.1532
2.152
2.1484
2.1484
2.152
2.1492
2.1504
2.1576
2.154
2.1512
2.1512
2.1532
2.1524
2.1528
2.152
2.1512
2.1532
2.1524
2.1508
2.1532
2.152
2.1516
2.1516
2.1532
2.1532
2.1536
2.1508
2.154
2.1532
2.1548
2.152
2.152
2.152
2.15
2.1492
2.1516
2.1524
2.1532
2.1508
2.152
2.1532
2.1492
2.1484
2.1516
2.1508
2.1556
2.1508
2.1544
2.1528
2.1512
2.1488
2.1544
2.1536
2.1516
2.1508
2.1532
2.1544
2.1492
2.1512
2.1516
2.15
2.152
2.148
2.1536
2.154
2.1508
2.1528
2.1484
2.152
2.1504
2.1504
2.1568
2.1528
2.1516
2.1544
2.1516
2.1536
2.1516
2.1508
2.154
2.15
2.1532
2.1512
2.1524
2.152
2.1548
2.15
2.1548
2.152
2.1532
2.1496
2.148
2.1508
2.152
2.1492
2.1536
2.1516
2.152
2.1516
2.1544
2.1536
2.1536
2.1504
2.1504
2.1516
2.1512
2.1492
2.1528
2.1544
2.1532
2.1508
2.1528
2.15
2.1544
2.15
2.1528
2.1552
2.1508
2.1524
2.154
2.1532
2.152
2.1524
2.1516
2.1504
2.1508
2.1508
2.1552
2.1532
2.152
2.1492
2.152
2.1512
2.1512
2.1516
2.1544
2.1508
2.1508
2.1544
2.156
2.1564
2.1528
2.1544
2.1516
2.1512
2.1512
2.1516
2.156
2.1524
2.1548
2.1524
2.1528
2.152
2.1528
2.1496
2.1516
2.1504
2.1488
2.1504
2.152
2.1528
2.1496
2.152
2.1552
2.1524
2.1524
2.1492
2.1548
2.1516
2.1528
2.1504
2.154
2.1528
2.1492
2.1516
2.1528
2.1512
2.1524
2.15
2.1524
2.152
2.148
2.1516
2.1528
2.15
2.1544
2.1516
2.154
2.1512
2.1508
2.1496
2.1544
2.1536
2.1524
2.15
2.1536
2.1496
2.1504
2.152
2.1504
2.1524
2.1496
2.148
2.152
2.1516
2.152
2.1524
2.1508
2.1524
2.1528
2.1524
2.1524
2.1524
2.154
2.1492
2.1548
2.152
2.1508
2.1508
2.1524
2.1544
2.1532
2.1468
2.156
2.1528
2.1496
2.1536
2.152
2.1516
2.1496
2.1496
2.1508
2.1516
2.1488
2.1488
2.15
2.15
2.1552
2.1524
2.156
2.152
2.1532
2.1548
2.1524
2.1528
2.1536
2.154
2.15
2.152
2.1528
2.1524
2.1544
2.1532
2.1532
2.1532
2.1548
2.1524
2.1524
2.15
2.1528
2.1492
2.152
2.1516
2.1532
2.1516
2.1524
2.1512
2.1536
2.152
2.152
2.154
2.1536
2.15
2.1512
2.1496
2.15
2.1488
2.1528
2.1504
2.1532
2.1512
2.152
2.1508
2.1492
2.15
2.1512
2.1496
2.1536
2.1496
2.156
2.1532
2.1544
2.1512
2.1524
2.1508
2.1488
2.1504
2.1516
2.1516
2.1532
2.1504
2.1536
2.1516
2.1512
2.1512
2.1532
2.15
2.1524
2.1524
2.1536
2.1496
2.1508
2.1516
2.1512
2.1532
2.1528
2.1532
2.1544
2.1512
2.154
2.1504
2.1496
2.15
2.1524
2.152
2.1508
2.1504
2.1508
2.15
2.1532
2.1492
2.1532
2.1504
2.1524
2.1484
2.1512
2.15
2.1488
2.1504
2.1516
2.154
2.1512
2.152
2.1528
2.1496
2.1532
2.1508
2.1516
2.1516
2.1504
2.1496
2.1492
2.1504
2.1496
2.1504
2.1512
2.1508
2.1524
2.1516
2.15
2.1504
2.1508
2.1504
2.1528
2.148
2.1492
2.1496
2.1488
2.1536
2.1516
2.1524
2.1508
2.148
2.1512
2.1488
2.1508
2.1476
2.1552
2.1512
2.1536
2.152
2.1512
2.152
2.1532
2.15
2.1524
2.1464
2.1512
2.1496
2.1468
2.1464
2.1508
2.1484
2.15
2.152
2.1504
2.1512
2.1532
2.1508
2.1504
2.1512
2.1508
2.1504
2.152
2.1512
2.1504
2.15
2.1512
2.1504
2.1524
2.1472
2.1496
2.1516
2.1512
2.148
2.1488
2.154
2.1492
2.1492
2.1552
2.1488
2.1492
2.1504
2.1532
2.15
2.1544
2.1516
2.1524
2.1508
2.1524
2.1472
2.152
2.1532
2.1484
2.1516
2.1488
2.1512
2.1532
2.1492
2.15
2.1496
2.1516
2.1476
2.1536
2.1536
2.1524
2.1492
2.15
2.152
2.1544
2.1504
2.1536
2.152
2.15
2.1512
2.1532
2.152
2.1504
2.1492
2.1524
2.15
2.1516
2.1504
2.1544
2.1516
2.154
2.1508
2.1504
2.15
2.1508
2.1496
2.1532
2.1524
2.15
2.1512
2.1512
2.1516
2.1536
2.15
2.1536
2.15
2.1496
2.1524
2.1536
2.1504
2.1516
2.15
2.1508
2.1516
2.1504
2.1468
2.1508
2.1488
2.148
2.1484
2.1512
2.1512
2.1548
2.1504
2.15
2.1516
2.1524
2.1504
2.1512
2.1528
2.15
2.148
2.156
2.1504
2.1516
2.152
2.1484
2.1528
2.1504
2.1508
2.1516
2.1528
2.1512
2.1504
2.1512
2.1528
2.1524
2.1512
2.1512
2.1536
2.1496
2.1472
2.1504
2.1532
2.1552
2.1496
2.1524
2.1516
2.1508
2.1508
2.1544
2.1464
2.1532
2.15
2.1496
2.1512
2.1476
2.1508
2.1536
2.1492
2.1524
2.1512
2.1532
2.1484
2.152
2.1496
2.1528
2.152
2.1496
2.1504
2.1544
2.15
2.1544
2.1492
2.1504
2.1504
2.1512
2.1484
2.1512
2.148
2.1512
2.1512
2.1504
2.1552
2.148
2.1504
2.154
2.1524
2.1472
2.15
2.1516
2.1496
2.1504
2.1488
2.1516
2.152
2.1512
2.1504
2.1516
2.1524
2.152
2.15
2.15
2.152
2.152
2.152
2.154
2.1532
2.1496
2.15
2.1508
2.1512
2.1528
2.1504
2.156
2.1504
2.1492
2.1496
2.1512
2.1512
2.1508
2.1524
2.1516
2.1532
2.1512
2.1516
2.1568
2.1512
2.152
2.1512
2.1524
2.1524
2.1516
2.1508
2.15
2.1488
2.1508
2.1532
2.1508
2.1484
2.1512
2.1492
2.1496
2.1504
2.1524
2.1508
2.1508
2.152
2.1512
2.15
2.1524
2.1496
2.1492
2.1512
2.1524
2.1536
2.1508
2.1528
2.1524
2.1504
2.1472
2.1504
2.152
2.1524
2.1524
2.1508
2.1524
2.1512
2.1504
2.15
2.1496
2.1472
2.15
2.1516
2.1512
2.1504
2.1512
2.1552
2.1508
2.1524
2.1528
2.1508
2.1488
2.1508
2.1496
2.148
2.1544
2.1508
2.1516
2.1516
2.1536
2.1484
2.1544
2.15
2.1516
2.152
2.1504
2.1508
2.1552
2.1488
2.152
2.15
2.152
2.1516
2.1512
2.1484
2.1532
2.1512
2.1544
2.1508
2.1508
2.1504
2.1496
2.1496
2.1536
2.15
2.1524
2.1504
2.1536
2.1516
2.1512
2.1504
2.1508
2.1528
2.1548
2.1508
2.1536
2.1508
2.1512
2.1508
2.1484
2.1516
2.1516
2.1488
2.1536
2.152
2.152
2.1484
2.1508
2.1492
2.1496
2.1492
2.1508
2.152
2.1488
2.1516
2.1508
2.148
2.1536
2.1484
2.1524
2.1504
2.1504
2.1504
2.1512
2.1516
2.1524
2.1504
2.1488
2.1496
2.1492
2.1524
2.1532
2.1472
2.1492
2.1512
2.1516
2.1516
2.1496
2.1504
2.1516
2.1516
2.152
2.1528
2.1544
2.152
2.154
2.15
2.1564
2.1512
2.1524
2.1512
2.15
2.1528
2.1492
2.146
2.154
2.1496
2.1508
2.1464
2.154
2.1488
2.1512
2.1468
2.152
2.15
2.148
2.1496
2.1516
2.1508
2.1516
2.1528
2.1504
2.1484
2.1476
2.1528
2.1528
2.1508
2.146
2.1512
2.154
2.154
2.1532
2.1512
2.1504
2.1516
2.15
2.1476
2.1536
2.1512
2.1504
2.1512
2.1528
2.1512
2.1504
2.1512
2.1484
2.15
2.152
2.1476
2.1504
2.1504
2.1472
2.1492
2.1504
2.1484
2.1484
2.1448
2.1492
2.1468
2.148
2.148
2.146
2.1472
2.1456
2.1464
2.148
2.1452
2.1448
2.1432
2.1444
2.142
2.1428
2.1408
2.1428
2.14
2.1436
2.1388
2.1416
2.1412
2.1384
2.1396
2.138
2.1384
2.1376
2.1344
2.1356
2.1324
2.13
2.1304
2.1316
2.1288
2.1316
2.1284
2.13
2.1284
2.1244
2.1244
2.124
2.1184
2.1208
2.1148
2.116
2.1136
2.11
2.1136
2.1096
2.108
2.1116
2.1032
2.1032
2.1016
2.1008
2.0996
2.0956
2.096
2.0924
2.0884
2.092
2.0868
2.0824
2.0824
2.0812
2.0752
2.0744
2.07
2.0676
2.0684
2.0636
2.0596
2.0588
2.0564
2.0532
2.0476
2.0472
2.0408
2.0376
2.0368
2.032
2.0316
2.024
2.0252
2.0208
2.0148
2.0128
2.0072
2.0036
2.004
2.0004
1.9952
1.9948
1.9864
1.9844
1.9796
1.976
1.972
1.97
1.9664
1.9612
1.956
1.9504
1.9472
1.9456
1.9388
1.9376
1.9316
1.9296
1.9232
1.9204
1.9144
1.9144
1.9072
1.9052
1.8984
1.8932
1.8904
1.8836
1.8824
1.8788
1.8732
1.8672
1.862
1.8604
1.8492
1.8524
1.8432
1.8404
1.8336
1.8324
1.8284
1.8232
1.8188
1.814
1.8116
1.8056
1.8036
1.7952
1.7928
1.7912
1.7824
1.7788
1.7752
1.772
1.7652
1.762
1.7564
1.7536
1.748
1.7436
1.7372
1.7384
1.7312
1.7288
1.724
1.72
1.7168
1.71
1.7076
1.704
1.6996
1.6948
1.6908
1.6892
1.6792
1.676
1.6736
1.6708
1.6632
1.6596
1.6568
1.6556
1.646
1.6428
1.6412
1.6372
1.6304
1.6296
1.622
1.6196
1.616
1.6108
1.6084
1.6072
1.6008
1.5928
1.5964
1.5888
1.586
1.5812
1.5792
1.5768
1.5692
1.5664
1.5612
1.56
1.5596
1.5524
1.5496
1.5488
1.544
1.5364
1.538
1.5352
1.5256
1.5256
1.5236
1.52
1.5152
1.514
1.5112
1.508
1.5024
1.498
1.4932
1.4948
1.4896
1.4872
1.4848
1.4812
1.4752
1.4744
1.4696
1.4704
1.4696
1.4636
1.4632
1.4584
1.458
1.45
1.45
1.4484
1.4404
1.4416
1.442
1.4376
1.4344
1.4284
1.4288
1.4248
1.4248
1.4212
1.4164
1.4136
1.4144
1.4092
1.4084
1.4084
1.4048
1.404
1.4008
1.4008
1.3952
1.3912
1.392
1.3904
1.388
1.3824
1.3824
1.3804
1.378
1.3776
1.3768
1.376
1.376
1.368
1.3704
1.3668
1.3656
1.362
1.3596
1.3604
1.358
1.3536
1.3544
1.3544
1.3492
1.3512
1.3488
1.3504
1.3448
1.3436
1.3424
1.3432
1.3384
1.3376
1.3404
1.3384
1.3352
1.3324
1.3316
1.3332
1.3308
1.3272
1.3292
1.3304
1.3244
1.324
1.3224
1.3228
1.3204
1.3204
1.324
1.3232
1.3216
1.3204
1.3156
1.3188
1.3152
1.3164
1.3144
1.312
1.3132
1.3092
1.312
1.3164
1.31
1.3112
1.3048
1.3112
1.3036
1.3048
1.308
1.308
1.3052
1.3036
1.3036
1.3068
1.2996
1.3008
1.2996
1.3024
1.3012
1.2992
1.3004
1.3028
1.2996
1.2984
1.2972
1.2988
1.2968
1.2964
1.2984
1.3032
1.2988
1.2996
1.3004
1.3012
1.2976
1.2936
1.3
1.304
1.2984
1.298
1.2996
1.3
1.298
1.2992
1.3008
1.3036
1.2988
1.3008
1.3016
1.3024
1.3024
1.3012
1.3008
1.308
1.304
1.3012
1.3056
1.3064
1.3016
1.3012
1.306
1.3048
1.3012
1.3084
1.308
1.3076
1.3072
1.308
1.3068
1.31
1.3072
1.3112
1.31
1.312
1.3108
1.3088
1.3136
1.3152
1.3172
1.3144
1.3148
1.3176
1.3152
1.3176
1.3172
1.3224
1.3208
1.322
1.3208
1.326
1.3232
1.3212
1.3248
1.3308
1.3236
1.3284
1.3276
1.328
1.328
1.3324
1.3332
1.334
1.33
1.3368
1.3376
1.3364
1.3392
1.3384
1.3388
1.3448
1.3408
1.342
1.3448
1.3456
1.346
1.3464
1.346
1.348
1.3472
1.3504
1.3532
1.3544
1.3528
1.356
1.356
1.3616
1.3612
1.3588
1.362
1.3596
1.3624
1.3624
1.366
1.368
1.3668
1.3668
1.3684
1.3732
1.3704
1.374
1.3756
1.3768
1.3776
1.376
1.3812
1.382
1.3788
1.3828
1.3828
1.3864
1.39
1.3896
1.3864
1.394
1.3928
1.3896
1.3988
1.398
1.3964
1.4004
1.4036
1.4016
1.4048
1.4028
1.4052
1.408
1.4052
1.4076
1.4104
1.4108
1.4128
1.4136
1.4176
1.4212
1.42
1.42
1.4196
1.428
1.4244
1.428
1.4264
1.43
1.4312
1.428
1.4324
1.4372
1.4356
1.4372
1.442
1.442
1.4444
1.442
1.442
1.4488
1.4476
1.4472
1.4536
1.4544
1.4516
1.456
1.458
1.46
1.4592
1.4632
1.4616
1.466
1.4668
1.4664
1.4724
1.4696
1.472
1.4748
1.4756
1.4816
1.4812
1.4784
1.4808
1.4836
1.486
1.4884
1.4876
1.4908
1.492
1.494
1.4956
1.4956
1.4964
1.5012
1.5028
1.5036
1.504
1.5064
1.5104
1.5116
1.51
1.508
1.5156
1.5144
1.5208
1.5208
1.522
1.5204
1.5204
1.5244
1.5288
1.5332
1.53
1.532
1.5312
1.5344
1.5368
1.5372
1.5384
1.5408
1.544
1.5452
1.5464
1.546
1.55
1.5496
1.5524
1.558
1.5512
1.5572
1.56
1.5616
1.5624
1.5612
1.5668
1.5688
1.5692
1.5716
1.5716
1.576
1.5736
1.5772
1.5756
1.5816
1.5824
1.5836
1.584
1.59
1.5888
1.5912
1.5936
1.5948
1.5928
1.5972
1.6004
1.6024
1.602
1.6028
1.6068
1.606
1.6084
1.6088
1.6096
1.6152
1.6088
1.6156
1.6204
1.622
1.6232
1.6212
1.6244
1.6272
1.6292
1.6288
1.6316
1.6312
1.6292
1.6328
1.6348
1.6408
1.6388
1.6408
1.6424
1.6448
1.6424
1.6448
1.65
1.6496
1.6536
1.6496
1.6584
1.6568
1.6592
1.6608
1.6608
1.6632
1.6632
1.666
1.6684
1.6704
1.6728
1.6736
1.6708
1.676
1.678
1.6772
1.6824
1.682
1.6852
1.6828
1.684
1.6872
1.686
1.688
1.692
1.6936
1.6912
1.6932
1.702
1.7024
1.7
1.7024
1.7008
1.7048
1.704
1.708
1.708
1.7124
1.7104
1.712
1.7144
1.718
1.7172
1.7188
1.7248
1.722
1.7248
1.7248
1.728
1.7264
1.726
1.736
1.7332
1.7352
1.7352
1.7384
1.7388
1.7404
1.7432
1.7432
1.7452
1.7452
1.7452
1.7512
1.7484
1.7552
1.7496
1.7524
1.7584
1.758
1.7584
1.7624
1.7612
1.7648
1.7648
1.7672
1.7696
1.7684
1.7696
1.7756
1.7748
1.7772
1.7764
1.776
1.7816
1.7828
1.7808
1.7828
1.7872
1.7868
1.7884
1.7912
1.7924
1.7968
1.79
1.7968
1.798
1.8012
1.802
1.8012
1.8004
1.81
1.8056
1.8068
1.8124
1.81
1.8132
1.8152
1.8144
1.8196
1.8188
1.8192
1.82
1.8232
1.8216
1.8276
1.8256
1.8268
1.828
1.828
1.8296
1.8348
1.8288
1.8348
1.8372
1.8384
1.8376
1.8424
1.8404
1.8444
1.8428
1.846
1.848
1.848
1.848
1.8532
1.8488
1.8532
1.8516
1.8568
1.8568
1.8628
1.8576
1.8612
1.862
1.8636
1.8636
1.8664
1.8688
1.8696
1.8668
1.87
1.8716
1.8724
1.8728
1.8728
1.8764
1.8776
1.8788
1.8804
1.88
1.8852
1.8844
1.884
1.8848
1.888
1.884
1.89
1.8884
1.8916
1.8908
1.8952
1.8956
1.8944
1.8952
1.8976
1.8976
1.9016
1.8992
1.9032
1.9032
1.9036
1.9048
1.9052
1.904
1.908
1.908
1.9124
1.9096
1.9152
1.9152
1.9192
1.9164
1.9164
1.9156
1.9204
1.9184
1.9224
1.9204
1.9224
1.9236
1.9224
1.9248
1.9308
1.93
1.9268
1.9304
1.934
1.932
1.9328
1.9324
1.9368
1.9336
1.9352
1.9372
1.9384
1.94
1.9436
1.9432
1.9436
1.9404
1.9444
1.9444
1.9476
1.9468
1.9492
1.9492
1.9476
1.9488
1.952
1.9496
1.9552
1.9504
1.9524
1.9532
1.9584
1.9536
1.9556
1.9572
1.958
1.9576
1.962
1.958
1.9604
1.9616
1.9632
1.9644
1.9656
1.968
1.9668
1.9684
1.9684
1.966
1.9708
1.9712
1.97
1.97
1.9732
1.9728
1.9784
1.974
1.9748
1.9744
1.978
1.9792
1.98
1.9816
1.9804
1.9848
1.9796
1.9824
1.984
1.9804
1.9844
1.9844
1.986
1.986
1.9864
1.9852
1.9908
1.9864
1.9892
1.99
1.9896
1.9928
1.9952
1.9932
1.9988
1.9952
1.9952
1.9948
1.9984
1.9984
2.0012
2.0012
2.0008
2.0036
2.0012
2.002
2.002
2.002
2.006
2.0064
2.0056
2.0056
2.0112
2.008
2.0072
2.008
2.0092
2.0088
2.01
2.0084
2.0148
2.0128
2.012
2.0124
2.0148
2.0132
2.0136
2.0148
2.018
2.0148
2.0164
2.0188
2.0212
2.0192
2.0204
2.0208
2.022
2.0184
2.0248
2.0208
2.0268
2.022
2.0216
2.0248
2.0256
2.0268
2.0292
2.0248
2.03
2.0296
2.0276
2.032
2.03
2.0312
2.0308
2.0336
2.0376
2.0316
2.0356
2.0348
2.038
2.0372
2.0368
2.0356
2.0368
2.0372
2.0388
2.0364
2.0424
2.0396
2.042
2.0412
2.0428
2.0432
2.0408
2.0452
2.0408
2.0432
2.0456
2.0424
2.0456
2.0468
2.0488
2.0456
2.0472
2.05
2.0492
2.0464
2.0492
2.05
2.0484
2.0496
2.0528
2.0524
2.052
2.0488
2.0516
2.0508
2.0564
2.0524
2.0528
2.0552
2.058
2.0556
2.0556
2.058
2.0572
2.056
2.0616
2.0596
2.0596
2.0604
2.0632
2.0584
2.0616
2.0628
2.064
2.062
2.0668
2.0668
2.0668
2.0632
2.0644
2.0648
2.066
2.066
2.068
2.0644
2.0668
2.0668
2.066
2.0656
2.068
2.0688
2.07
2.0676
2.07
2.0716
2.072
2.0704
2.0712
2.0716
2.0724
2.0704
2.076
2.0804
2.0776
2.0744
2.0728
2.0744
2.0752
2.0776
2.0832
2.0788
2.0792
2.078
2.0784
2.0776
2.0828
2.0772
2.08
2.08
2.0848
2.08
2.082
2.0804
2.082
2.0808
2.0864
2.0872
2.0812
2.082
2.0848
2.0848
2.0856
2.0844
2.0852
2.0852
2.0876
2.082
2.0864
2.0892
2.09
2.088
2.0908
2.09
2.0928
2.0896
2.0892
2.0956
2.0916
2.0884
2.09
2.0896
2.0936
2.0956
2.09
2.0944
2.0968
2.0964
2.0968
2.0968
2.0956
2.0972
2.094
2.0984
2.0972
2.0968
2.0976
2.0968
2.098
2.1008
2.0964
2.098
2.0972
2.1
2.1
2.0992
2.1004
2.098
2.1036
2.0976
2.1032
2.1016
2.1044
2.1044
2.1052
2.1052
2.1048
2.1052
2.1076
2.1064
2.106
2.1064
2.1064
2.1048
2.1096
2.1064
2.1092
2.1072
2.1064
2.11
2.1096
2.1092
2.1104
2.108
2.1112
2.1104
2.1104
2.112
2.1136
2.112
2.1112
2.1104
2.1156
2.1124
2.1156
2.1116
2.1128
2.1124
2.1164
2.114
2.1156
2.1144
2.1144
2.1148
2.1164
2.1164
2.1148
2.116
2.1212
2.1172
2.1176
2.1196
2.1208
2.1204
2.1196
2.1184
2.12
2.1204
2.1216
2.1192
2.12
2.1216
2.1236
2.1204
2.1224
2.1216
2.124
2.1204
2.1248
2.1252
2.1232
2.1212
2.1268
2.1228
2.1232
2.1216
2.1244
2.1228
2.1288
2.126
2.1268
2.1264
2.126
2.126
2.1292
2.1256
2.1312
2.1296
2.1264
2.1288
2.1296
2.128
2.1284
2.1268
2.1316
2.1308
2.1304
2.1308
2.1308
2.1328
2.1364
2.1324
2.134
2.134
2.132
2.1344
2.136
2.1324
2.1356
2.1336
2.134
2.132
2.1336
2.1344
2.136
2.1352
2.1364
2.1344
2.1388
2.1352
2.1384
2.136
2.138
2.1396
2.1384
2.1376
2.1368
2.1372
2.1392
2.136
2.1388
2.142
2.1392
2.1368
2.138
2.1404
2.1412
2.14
2.1396
2.1444
2.1428
2.1368
2.1408
2.1372
2.1412
2.1464
2.146
2.1432
2.1428
2.1424
2.1448
2.1444
2.1448
2.144
2.1464
2.1448
2.1464
2.142
2.1432
2.1448
2.1456
2.1456
2.1468
2.1464
2.1448
2.1432
2.1476
2.1444
2.1488
2.1472
2.1472
2.1484
2.1484
2.1476
2.1468
2.1432
2.15
2.144
2.15
2.1492
2.1484
2.1484
2.1484
2.1508
2.1508
2.1468
2.1508
2.1476
2.146
2.1508
2.1492
2.15
2.1508
2.1476
2.1512
2.1528
2.1532
2.1512
2.1488
2.1536
2.1516
2.1532
2.1516
2.1548
2.154
2.1532
2.158
2.1544
2.156
2.1516
2.1556
2.1568
2.1596
2.154
2.1584
2.156
2.1544
2.1576
2.1564
2.1532
2.158
2.156
2.1576
2.1624
2.1596
2.1572
2.1584
2.1576
2.1596
2.1596
2.1576
2.1592
2.1612
2.158
2.1604
2.1584
2.16
2.158
2.1608
2.16
2.1648
2.1596
2.1608
2.1624
2.1632
2.16
2.1616
2.1616
2.1648
2.1596
2.1628
2.164
2.1604
2.1624
2.1656
2.1644
2.1648
2.1628
2.1632
2.1624
2.1648
2.1636
2.164
2.162
2.1636
2.1612
2.1684
2.168
2.1664
2.166
2.1688
2.1648
2.1692
2.1636
2.1648
2.166
2.1672
2.1684
2.1696
2.1656
2.1664
2.166
2.1664
2.1688
2.1656
2.1648
2.168
2.168
2.1672
2.17
2.168
2.1712
2.1688
2.166
2.1712
2.1708
2.17
2.1688
2.1704
2.1696
2.1672
2.1684
2.1712
2.17
2.1748
2.1708
2.168
2.172
2.1724
2.17
2.1712
2.17
2.1696
2.1692
2.1712
2.172
2.1704
2.1724
2.1772
2.17
2.1736
2.1712
2.174
2.1756
2.1716
2.1728
2.1716
2.1752
2.174
2.1724
2.1736
2.1744
2.1752
2.1748
2.1752
2.1748
2.1756
2.1772
2.1732
2.1768
2.1764
2.1744
2.174
2.1756
2.1768
2.1768
2.176
2.176
2.1784
2.1752
2.1764
2.176
2.1784
2.1732
2.1772
2.1764
2.1752
2.176
2.1796
2.176
2.1768
2.1768
2.1796
2.1756
2.1756
2.1788
2.1784
2.1796
2.1796
2.1796
2.1792
2.1796
2.1776
2.1796
2.1772
2.178
2.18
2.1816
2.1816
2.1816
2.1792
2.1784
2.1816
2.1832
2.182
2.1788
2.1816
2.1772
2.1816
2.1796
2.18
2.18
2.1824
2.1824
2.1852
2.1804
2.1836
2.1776
2.1848
2.1824
2.1856
2.1808
2.1876
2.1812
2.184
2.1852
2.1864
2.1876
2.184
2.1828
2.186
2.1832
2.1832
2.1808
2.182
2.1844
2.186
2.1848
2.1832
2.1844
2.1836
2.1852
2.1848
2.186
2.188
2.1836
2.1892
2.184
2.1864
2.1868
2.1884
2.186
2.1876
2.1872
2.1868
2.1876
2.1876
2.1868
2.1892
2.1876
2.1896
2.186
2.19
2.1848
2.188
2.1852
2.1876
2.1904
2.1884
2.1892
2.188
2.1876
2.1884
2.1868
2.188
2.188
2.1872
2.1872
2.1924
2.188
2.1916
2.1892
2.1916
2.1908
2.1904
2.1884
2.19
2.1952
2.1932
2.1904
2.192
2.1896
2.1892
2.19
2.1956
2.1888
2.1928
2.1904
2.1896
2.1896
2.1912
2.1936
2.188
2.188
2.1908
2.1924
2.196
2.1924
2.194
2.1936
2.194
2.1916
2.1928
2.1916
2.1928
2.1916
2.194
2.1932
2.1952
2.1936
2.1956
2.1932
2.194
2.1948
2.1964
2.1944
2.196
2.1924
2.1956
2.1932
2.1956
2.1952
2.1976
2.1936
2.1956
2.1968
2.1928
2.1924
2.1968
2.198
2.1972
2.1952
2.1988
2.1948
2.1928
2.1952
2.1956
2.1948
2.1936
2.1956
2.196
2.1964
2.1948
2.1956
2.1968
2.1976
2.1968
2.198
2.1992
2.1948
2.1948
2.1992
2.1972
2.1976
2.1984
2.1968
2.1992
2.1996
2.1972
2.1984
2.198
2.198
2.198
2.196
2.2
2.1948
2.196
2.196
2.2004
2.1988
2.1972
2.2004
2.1996
2.1976
2.2004
2.1964
2.2
2.1996
2.1976
2.2012
2.1996
2.196
2.1972
2.1964
2.196
2.1988
2.1988
2.198
2.2012
2.1984
2.198
2.1996
2.1992
2.2
2.1972
2.1988
2.2004
2.1972
2.1996
2.1996
2.2024
2.2
2.1984
2.2024
2.202
2.2
2.198
2.1996
2.204
2.2004
2.202
2.1992
2.2048
2.202
2.2008
2.2004
2.2024
2.2036
2.2032
2.2008
2.206
2.2032
2.1992
2.2008
2.2036
2.202
2.2056
2.2016
2.204
2.2048
2.204
2.2016
2.204
2.2044
2.2016
2.2028
2.2028
2.202
2.2048
2.1984
2.2064
2.2048
2.2028
2.2024
2.2032
2.204
2.2044
2.2036
2.206
2.2028
2.2028
2.2004
2.2076
2.2064
2.2024
2.2052
2.2056
2.2048
2.204
2.2044
2.2076
2.204
2.204
2.2036
2.206
2.2068
2.2056
2.2052
2.2084
2.2
2.2076
2.2036
2.208
2.208
2.206
2.2044
2.2072
2.2052
2.2052
2.2016
2.2064
2.2076
2.2076
2.2056
2.2032
2.2048
2.2044
2.2076
2.2072
2.2048
2.2068
2.208
2.2056
2.206
2.2072
2.2076
2.21
2.2076
2.2072
2.2076
2.2076
2.208
2.2088
2.2076
2.2068
2.2104
2.2112
2.208
2.2064
2.2084
2.208
2.2084
2.2104
2.2088
2.2112
2.2092
2.2124
2.2076
2.2124
2.2084
2.2108
2.2072
2.208
2.2092
2.21
2.21
2.208
2.2064
2.208
2.208
2.2068
2.2076
2.21
2.2108
2.2088
2.2096
2.2108
2.2088
2.2072
2.2104
2.2112
2.212
2.21
2.2088
2.2108
2.2124
2.2112
2.2088
2.214
2.2064
2.2104
2.2088
2.2112
2.2072
2.2132
2.2084
2.2132
2.2128
2.212
2.2108
2.2148
2.2104
2.2108
2.212
2.2148
2.21
2.2124
2.2084
2.2112
2.2092
2.212
2.2116
2.212
2.212
2.21
2.2104
2.212
2.2112
2.21
2.2152
2.2132
2.2108
2.2124
2.2084
2.2136
2.2124
2.2112
2.212
2.2128
2.2112
2.212
2.2124
2.2112
2.2132
2.2116
2.2112
2.2148
2.2096
2.212
2.2088
2.2124
2.2124
2.214
2.2144
2.2152
2.2084
2.2112
2.2116
2.2164
2.2132
2.2132
2.2128
2.212
2.2136
2.216
2.2092
2.2148
2.212
2.2116
2.2128
2.2104
2.2104
2.2136
2.212
2.214
2.21
2.2132
2.2104
2.2156
2.2148
2.212
2.2132
2.2116
2.2128
2.2132
2.212
2.218
2.214
2.2124
2.2164
2.212
2.2152
2.214
2.2132
2.2148
2.2144
2.214
2.2096
2.2172
2.2148
2.2144
2.2136
2.2216
2.2148
2.2184
2.2108
2.2152
2.2136
2.2132
2.2128
2.2152
2.2176
2.2168
2.2152
2.2164
2.2152
2.2168
2.2112
2.2176
2.2132
2.2164
2.2144
2.214
2.2168
2.2136
2.2168
2.218
2.214
2.2196
2.2172
2.218
2.216
2.214
2.216
2.2196
2.2164
2.2168
2.2144
2.216
2.2152
2.216
2.2192
2.2148
2.2188
2.2188
2.2168
2.2184
2.2192
2.2156
2.2148
2.218
2.2152
2.2184
2.2148
2.2204
2.22
2.218
2.2204
2.2156
2.2152
2.2176
2.218
2.2204
2.2168
2.2156
2.2204
2.2188
2.2192
2.2208
2.214
2.218
2.2204
2.2188
2.22
2.2204
2.2148
2.2184
2.2184
2.2148
2.2188
2.2172
2.2168
2.218
2.2184
2.2192
2.2184
2.2216
2.218
2.2212
2.22
2.2204
2.2172
2.2188
2.2152
2.2212
2.2204
2.2196
2.2172
2.2212
2.2192
2.2204
2.2196
2.2168
2.2228
2.2196
2.2188
2.2204
2.2148
2.2212
2.2208
2.2184
2.2176
2.2184
2.2204
2.22
2.2168
2.218
2.2164
2.2208
2.2172
2.2184
2.2184
2.2176
2.2192
2.2236
2.2188
2.2216
2.2212
2.2212
2.218
2.2188
2.2224
2.2188
2.2164
2.2188
2.2228
2.2192
2.2204
2.2248
2.2208
2.2204
2.2208
2.2216
2.2212
2.2192
2.2208
2.2228
2.2216
2.2196
2.2196
2.2212
2.22
2.2208
2.2192
2.2208
2.218
2.2204
2.22
2.2216
2.2196
2.2208
2.2204
2.2228
2.2204
2.22
2.2188
2.2216
2.222
2.2192
2.222
2.2196
2.2208
2.2176
2.2212
2.2196
2.2184
2.2216
2.2208
2.2244
2.22
2.222
2.2208
2.2172
2.2224
2.2196
2.22
2.2244
2.222
2.22
2.2224
2.2276
2.2268
2.2224
2.222
2.2244
2.2204
2.2232
2.2188
2.2208
2.2196
2.22
2.2212
2.2244
2.2232
2.2236
2.2224
2.2244
2.2196
2.222
2.2204
2.22
2.2236
2.2224
2.222
2.2236
2.2208
2.2232
2.222
2.222
2.2212
2.2224
2.2244
2.2228
2.2204
2.2216
2.222
2.2232
2.2232
2.2208
2.224
2.2224
2.2208
2.2232
2.2224
2.222
2.2216
2.2232
2.2228
2.2236
2.2236
2.2228
2.222
2.2252
2.2208
2.2224
2.224
2.224
2.2212
2.224
2.2228
2.222
2.222
2.2224
2.2224
2.222
2.222
2.224
2.2232
2.2256
2.2224
2.2208
2.2224
2.2228
2.2244
2.2228
2.22
2.2232
2.2196
2.2236
2.2216
2.2248
2.2196
2.2252
2.2248
2.2268
2.2232
2.2216
2.2244
2.2232
2.2244
2.2232
2.222
2.2236
2.2244
2.228
2.224
2.2216
2.222
2.2228
2.2248
2.2228
2.2236
2.2216
2.2228
2.226
2.2264
2.2248
2.2268
2.2224
2.2232
2.2236
2.2236
2.2244
2.224
2.2276
2.2236
2.2256
2.2248
2.2232
2.222
2.2232
2.224
2.2256
2.2232
2.2256
2.226
2.2248
2.2256
2.2272
2.2224
2.228
2.2248
2.2264
2.2244
2.2232
2.2268
2.2228
2.2228
2.2272
2.2204
2.226
2.2228
2.222
2.2264
2.226
2.224
2.2236
2.2232
2.2236
2.2228
2.2232
2.2272
2.228
2.2268
2.222
2.2228
2.2236
2.2256
2.22
2.2252
2.226
2.2244
2.2256
2.2244
2.228
2.2236
2.2248
2.2236
2.228
2.2292
2.2264
2.2264
2.2284
2.226
2.2276
2.2244
2.228
2.228
2.2252
2.2268
2.2244
2.224
2.2272
2.2228
2.2284
2.2264
2.226
2.226
2.226
2.2248
2.2264
2.2224
2.2252
2.2264
2.2264
2.2252
2.2236
2.226
2.2272
2.228
2.2256
2.2268
2.2268
2.2232
2.2244
2.2284
2.2264
2.2272
2.2272
2.2264
2.2252
2.2244
2.228
2.2288
2.2264
2.2256
2.228
2.2216
2.226
2.2236
2.2272
2.2252
2.2272
2.2244
2.228
2.2292
2.228
2.2264
2.2284
2.2248
2.2268
2.2276
2.2268
2.2264
2.228
2.2244
2.2284
2.2284
2.224
2.2252
2.2284
2.2228
2.2264
2.2268
2.226
2.2272
2.2252
2.2268
2.2264
2.2276
2.2236
2.2252
2.2304
2.226
2.2272
2.2268
2.2288
2.2248
2.2304
2.2272
2.2292
2.2292
2.2232
2.2264
2.2276
2.2268
2.2272
2.23
2.2292
2.23
2.2264
2.2268
2.2288
2.2264
2.2256
2.2268
2.2256
2.2268
2.2296
2.2284
2.2284
2.2292
2.2292
2.2284
2.23
2.2252
2.228
2.2252
2.2292
2.2292
2.2284
2.2292
2.2312
2.2292
2.228
2.2296
2.2268
2.232
2.2272
2.2248
2.2288
2.2272
2.2292
2.2312
2.2304
2.2284
2.23
2.2256
2.23
2.2264
2.2272
2.228
2.228
2.2268
2.228
2.2264
2.232
2.224
2.2296
2.2284
2.2292
2.2292
2.2296
2.2312
2.2252
2.228
2.2312
2.2264
2.2264
2.2284
2.2284
2.2284
2.2296
2.2248
2.2296
2.2288
2.2292
2.2316
2.2268
2.2272
2.2324
2.2268
2.23
2.2292
2.2312
2.2296
2.2296
2.2296
2.2296
2.2284
2.2268
2.2312
2.228
2.228
2.2284
2.23
2.2344
2.2292
2.2264
2.2292
2.2296
2.2292
2.2292
2.2264
2.2304
2.2276
2.2256
2.2268
2.2272
2.2296
2.2276
2.2296
2.232
2.2272
2.2308
2.2252
2.2292
2.2308
2.2284
2.2292
2.226
2.2284
2.2284
2.2272
2.234
2.2268
2.2308
2.2296
2.2284
2.2308
2.2304
2.2284
2.2276
2.2316
2.2316
2.2292
2.2304
2.2284
2.2272
2.228
2.2264
2.2304
2.228
2.2296
2.2288
2.2308
2.2272
2.2288
2.2328
2.2276
2.2328
2.2276
2.2312
2.2308
2.2284
2.2292
2.2288
2.2312
2.2316
2.2284
2.2344
2.2272
2.2308
2.2304
2.2292
2.232
2.2296
2.2308
2.2344
2.2344
2.2292
2.2316
2.2284
2.2324
2.2312
2.2304
2.23
2.2288
2.2292
2.2312
2.2352
2.2292
2.2288
2.2296
2.2312
2.2316
2.2308
2.23
2.2288
2.2304
2.228
2.232
2.2312
2.2296
2.2328
2.2284
2.2328
2.2356
2.228
2.2344
2.2324
2.232
2.2312
2.2268
2.2312
2.2308
2.2308
2.234
2.232
2.2312
2.228
2.23
2.23
2.2332
2.23
2.2288
2.2304
2.2292
2.23
2.2288
2.23
2.2304
2.2312
2.2284
2.2292
2.2312
2.2268
2.2284
2.2288
2.2316
2.2324
2.2312
2.2316
2.2308
2.2292
2.2292
2.2284
2.232
2.2312
2.23
2.23
2.2336
2.2324
2.2324
2.2316
2.228
2.2304
2.2316
2.2312
2.2312
2.23
2.2296
2.228
2.2312
2.2308
2.2288
2.2304
2.2296
2.2312
2.228
2.2292
2.2312
2.2292
2.2348
2.2296
2.2312
2.2328
2.2276
2.2332
2.2304
2.2312
2.2316
2.2324
2.2296
2.2288
2.2292
2.2328
2.232
2.2348
2.2328
2.232
2.2312
2.2336
2.2304
2.2348
2.236
2.2312
2.2316
2.2328
2.226
2.2308
2.2312
2.2316
2.2324
2.2308
2.2292
2.2332
2.234
2.2312
2.2308
2.2292
2.232
2.23
2.23
2.2336
2.2308
2.2284
2.228
2.2332
2.2344
2.2284
2.2304
2.2324
2.2328
2.2316
2.2268
2.2312
2.2328
2.2328
2.2312
2.234
2.2352
2.2308
2.2296
2.2292
2.2328
2.23
2.23
2.2308
2.2316
2.2328
2.2316
2.2324
2.2312
2.2292
2.2308
2.2312
2.2304
2.2292
2.2312
2.2324
2.2348
2.2324
2.2332
2.2324
2.2344
2.2336
2.228
2.2324
2.2288
2.2296
2.232
2.2304
2.2324
2.2348
2.2328
2.2332
2.23
2.2332
2.2296
2.2304
2.232
2.2316
2.23
2.2324
2.2308
2.2352
2.2324
2.232
2.2288
2.232
2.2304
2.2296
2.2328
2.232
2.2324
2.2308
2.2324
2.2328
2.23
2.2324
2.2332
2.2296
2.23
2.2328
2.2316
2.2296
2.2324
2.2324
2.232
2.2296
2.2304
2.2312
2.2352
2.2292
2.23
2.2304
2.2324
2.2356
2.2332
2.2308
2.2292
2.2332
2.2312
2.2332
2.2284
2.2328
2.2312
2.2324
2.2312
2.2312
2.2304
2.2336
2.2332
2.232
2.2332
2.2356
2.2324
2.23
2.2308
2.2324
2.23
2.2308
2.2316
2.2308
2.2336
2.232
2.2312
2.2344
2.2336
2.234
2.23
2.2332
2.2332
2.2328
2.2308
2.2296
2.234
2.2288
2.2316
2.2312
2.2292
2.2316
2.2292
2.2324
2.2364
2.2344
2.2292
2.234
2.2372
2.2304
2.234
2.2304
2.2316
2.2336
2.23
2.2328
2.2336
2.2316
2.2304
2.2368
2.234
2.2344
2.234
2.2324
2.2284
2.2332
2.232
2.2324
2.2356
2.2356
2.2344
2.2328
2.2344
2.232
2.2316
2.2324
2.232
2.232
2.2304
2.2292
2.2312
2.2316
2.2332
2.2308
2.2344
2.2336
2.2328
2.2344
2.2308
2.2312
2.2332
2.232
2.2352
2.2292
2.2316
2.2324
2.2328
2.2348
2.2336
2.2356
2.2368
2.2308
2.234
2.2336
2.2324
2.2324
2.2304
2.234
2.2328
2.2296
2.2288
2.2328
2.2332
2.23
2.2284
2.2292
2.2324
2.2312
2.2328
2.2328
2.2312
2.234
2.2304
2.2328
2.2288
2.23
2.2312
2.2332
2.2308
2.23
2.228
2.2348
2.2328
2.2312
2.2304
2.2336
2.2292
2.2308
2.23
2.2308
2.23
2.2324
2.2332
2.2312
2.2304
2.232
2.2304
2.2296
2.2328
2.2332
2.2332
2.2312
2.2304
2.2328
2.2272
2.2348
2.232
2.232
2.2332
2.2324
2.2296
2.2332
2.232
2.2336
2.2352
2.2332
2.2316
2.2308
2.2336
2.2348
2.2304
2.2312
2.2324
2.2336
2.2308
2.2328
2.2296
2.2292
2.23
2.2292
2.2324
2.23
2.2296
2.2316
2.2288
2.234
2.2304
2.2332
2.2328
2.234
2.2304
2.2308
2.2316
2.2352
2.228
2.234
2.2284
2.2296
2.2304
2.2324
2.232
2.2336
2.2304
2.234
2.23
2.236
2.2316
2.2312
2.2336
2.2316
2.23
2.232
2.2316
2.2328
2.2284
2.232
2.2308
2.2348
2.232
2.2344
2.232
2.2316
2.2304
2.2324
2.2332
2.2324
2.2316
2.2348
2.2312
2.2332
2.2324
2.232
2.2296
2.2332
2.2284
2.2292
2.2356
2.2316
2.2308
2.2336
2.2312
2.2332
2.232
2.2312
2.2304
2.2328
2.2304
2.2332
2.2304
2.2328
2.232
2.232
2.2344
2.2316
2.2336
2.2324
2.2348
2.2352
2.2296
2.2324
2.2332
2.23
2.2356
2.2292
2.232
2.232
2.2304
2.2348
2.2328
2.2328
2.2284
2.2336
2.232
2.232
2.228
2.228
2.2304
2.2352
2.2308
2.2368
2.2332
2.228
2.232
2.2324
2.2324
2.2304
2.2324
2.2344
2.2308
2.2332
2.2336
2.232
2.2352
2.2328
2.2276
2.2332
2.234
2.2356
2.2332
2.2292
2.234
2.2324
2.2308
2.2336
2.2308
2.2332
2.2316
2.2332
2.23
2.2332
2.2328
2.2308
2.2348
2.232
2.2304
2.2324
2.2344
2.2356
2.2308
2.2316
2.2328
2.2336
2.2284
2.2336
2.23
2.23
2.23
2.2296
2.2288
2.2304
2.2308
2.2308
2.2316
2.2324
2.2332
2.2288
2.23
2.2308
2.2304
2.2324
2.2332
2.2324
2.23
2.232
2.2324
2.23
2.2328
2.2324
2.234
2.2332
2.2296
2.2328
2.2316
2.2304
2.2292
2.2312
2.228
2.2308
2.2304
2.2336
2.2316
2.2312
2.232
2.2348
2.2312
2.2316
2.234
2.234
2.2324
2.2328
2.234
2.2344
2.2312
2.23
2.23
2.2284
2.2272
2.232
2.2324
2.2312
2.2312
2.2296
2.2336
2.2316
2.2352
2.2316
2.2304
2.2312
2.2308
2.2316
2.228
2.232
2.2284
2.2328
2.2276
2.2316
2.2328
2.2316
2.2312
2.2304
2.2316
2.2292
2.232
2.2336
2.2316
2.2304
2.2296
2.2308
2.2288
2.23
2.2284
2.2292
2.23
2.2304
2.2312
2.2292
2.232
2.2308
2.2292
2.2328
2.232
2.2332
2.2316
2.2308
2.2328
2.23
2.23
2.234
2.2348
2.2316
2.23
2.2292
2.2344
2.232
2.2316
2.2328
2.2292
2.2296
2.232
2.2292
2.234
2.2292
2.2316
2.2316
2.2292
2.2316
2.23
2.2312
2.2332
2.2316
2.2304
2.234
2.2288
2.2336
2.23
2.2324
2.2316
2.23
2.2272
2.2328
2.2288
2.2304
2.2288
2.2328
2.2332
2.2304
2.2312
2.232
2.2336
2.236
2.2332
2.2336
2.2292
2.2308
2.228
2.234
2.2308
2.2304
2.2316
2.23
2.2292
2.23
2.2284
2.2348
2.2304
2.2312
2.23
2.2304
2.2336
2.2296
2.2312
2.232
2.2316
2.2308
2.23
2.2316
2.2276
2.2344
2.2324
2.2348
2.2352
2.2296
2.2308
2.2324
2.2316
2.2332
2.2292
2.2284
2.2312
2.2312
2.234
2.2308
2.2308
2.2308
2.2304
2.2296
2.2272
2.2328
2.2276
2.2344
2.2324
2.2312
2.234
2.2328
2.2284
2.2348
2.2304
2.2336
2.228
2.2332
2.2276
2.2288
2.2316
2.2316
2.2296
2.2316
2.2308
2.2304
2.2284
2.23
2.2292
2.2352
2.232
2.2328
2.2304
2.2308
2.2312
2.2308
2.2296
2.2308
2.2312
2.2288
2.228
2.234
2.2284
2.2332
2.2316
2.228
2.2308
2.2308
2.2308
2.2328
2.2292
2.2304
2.2288
2.2304
2.228
2.2324
2.2312
2.2288
2.2312
2.232
2.2312
2.2324
2.23
2.2296
2.2308
2.2288
2.2332
2.2316
2.2292
2.2296
2.2304
2.2352
2.2296
2.2344
2.2312
2.232
2.2324
2.228
2.2324
2.232
2.232
2.2284
2.2284
2.234
2.2308
2.2324
2.234
2.2328
2.2296
2.2292
2.23
2.2332
2.23
2.2316
2.2276
2.2324
2.2304
2.2292
2.2284
2.2288
2.2304
2.2276
2.23
2.234
2.2296
2.2312
2.23
2.2308
2.2308
2.2312
2.2288
2.2312
2.2312
2.2296
2.2312
2.2308
2.2324
2.2328
2.2324
2.2332
2.2296
2.2296
2.2276
2.2312
2.2292
2.2304
2.2304
2.2248
2.2308
2.23
2.2312
2.2312
2.2324
2.23
2.2296
2.2296
2.232
2.228
2.2284
2.2308
2.2296
2.2304
2.2296
2.2308
2.232
2.2328
2.2292
2.2336
2.2284
2.2336
2.23
2.2304
2.2292
2.2296
2.2316
2.23
2.2276
2.2292
2.23
2.2324
2.228
2.2268
2.2304
2.232
2.2284
2.2308
2.226
2.2312
2.2292
2.228
2.2284
2.232
2.2284
2.2328
2.2284
2.2304
2.23
2.2272
2.2304
2.2292
2.2284
2.228
2.2308
2.2324
2.228
2.2304
2.2288
2.2328
2.2292
2.2284
2.2292
2.2324
2.228
2.23
2.2276
2.2296
2.228
2.2296
2.2248
2.2272
2.2256
2.2292
2.2328
2.2304
2.2288
2.2292
2.2276
2.2272
2.2312
2.2264
2.2292
2.2308
2.2316
2.2312
2.2316
2.2288
2.2284
2.2292
2.2296
2.2308
2.2288
2.2304
2.228
2.2276
2.2308
2.232
2.2276
2.2296
2.2268
2.2276
2.2268
2.2284
2.2316
2.2324
2.2304
2.2312
2.2292
2.2292
2.2264
2.2316
2.2308
2.2288
2.2276
2.2328
2.23
2.2284
2.2308
2.2308
2.2328
2.2288
2.2252
2.2296
2.2292
2.2268
2.2288
2.2288
2.228
2.2288
2.2252
2.2324
2.228
2.228
2.2296
2.234
2.2332
2.23
2.23
2.2308
2.2264
2.228
2.2312
2.2316
2.2252
2.2292
2.2304
2.2324
2.2276
2.2272
2.2292
2.2288
2.2288
2.2292
2.2272
2.2268
2.2292
2.2308
2.228
2.2308
2.2284
2.2288
2.2268
2.23
2.2276
2.2284
2.2244
2.2264
2.2316
2.2252
2.2268
2.2268
2.2288
2.2252
2.23
2.2284
2.2244
2.228
2.2288
2.2276
2.228
2.2256
2.2264
2.232
2.2296
2.2296
2.226
2.2276
2.2276
2.2288
2.2288
2.2256
2.2268
2.2268
2.226
2.2268
2.2276
2.2264
2.226
2.2268
2.2296
2.2276
2.2292
2.2268
2.2288
2.2264
2.228
2.2292
2.2276
2.2304
2.2272
2.2328
2.2232
2.228
2.226
2.2224
2.2288
2.2272
2.2236
2.2304
2.2284
2.2292
2.2248
2.2244
2.2292
2.2284
2.2292
2.2284
2.23
2.2284
2.2264
2.2292
2.2268
2.2244
2.2276
2.2296
2.2252
2.2292
2.2252
2.226
2.228
2.226
2.2252
2.224
2.2244
2.2272
2.2268
2.2236
2.2264
2.226
2.2264
2.2252
2.228
2.226
2.2268
2.2272
2.2284
2.2244
2.228
2.2264
2.2268
2.2296
2.2264
2.2296
2.2264
2.2292
2.2228
2.23
2.2292
2.228
2.2272
2.2248
2.2292
2.2288
2.2292
2.2348
2.228
2.2284
2.2268
2.2288
2.2284
2.2292
2.2248
2.2292
2.2284
2.2292
2.2272
2.2276
2.2272
2.2272
2.2256
2.2284
2.2276
2.2276
2.2268
2.2304
2.228
2.2248
2.2272
2.226
2.2256
2.2276
2.2304
2.2292
2.2264
2.2256
2.2268
2.226
2.228
2.2264
2.2256
2.228
2.2288
2.2288
2.2264
2.2312
2.226
2.2248
2.2292
2.2288
2.23
2.2264
2.2252
2.2304
2.2256
2.2244
2.224
2.2312
2.2288
2.2276
2.2292
2.2276
2.2256
2.2284
2.2252
2.23
2.2288
2.2272
2.2284
2.2272
2.2268
2.2248
2.2264
2.2292
2.2296
2.228
2.2268
2.2252
2.224
2.2276
2.2272
2.226
2.2264
2.2256
2.2252
2.2276
2.228
2.2264
2.2268
2.2264
2.2244
2.2276
2.2236
2.228
2.2252
2.2276
2.2272
2.2268
2.2284
2.228
2.226
2.2244
2.2284
2.2272
2.2272
2.2296
2.2252
2.2264
2.2244
2.2272
2.226
2.2264
2.2236
2.224
2.2272
2.226
2.226
2.2284
2.2276
2.2284
2.226
2.2276
2.228
2.2284
2.226
2.2264
2.2248
2.226
2.2256
2.226
2.2292
2.224
2.2272
2.2228
2.2236
2.2264
2.2256
2.2256
2.226
2.2284
2.226
2.23
2.2272
2.2264
2.2256
2.224
2.2292
2.2272
2.2276
2.2268
2.2268
2.226
2.2256
2.2272
2.2268
2.226
2.2248
2.228
2.2268
2.2292
2.2236
2.2236
2.2272
2.226
2.2204
2.2292
2.228
2.2296
2.2264
2.2292
2.2288
2.2256
2.2244
2.2256
2.2252
2.2268
2.2272
2.228
2.2252
2.2252
2.2244
2.2284
2.2268
2.2268
2.2256
2.2256
2.226
2.2244
2.226
2.226
2.2228
2.2264
2.2264
2.2236
2.2248
2.2256
2.2252
2.226
2.224
2.2232
2.2204
2.2264
2.2236
2.2264
2.2252
2.2284
2.2248
2.2252
2.2264
2.2232
2.2272
2.226
2.2244
2.226
2.2244
2.2256
2.2248
2.2232
2.2248
2.2264
2.226
2.2236
2.2252
2.2224
2.2228
2.2232
2.2276
2.2276
2.222
2.2236
2.222
2.2256
2.2244
2.2264
2.2268
2.224
2.2276
2.2284
2.2284
2.2232
2.2256
2.2288
2.226
2.2244
2.2256
2.2256
2.2248
2.2244
2.2248
2.2264
2.2256
2.2256
2.2256
2.2248
2.2264
2.226
2.2252
2.2272
2.2244
2.2236
2.2256
2.226
2.2252
2.2252
2.226
2.2292
2.224
2.2276
2.2268
2.222
2.2264
2.2256
2.2216
2.226
2.222
2.2244
2.2248
2.2228
2.2276
2.224
2.2224
2.2256
2.2252
2.2252
2.2236
2.2248
2.2228
2.2248
2.22
2.2236
2.224
2.2264
2.2268
2.2268
2.2252
2.2272
2.2252
2.2272
2.2256
2.2256
2.2224
2.2244
2.2204
2.2232
2.224
2.2236
2.2244
2.224
2.2212
2.2228
2.222
2.2224
2.2236
2.224
2.224
2.224
2.2236
2.2232
2.2228
2.2216
2.2248
2.2236
2.2268
2.224
2.2244
2.2236
2.2224
2.2236
2.2236
2.2244
2.2252
2.222
2.2248
2.2236
2.2236
2.2232
2.2248
2.2236
2.2212
2.2228
2.2224
2.2256
2.2232
2.222
2.2188
2.2256
2.2236
2.2256
2.222
2.2236
2.2244
2.2228
2.22
2.226
2.224
2.2232
2.2236
2.2236
2.224
2.2216
2.222
2.2232
2.2232
2.2232
2.2232
2.2236
2.2216
2.226
2.2224
2.224
2.2204
2.2188
2.2244
2.2236
2.2236
2.2232
2.2216
2.2248
2.2268
2.224
2.2256
2.2248
2.2252
2.2216
2.2216
2.224
2.2232
2.222
2.2236
2.2228
2.2224
2.2216
2.224
2.2216
2.224
2.222
2.2216
2.2228
2.2236
2.2244
2.2244
2.2256
2.2228
2.2196
2.224
2.2236
2.2228
2.2232
2.2212
2.2252
2.2228
2.222
2.2232
2.224
2.2232
2.2212
2.218
2.224
2.2204
2.222
2.2196
2.2212
2.2204
2.2228
2.2264
2.2208
2.2208
2.2228
2.2204
2.224
2.2212
2.2204
2.2204
2.2208
2.2216
2.2208
2.2216
2.2228
2.216
2.2216
2.2236
2.2232
2.2244
2.2216
2.2208
2.2268
2.2216
2.2212
2.222
2.224
2.2184
2.2244
2.2204
2.2224
2.222
2.2224
2.222
2.224
2.2236
2.22
2.224
2.2192
2.2184
2.2228
2.2196
2.2196
2.22
2.2224
2.2208
2.2236
2.2252
2.2216
2.2244
2.2264
2.2256
2.2188
2.2228
2.222
2.2172
2.2216
2.2196
2.2236
2.2228
2.2216
2.222
2.2244
2.2208
2.2228
2.2196
2.2212
2.2232
2.2212
2.22
2.2236
2.2196
2.2204
2.22
2.2216
2.2252
2.2208
2.2188
2.224
2.2224
2.2216
2.2216
2.222
2.2224
2.2232
2.2204
2.2224
2.226
2.2216
2.2196
2.2224
2.2212
2.2196
2.222
2.22
2.224
2.2208
2.2212
2.2212
2.22
2.2196
2.2192
2.222
2.2224
2.2196
2.2212
2.222
2.2236
2.2176
2.2216
2.22
2.2216
2.2252
2.2212
2.2196
2.2212
2.2184
2.2192
2.2232
2.2212
2.2216
2.222
2.2204
2.2192
2.22
2.2176
2.2216
2.2212
2.2196
2.22
2.222
2.222
2.2204
2.2184
2.2232
2.2216
2.2188
2.22
2.2212
2.2188
2.2252
2.2204
2.2232
2.222
2.2188
2.224
2.2232
2.2216
2.2216
2.2208
2.22
2.2212
2.2168
2.2208
2.22
2.2168
2.222
2.222
2.22
2.2212
2.216
2.2216
2.22
2.2176
2.2196
2.2208
2.22
2.2232
2.2192
2.2208
2.2224
2.2232
2.22
2.22
2.2212
2.22
2.2204
2.2168
2.2236
2.218
2.22
2.2192
2.2204
2.2224
2.2188
2.2176
2.2228
2.2192
2.2256
2.22
2.2204
2.2192
2.2212
2.2196
2.2216
2.2208
2.2216
2.2216
2.2216
2.222
2.2236
2.2268
2.222
2.2208
2.2224
2.2204
2.2224
2.2212
2.2196
2.2168
2.2192
2.2144
2.22
2.2196
2.2188
2.2196
2.2204
2.2184
2.22
2.218
2.2184
2.2192
2.2176
2.2204
2.2216
2.22
2.2172
2.2224
2.2188
2.2196
2.2192
2.2176
2.2196
2.2192
2.2224
2.2196
2.2172
2.2176
2.2228
2.2196
2.2196
2.2196
2.2208
2.2208
2.2184
2.22
2.2196
2.2172
2.218
2.2188
2.2192
2.22
2.22
2.216
2.2216
2.2224
2.2216
2.2192
2.2196
2.2176
2.2172
2.2196
2.2232
2.2204
2.2192
2.2208
2.22
2.2176
2.2184
2.218
2.2204
2.2188
2.218
2.2204
2.2184
2.2192
2.2176
2.2196
2.2192
2.2156
2.2168
2.2196
2.218
2.2184
2.2192
2.218
2.2184
2.2164
2.22
2.2212
2.2172
2.2192
2.2196
2.2196
2.2232
2.2212
2.2172
2.216
2.2208
2.2184
2.2204
2.22
2.2184
2.2144
2.2164
2.2164
2.22
2.2184
2.218
2.2168
2.2172
2.2184
2.216
2.2196
2.2172
2.2184
2.2172
2.218
2.2216
2.2172
2.2172
2.22
2.2176
2.2172
2.2184
2.218
2.2204
2.2176
2.22
2.216
2.2188
2.2192
2.2188
2.2168
2.2176
2.2172
2.2144
2.2196
2.2216
2.2164
2.216
2.2172
2.2164
2.2196
2.2176
2.2164
2.218
2.2172
2.2188
2.2132
2.2188
2.2172
2.2112
2.2128
2.2172
2.2168
2.2176
2.2156
2.2176
2.2172
2.2188
2.2196
2.2184
2.2156
2.2152
2.2176
2.2168
2.218
2.2148
2.2144
2.2176
2.2204
2.2192
2.2168
2.2148
2.2188
2.2184
2.216
2.22
2.218
2.2156
2.2164
2.2168
2.2128
2.2148
2.2156
2.216
2.218
2.2164
2.2152
2.2168
2.2152
2.2188
2.2168
2.2188
2.2152
2.2168
2.2152
2.2148
2.2168
2.2156
2.216
2.2148
2.2152
2.2172
2.2164
2.2156
2.214
2.216
2.2148
2.2152
2.2148
2.2172
2.2168
2.2168
2.2184
2.2168
2.2164
2.216
2.2152
2.2172
2.216
2.2164
2.2148
2.2184
2.2136
2.22
2.216
2.2144
2.2152
2.2148
2.214
2.2148
2.2144
2.2164
2.2136
2.2148
2.214
2.2184
2.216
2.2172
2.2168
2.2156
2.2168
2.216
2.2184
2.2152
2.22
2.2164
2.2164
2.2208
2.2188
2.212
2.2164
2.2168
2.2168
2.2144
2.214
2.2136
2.2128
2.2144
2.216
2.2152
2.2128
2.2152
2.2148
2.2172
2.214
2.2132
2.2148
2.214
2.214
2.2156
2.2156
2.216
2.212
2.2144
2.2164
2.218
2.2156
2.2148
2.2156
2.2176
2.2136
2.2148
2.2144
2.2152
2.2156
2.2148
2.2144
2.216
2.2164
2.2152
2.2164
2.2152
2.216
2.2156
2.2144
2.2124
2.2144
2.2136
2.2144
2.2168
2.216
2.218
2.2084
2.216
2.214
2.2164
2.2148
2.2132
2.2156
2.2152
2.2124
2.2176
2.2156
2.2148
2.2132
2.2148
2.214
2.2152
2.2128
2.2152
2.2144
2.2152
2.21
2.2144
2.2128
2.2144
2.2152
2.2152
2.214
2.216
2.212
2.2152
2.2148
2.2132
2.2116
2.2176
2.2152
2.2148
2.2164
2.2136
2.2124
2.2136
2.2144
2.2136
2.2144
2.2148
2.21
2.2124
2.212
2.212
2.2144
2.2144
2.2092
2.2132
2.2112
2.214
2.214
2.21
2.2104
2.2144
2.2112
2.2156
2.21
2.2148
2.2148
2.2124
2.2148
2.2152
2.2108
2.2124
2.2124
2.2144
2.2152
2.212
2.2116
2.216
2.2164
2.212
2.2156
2.2136
2.214
2.212
2.2116
2.2144
2.2112
2.2136
2.2108
2.2124
2.2128
2.2124
2.2132
2.2148
2.2112
2.2108
2.2128
2.2148
2.2116
2.214
2.2116
2.2096
2.2132
2.2092
2.212
2.2144
2.214
2.214
2.2148
2.2176
2.2124
2.2124
2.2156
2.214
2.2136
2.2128
2.2112
2.2152
2.214
2.2164
2.2104
2.2104
2.2136
2.2128
2.2148
2.2144
2.218
2.214
2.2136
2.2168
2.214
2.2144
2.2128
2.2132
2.2124
2.2164
2.2136
2.214
2.212
2.2144
2.2128
2.2168
2.216
2.21
2.2132
2.2136
2.2144
2.2128
2.21
2.212
2.2104
2.2128
2.212
2.2164
2.2092
2.2124
2.2108
2.2148
2.21
2.212
2.2108
2.2108
2.2128
2.2124
2.212
2.2132
2.2124
2.2156
2.21
2.2176
2.2124
2.2124
2.2128
2.2148
2.2152
2.2128
2.2104
2.2132
2.21
2.212
2.2108
2.2136
2.2104
2.212
2.2128
2.2184
2.2124
2.2124
2.2124
2.2116
2.2124
2.2144
2.214
2.2128
2.2112
2.212
2.21
2.21
2.2136
2.2124
2.2096
2.212
2.212
2.2132
2.214
2.2128
2.2104
2.2104
2.208
2.214
2.2112
2.2108
2.214
2.2128
2.2108
2.2108
2.2092
2.2148
2.2128
2.2148
2.2088
2.2088
2.2124
2.2076
2.2104
2.2132
2.21
2.2124
2.2112
2.2128
2.2108
2.2132
2.2124
2.2136
2.2144
2.212
2.2132
2.2136
2.2132
2.2136
2.214
2.2108
2.2124
2.21
2.2088
2.2124
2.2132
2.2136
2.2124
2.212
2.2096
2.21
2.2072
2.2112
2.21
2.2108
2.2128
2.212
2.2136
2.212
2.2132
2.2124
2.2112
2.2124
2.21
2.2116
2.212
2.212
2.21
2.2124
2.2112
2.2092
2.2132
2.2088
2.2124
2.2132
2.2088
2.212
2.2096
2.2116
2.2116
2.212
2.2112
2.2132
2.2116
2.2132
2.212
2.2104
2.2112
2.212
2.2124
2.2116
2.214
2.2148
2.2132
2.2124
2.2108
2.212
2.2104
2.212
2.2148
2.2108
2.2136
2.212
2.2088
2.2108
2.2156
2.2104
2.2128
2.2092
2.2084
2.2128
2.2116
2.2104
2.2092
2.2052
2.2104
2.21
2.212
2.2132
2.21
2.2144
2.2088
2.2128
2.21
2.2112
2.2092
2.2116
2.2112
2.2128
2.2108
2.2084
2.2124
2.2104
2.2128
2.21
2.2072
2.2104
2.2084
2.2108
2.2084
2.2112
2.2084
2.2116
2.2132
2.212
2.2128
2.2128
2.2108
2.2092
2.2108
2.21
2.2128
2.214
2.2112
2.212
2.208
2.2112
2.2116
2.2096
2.212
2.212
2.2096
2.2096
2.208
2.2092
2.2132
2.2096
2.2104
2.2136
2.2108
2.2108
2.206
2.212
2.2104
2.2084
2.208
2.216
2.212
2.2112
2.2108
2.2108
2.2088
2.2076
2.2084
2.2096
2.2112
2.2104
2.2096
2.212
2.21
2.2108
2.2112
2.2144
2.2108
2.21
2.2088
2.2108
2.2096
2.2088
2.2092
2.212
2.2112
2.2112
2.2092
2.2108
2.2088
2.21
2.2096
2.208
2.2096
2.2092
2.2088
2.2092
2.2056
2.2088
2.21
2.2084
2.2068
2.2112
2.2076
2.2116
2.2076
2.2124
2.2072
2.2108
2.208
2.2092
2.2084
2.2076
2.212
2.21
2.2092
2.2128
2.2096
2.2116
2.2124
2.21
2.2088
2.2088
2.2084
2.2096
2.2096
2.21
2.2052
2.2084
2.2076
2.2084
2.2084
2.2104
2.2096
2.2068
2.2056
2.2108
2.2084
2.21
2.21
2.21
2.2124
2.21
2.2084
2.2076
2.2068
2.2068
2.2088
2.2116
2.2092
2.206
2.2092
2.2088
2.2112
2.2084
2.2068
2.2108
2.2076
2.2084
2.2096
2.2112
2.2112
2.2108
2.2096
2.2084
2.2076
2.2092
2.2076
2.2064
2.206
2.2072
2.2036
2.2104
2.2072
2.2084
2.2084
2.2096
2.2092
2.204
2.2068
2.208
2.2072
2.2084
2.2076
2.2072
2.2092
2.2072
2.208
2.2076
2.2108
2.208
2.2076
2.2068
2.2052
2.208
2.208
2.2084
2.2076
2.2068
2.2092
2.2112
2.21
2.2068
2.206
2.2052
2.2104
2.208
2.2044
2.2068
2.2048
2.2092
2.2088
2.2124
2.2056
2.2092
2.2088
2.2076
2.2084
2.2056
2.2064
2.2084
2.2096
2.2112
2.2092
2.2092
2.2076
2.2076
2.2056
2.208
2.2116
2.2064
2.2096
2.2088
2.2064
2.2088
2.2068
2.21
2.2076
2.2088
2.208
2.2112
2.208
2.2088
2.2064
2.2072
2.2076
2.208
2.2036
2.2076
2.2076
2.206
2.2088
2.2084
2.21
2.2068
2.2068
2.2104
2.2076
2.2092
2.2088
2.2072
2.2112
2.2084
2.2068
2.208
2.2064
2.2036
2.204
2.2056
2.2068
2.2064
2.2064
2.2096
2.2068
2.206
2.2056
2.2084
2.2088
2.2064
2.2064
2.2068
2.2064
2.2096
2.2064
2.2068
2.2072
2.208
2.2084
2.2072
2.204
2.208
2.208
2.208
2.2068
2.2064
2.2056
2.2072
2.2084
2.2084
2.2084
2.2088
2.2072
2.2088
2.2068
2.2052
2.2084
2.2072
2.208
2.2084
2.2048
2.2084
2.2064
2.2076
2.208
2.206
2.2056
2.2096
2.2072
2.2044
2.2048
2.2056
2.2044
2.206
2.2048
2.208
2.206
2.204
2.2044
2.204
2.2032
2.2068
2.2056
2.2076
2.2064
2.2032
2.2032
2.204
2.2076
2.2064
2.2052
2.208
2.2068
2.2048
2.2032
2.2064
2.2024
2.2048
2.2028
2.2064
2.2064
2.204
2.2036
2.2064
2.208
2.2076
2.2064
2.208
2.2048
2.2068
2.208
2.2084
2.2084
2.2064
2.2064
2.208
2.2036
2.206
2.2036
2.2028
2.2068
2.2064
2.2072
2.206
2.2052
2.2072
2.2024
2.2072
2.2044
2.2024
2.202
2.2048
2.2088
2.2068
2.2036
2.202
2.2068
2.2036
2.2032
2.204
2.206
2.2044
2.2032
2.2052
2.2076
2.2056
2.2052
2.2056
2.2064
2.204
2.2032
2.2024
2.2036
2.2056
2.2056
2.2064
2.2048
2.2052
2.2048
2.2052
2.2064
2.2064
2.2032
2.2048
2.206
2.2064
2.204
2.2064
2.2088
2.2064
2.2056
2.206
2.2096
2.2072
2.2032
2.2024
2.204
2.2036
2.2076
2.2044
2.2064
2.2044
2.2048
2.2072
2.2052
2.2024
2.2032
2.2044
2.2064
2.2064
2.2024
2.2056
2.2056
2.2044
2.202
2.2068
2.204
2.2032
2.2044
2.2064
2.2044
2.202
2.2028
2.2072
2.2052
2.2036
2.2028
2.2028
2.2032
2.2056
2.2024
2.2064
2.2052
2.2056
2.202
2.2044
2.2024
2.2036
2.204
2.204
2.2016
2.2076
2.2016
2.2056
2.2028
2.2016
2.206
2.2028
2.2032
2.2024
2.2016
2.2056
2.2024
2.208
2.2032
2.2016
2.2036
2.2024
2.2028
2.2016
2.2052
2.2004
2.202
2.2028
2.206
2.2076
2.2024
2.2052
2.202
2.202
2.2056
2.2044
2.2036
2.2068
2.2024
2.2068
2.204
2.2016
2.2032
2.202
2.2024
2.2084
2.2044
2.2056
2.2068
2.2016
2.2016
2.2028
2.2036
2.2068
2.2016
2.2052
2.2016
2.2028
2.2028
2.204
2.2044
2.202
2.2036
2.2056
2.2032
2.2004
2.2028
2.2012
2.2028
2.2008
2.2012
2.2024
2.2012
2.2028
2.2008
2.204
2.2036
2.2048
2.2028
2.208
2.2024
2.2028
2.2032
2.2068
2.2044
2.2044
2.202
2.2028
2.2004
2.2012
2.204
2.2064
2.2056
2.2036
2.2024
2.2076
2.2032
2.2028
2.2016
2.2052
2.1988
2.2004
2.202
2.2036
2.2044
2.2024
2.2012
2.2028
2.2052
2.204
2.2004
2.2036
2.2012
2.2008
2.2024
2.2052
2.2044
2.2004
2.1988
2.2064
2.2036
2.1996
2.2044
2.2032
2.2008
2.2016
2.2024
2.2048
2.2052
2.202
2.2048
2.2028
2.2048
2.2044
2.202
2.2052
2.2028
2.2024
2.2012
2.2044
2.204
2.202
2.1988
2.2032
2.202
2.202
2.2012
2.2032
2.202
2.202
2.1984
2.2024
2.2024
2.1988
2.2004
2.2004
2.2024
2.2008
2.2036
2.2036
2.202
2.2044
2.2024
2.2032
2.2008
2.2012
2.1992
2.2052
2.2016
2.2012
2.2032
2.204
2.204
2.204
2.2016
2.2016
2.2008
2.2
2.2
2.2012
2.2016
2.2024
2.2032
2.2024
2.2028
2.2028
2.2016
2.2032
2.2024
2.2032
2.202
2.2008
2.2016
2.2012
2.2
2.2004
2.1996
2.1996
2.2028
2.2016
2.2032
2.2028
2.2016
2.2004
2.2012
2.2036
2.2012
2.2024
2.1996
2.2036
2.2
2.2048
2.2028
2.2004
2.1996
2.2008
2.1996
2.2016
2.2012
2.2056
2.2024
2.202
2.202
2.1996
2.2004
2.202
2.2012
2.202
2.1996
2.2052
2.2004
2.2036
2.2008
2.2008
2.2024
2.2028
2.2024
2.204
2.2024
2.2052
2.2052
2.2016
2.2004
2.202
2.2016
2.2044
2.202
2.2024
2.2004
2.204
2.1984
2.2064
2.2004
2.2028
2.2
2.2016
2.2024
2.1992
2.1996
2.2024
2.1996
2.2008
2.2
2.2012
2.2004
2.2008
2.1988
2.2044
2.2016
2.2
2.2008
2.2036
2.202
2.202
2.2048
2.2036
2.2024
2.204
2.1984
2.2024
2.2012
2.1996
2.2
2.2012
2.2008
2.2028
2.2
2.2012
2.2048
2.1988
2.1984
2.2
2.2012
2.2008
2.1972
2.204
2.2004
2.2008
2.2008
2.2016
2.2024
2.2032
2.2028
2.2028
2.2
2.2028
2.1996
2.2016
2.202
2.1996
2.202
2.2028
2.1992
2.2008
2.2032
2.202
2.2024
2.202
2.2048
2.2008
2.198
2.2
2.1992
2.2032
2.2012
2.2024
2.2016
2.1992
2.2032
2.204
2.2012
2.2024
2.2028
2.2024
2.1996
2.2012
2.1988
2.2012
2.1996
2.2008
2.2008
2.2004
2.198
2.2016
2.2008
2.2008
2.2028
2.2024
2.1988
2.2052
2.2012
2.2016
2.2012
2.1984
2.1996
2.2
2.1992
2.2024
2.2
2.2024
2.2008
2.202
2.1996
2.2012
2.2004
2.202
2.2028
2.2044
2.2052
2.202
2.2044
2.2016
2.1956
2.2032
2.2
2.2016
2.202
2.1984
2.2012
2.1988
2.1988
2.2
2.1996
2.1988
2.202
2.1984
2.1984
2.1996
2.2004
2.2008
2.1968
2.2036
2.198
2.2
2.1972
2.202
2.198
2.2028
2.1984
2.2008
2.2004
2.2
2.2004
2.1984
2.1992
2.1968
2.1968
2.1964
2.2
2.1972
2.1976
2.2028
2.2016
2.2
2.1992
2.2008
2.1988
2.2012
2.1984
2.1988
2.202
2.198
2.2024
2.2016
2.1968
2.1972
2.198
2.1976
2.1996
2.1964
2.1948
2.1992
2.196
2.1972
2.1952
2.1976
2.2012
2.198
2.1996
2.2008
2.1968
2.2012
2.2
2.1976
2.2012
2.1976
2.1976
2.2016
2.2
2.1972
2.1996
2.1984
2.2008
2.2
2.2004
2.2016
2.1972
2.202
2.1976
2.2
2.1992
2.1992
2.1996
2.2004
2.2004
2.2008
2.1992
2.2016
2.1952
2.1992
2.2
2.1972
2.1952
2.1992
2.196
2.2008
2.2
2.1992
2.1996
2.196
2.1988
2.1984
2.1968
2.198
2.198
2.1984
2.198
2.2004
2.198
2.2
2.2028
2.2016
2.2016
2.1992
2.2004
2.1976
2.2012
2.2016
2.1948
2.2008
2.1984
2.1972
2.1964
2.1992
2.1984
2.196
2.1968
2.1972
2.1964
2.1968
2.1988
2.1976
2.1992
2.1956
2.1964
2.1976
2.196
2.1988
2.1968
2.1992
2.1996
2.1984
2.196
2.2004
2.1976
2.1992
2.1988
2.1992
2.1964
2.2
2.1976
2.2004
2.2
2.2
2.1984
2.1944
2.2
2.1992
2.1956
2.2004
2.1992
2.1984
2.1972
2.1996
2.196
2.1988
2.2
2.1984
2.1992
2.1988
2.1956
2.1996
2.1956
2.1984
2.1972
2.1952
2.1984
2.1972
2.196
2.1996
2.196
2.1936
2.1976
2.1964
2.1988
2.1976
2.1984
2.1988
2.1956
2.1976
2.198
2.1984
2.1956
2.1964
2.1976
2.1972
2.1948
2.1952
2.196
2.1972
2.1968
2.198
2.1956
2.1972
2.1976
2.1968
2.1972
2.1992
2.1952
2.194
2.1924
2.1972
2.1968
2.1968
2.1968
2.196
2.1952
2.1956
2.1944
2.1992
2.1992
2.1952
2.198
2.1972
2.1968
2.1972
2.1936
2.1972
2.1984
2.1988
2.1996
2.1988
2.1964
2.1984
2.1972
2.1988
2.1944
2.1944
2.1944
2.196
2.1972
2.1988
2.1944
2.1948
2.1956
2.1916
2.1972
2.1976
2.1984
2.2004
2.1972
2.1976
2.1976
2.198
2.1972
2.198
2.1984
2.1964
2.1976
2.1984
2.1956
2.1984
2.196
2.1976
2.1948
2.198
2.1972
2.1976
2.1964
2.1948
2.196
2.1964
2.1928
2.1928
2.1952
2.1952
2.1972
2.1948
2.1924
2.1956
2.1968
2.1944
2.1976
2.1968
2.1968
2.2004
2.194
2.1964
2.198
2.1976
2.196
2.1964
2.194
2.1972
2.1924
2.1976
2.1968
2.1976
2.1944
2.196
2.1952
2.1952
2.1972
2.1956
2.1956
2.1948
2.1968
2.1984
2.1952
2.1968
2.1936
2.1972
2.1984
2.1944
2.194
2.1952
2.1956
2.196
2.1952
2.1988
2.194
2.1968
2.196
2.196
2.194
2.1976
2.1936
2.196
2.1956
2.1964
2.1936
2.194
2.196
2.1952
2.1936
2.1952
2.1956
2.1956
2.1984
2.1952
2.1956
2.196
2.1932
2.1948
2.1944
2.1952
2.1972
2.1944
2.1932
2.196
2.194
2.1956
2.1956
2.1952
2.1984
2.1956
2.1944
2.1952
2.1944
2.1964
2.1964
2.196
2.1952
2.1936
2.194
2.1944
2.1948
2.1972
2.1944
2.1948
2.192
2.1976
2.1936
2.1932
2.194
2.1944
2.1928
2.1976
2.1928
2.1944
2.1924
2.194
2.1912
2.1964
2.1968
2.1984
2.1976
2.1964
2.194
2.196
2.1948
2.196
2.1928
2.192
2.1956
2.1928
2.1952
2.1956
2.192
2.1976
2.1964
2.1948
2.1932
2.194
2.1928
2.1916
2.1964
2.1988
2.1956
2.1944
2.1952
2.1936
2.1928
2.1968
2.1916
2.1956
2.194
2.1952
2.1976
2.1976
2.1916
2.1964
2.1972
2.1976
2.1976
2.1936
2.192
2.196
2.1944
2.192
2.1932
2.1948
2.1952
2.196
2.1944
2.194
2.1912
2.1928
2.192
2.1988
2.1952
2.1916
2.192
2.1948
2.1924
2.1944
2.1908
2.1924
2.1948
2.1932
2.1924
2.1948
2.1948
2.1944
2.1928
2.1944
2.1956
2.1956
2.1964
2.1948
2.198
2.1952
2.198
2.1948
2.1936
2.1964
2.1912
2.1924
2.1908
2.192
2.1936
2.1924
2.192
2.194
2.1924
2.1968
2.1952
2.194
2.1916
2.1924
2.1936
2.1964
2.1924
2.1944
2.1948
2.1924
2.1932
2.1952
2.1932
2.19
2.1924
2.1968
2.1928
2.1936
2.1916
2.1944
2.1912
2.1916
2.1916
2.1928
2.1916
2.1956
2.1932
2.1968
2.1924
2.1932
2.1912
2.1952
2.1964
2.194
2.1924
2.1948
2.192
2.1932
2.1948
2.1952
2.194
2.1948
2.1936
2.1956
2.1908
2.1936
2.1936
2.1932
2.194
2.194
2.192
2.194
2.1912
2.194
2.1932
2.1948
2.1932
2.192
2.1916
2.1936
2.1904
2.1904
2.19
2.192
2.1924
2.1912
2.192
2.1956
2.1924
2.1912
2.1976
2.1924
2.1972
2.1896
2.1912
2.1908
2.1932
2.1956
2.1892
2.1928
2.1912
2.1904
2.194
2.1928
2.1912
2.1964
2.1896
2.194
2.1904
2.19
2.1952
2.1908
2.1932
2.1916
2.192
2.1944
2.194
2.1924
2.1916
2.194
2.1912
2.194
2.192
2.194
2.1916
2.1944
2.1932
2.1916
2.1928
2.198
2.1928
2.194
2.194
2.1904
2.1916
2.1912
2.1908
2.192
2.19
2.1916
2.1948
2.1904
2.192
2.1964
2.192
2.1944
2.1908
2.1928
2.1944
2.1896
2.1928
2.1916
2.1932
2.1924
2.186
2.1928
2.1944
2.1928
2.192
2.194
2.194
2.194
2.1908
2.194
2.1948
2.1932
2.1924
2.1944
2.1916
2.192
2.1908
2.196
2.1944
2.1936
2.19
2.192
2.1912
2.194
2.1932
2.1908
2.192
2.1892
2.1924
2.1912
2.1912
2.194
2.1912
2.1928
2.1904
2.1944
2.1896
2.19
2.1944
2.1896
2.1944
2.1924
2.19
2.1948
2.1924
2.1932
2.1936
2.1916
2.1908
2.1936
2.1936
2.1916
2.1968
2.1904
2.1932
2.1932
2.1908
2.192
2.1908
2.194
2.1908
2.1912
2.1908
2.1936
2.1912
2.1912
2.1912
2.1928
2.1908
2.1924
2.1936
2.1924
2.19
2.1936
2.1932
2.1912
2.1932
2.1924
2.1928
2.1932
2.1892
2.1904
2.1916
2.1916
2.1912
2.1916
2.1912
2.1916
2.1904
2.1892
2.1904
2.1916
2.1928
2.1916
2.1928
2.1908
2.1888
2.1892
2.1924
2.1904
2.1916
2.1912
2.1924
2.1912
2.1912
2.194
2.1912
2.1936
2.1916
2.1924
2.1912
2.1928
2.1904
2.1888
2.1896
2.192
2.1888
2.1912
2.1904
2.1908
2.1916
2.1916
2.1908
2.1912
2.1892
2.1916
2.196
2.1936
2.1908
2.19
2.192
2.188
2.19
2.1932
2.1904
2.1924
2.1896
2.1912
2.1912
2.1912
2.1888
2.1908
2.1904
2.1908
2.1904
2.1904
2.188
2.1916
2.1916
2.1896
2.19
2.188
2.1872
2.1936
2.19
2.192
2.1892
2.1912
2.1924
2.1908
2.1912
2.1904
2.1924
2.1912
2.1908
2.1908
2.1944
2.1916
2.1916
2.1908
2.1884
2.1924
2.1888
2.1896
2.192
2.188
2.1896
2.1908
2.19
2.1892
2.1908
2.194
2.1928
2.1932
2.188
2.19
2.192
2.1948
2.1904
2.1952
2.1888
2.188
2.1908
2.1892
2.1912
2.1896
2.1892
2.192
2.1912
2.1888
2.1892
2.1892
2.1916
2.1888
2.1896
2.1924
2.1904
2.1904
2.1872
2.1912
2.1908
2.1908
2.1924
2.1932
2.1936
2.19
2.19
2.1916
2.1936
2.1908
2.1904
2.1908
2.1912
2.1876
2.1872
2.1928
2.1888
2.1916
2.1868
2.1912
2.1908
2.1904
2.1884
2.1888
2.1916
2.1884
2.1896
2.1892
2.1904
2.1916
2.19
2.1928
2.1912
2.1916
2.1872
2.19
2.192
2.19
2.1904
2.1896
2.19
2.1908
2.1876
2.1916
2.1932
2.1884
2.1892
2.1896
2.1872
2.1904
2.1876
2.1928
2.1876
2.1896
2.1908
2.1888
2.1896
2.1892
2.1876
2.1908
2.19
2.1904
2.1904
2.1908
2.1908
2.1928
2.1896
2.1944
2.1912
2.1924
2.188
2.1912
2.1892
2.1836
2.188
2.1932
2.1892
2.1896
2.1884
2.1952
2.19
2.1856
2.1892
2.1908
2.192
2.188
2.1852
2.1912
2.1896
2.1912
2.19
2.1876
2.1868
2.192
2.1852
2.1924
2.1864
2.1884
2.1872
2.1896
2.1896
2.1876
2.1892
2.186
2.19
2.1916
2.1912
2.1892
2.19
2.1912
2.1884
2.19
2.1892
2.1872
2.1888
2.1892
2.1896
2.19
2.188
2.1912
2.1876
2.1892
2.1908
2.1912
2.188
2.1868
2.1896
2.1928
2.1868
2.194
2.1908
2.1884
2.186
2.1884
2.19
2.1924
2.186
2.1908
2.1932
2.192
2.1832
2.1864
2.1888
2.19
2.184
2.188
2.1872
2.1896
2.19
2.1856
2.1872
2.188
2.1888
2.1884
2.1868
2.1896
2.1864
2.188
2.1852
2.1912
2.188
2.1892
2.19
2.1876
2.186
2.1892
2.1852
2.1888
2.1872
2.1852
2.1896
2.188
2.1868
2.1872
2.1868
2.1876
2.1876
2.1912
2.1836
2.1876
2.1848
2.1884
2.19
2.1892
2.1856
2.1912
2.1836
2.1876
2.1884
2.186
2.1888
2.1844
2.186
2.1884
2.1864
2.1856
2.1832
2.184
2.1848
2.1904
2.1868
2.1884
2.1864
2.1868
2.1836
2.1876
2.184
2.1904
2.1856
2.1844
2.1856
2.1864
2.1896
2.1852
2.1848
2.186
2.186
2.1868
2.1888
2.1852
2.19
2.1888
2.1864
2.188
2.19
2.186
2.1832
2.1888
2.186
2.1848
2.1864
2.188
2.186
2.184
2.1856
2.1884
2.1896
2.1864
2.1872
2.1872
2.1844
2.1864
2.1848
2.188
2.188
2.184
2.1816
2.1892
2.1892
2.188
2.1844
2.1856
2.1876
2.1868
2.1844
2.1872
2.184
2.188
2.1856
2.1868
2.1832
2.1884
2.1856
2.1824
2.1844
2.1856
2.1848
2.1864
2.1848
2.1848
2.1844
2.1876
2.1876
2.1856
2.1848
2.1836
2.186
2.1876
2.1832
2.1872
2.1844
2.1836
2.1856
2.186
2.1856
2.1884
2.1852
2.1888
2.1852
2.1864
2.1884
2.186
2.1876
2.1892
2.1888
2.184
2.1848
2.186
2.1868
2.1888
2.1844
2.188
2.1848
2.1916
2.186
2.1868
2.1848
2.1864
2.1844
2.1832
2.1872
2.1872
2.1876
2.188
2.1824
2.1872
2.1844
2.1864
2.1852
2.1832
2.1868
2.1896
2.1824
2.186
2.1856
2.1856
2.1876
2.188
2.186
2.1884
2.1848
2.1892
2.1848
2.188
2.182
2.186
2.1844
2.184
2.1844
2.1832
2.1824
2.1844
2.1872
2.186
2.1872
2.1848
2.1832
2.186
2.184
2.1872
2.1828
2.186
2.1884
2.1836
2.184
2.1872
2.1856
2.186
2.1864
2.1836
2.1836
2.1848
2.184
2.1888
2.1876
2.184
2.1848
2.1852
2.1872
2.184
2.1852
2.188
2.1864
2.1872
2.1872
2.1876
2.1868
2.1864
2.1868
2.1856
2.1844
2.184
2.188
2.1872
2.1876
2.1852
2.1872
2.1852
2.1856
2.1844
2.182
2.1848
2.1824
2.186
2.1856
2.1888
2.186
2.186
2.1836
2.1864
2.1844
2.1836
2.184
2.1848
2.184
2.184
2.184
2.1852
2.1848
2.186
2.1856
2.186
2.184
2.1828
2.1828
2.1848
2.1868
2.1816
2.1824
2.1848
2.1864
2.1864
2.186
2.184
2.1812
2.1824
2.1844
2.184
2.1856
2.1848
2.1836
2.1916
2.1848
2.182
2.1848
2.184
2.186
2.1864
2.1824
2.1828
2.1876
2.1836
2.1828
2.1852
2.1828
2.1836
2.184
2.188
2.1856
2.1852
2.186
2.186
2.1852
2.1868
2.1824
2.1824
2.1844
2.1824
2.1832
2.1872
2.184
2.182
2.184
2.1816
2.1848
2.1856
2.1836
2.1832
2.184
2.1848
2.184
2.1884
2.1824
2.184
2.18
2.1828
2.1836
2.1824
2.1848
2.1856
2.1828
2.1836
2.186
2.188
2.1836
2.186
2.1812
2.1888
2.1836
2.1836
2.1876
2.1868
2.184
2.1836
2.1828
2.184
2.1844
2.1828
2.182
2.1872
2.184
2.1832
2.1868
2.1876
2.1852
2.1864
2.1832
2.1844
2.1844
2.1836
2.1832
2.1864
2.1876
2.1856
2.1832
2.1852
2.1832
2.1804
2.1812
2.1844
2.184
2.1832
2.1828
2.1852
2.1844
2.1808
2.1832
2.182
2.1868
2.1844
2.186
2.1844
2.1844
2.1852
2.1844
2.1824
2.1848
2.1852
2.1828
2.1824
2.1844
2.1836
2.182
2.188
2.1836
2.1796
2.1844
2.1856
2.1848
2.1884
2.1844
2.1828
2.1844
2.1828
2.1828
2.1872
2.1864
2.1876
2.1844
2.1828
2.1856
2.1848
2.18
2.1872
2.1852
2.1836
2.1824
2.1844
2.1852
2.1824
2.1844
2.1864
2.1812
2.1848
2.1824
2.1836
2.1864
2.1824
2.1864
2.1856
2.1848
2.186
2.184
2.1852
2.1828
2.1828
2.1832
2.184
2.1796
2.184
2.1808
2.1836
2.184
2.184
2.182
2.1848
2.184
2.1844
2.1836
2.182
2.1828
2.1848
2.1808
2.1836
2.1852
2.1832
2.1832
2.1868
2.1812
2.1832
2.1816
2.1816
2.1848
2.1828
2.1824
2.1832
2.1824
2.1832
2.1804
2.1828
2.18
2.1852
2.182
2.1848
2.1828
2.1832
2.1836
2.1816
2.1796
2.1872
2.1808
2.1836
2.1832
2.1836
2.1848
2.184
2.1832
2.1836
2.184
2.186
2.1832
2.1852
2.1848
2.1848
2.1852
2.186
2.1808
2.186
2.1828
2.1836
2.1792
2.182
2.1824
2.182
2.1808
2.1856
2.18
2.1832
2.1824
2.1816
2.1852
2.1844
2.1784
2.182
2.182
2.1852
2.1836
2.1832
2.1812
2.1816
2.1816
2.1832
2.1832
2.184
2.1832
2.1824
2.1804
2.1792
2.18
2.1848
2.1832
2.186
2.182
2.1832
2.1812
2.1828
2.1812
2.1844
2.1836
2.184
2.1808
2.1824
2.1756
2.1828
2.1784
2.18
2.1828
2.1792
2.1804
2.1832
2.1828
2.1796
2.1824
2.1808
2.1856
2.184
2.1808
2.1844
2.1824
2.1816
2.1828
2.1844
2.1828
2.184
2.1828
2.1852
2.1804
2.1824
2.176
2.1824
2.1836
2.1788
2.1808
2.1828
2.1832
2.1772
2.1812
2.1832
2.1848
2.1816
2.18
2.1824
2.184
2.182
2.18
2.1832
2.1812
2.1836
2.184
2.1804
2.1844
2.182
2.1792
2.184
2.1824
2.1844
2.1812
