2.1468
2.1492
2.1496
2.1484
2.1456
2.148
2.1484
2.1516
2.1484
2.1496
2.1456
2.1496
2.1488
2.1472
2.1484
2.1508
2.1496
2.1496
2.1532
2.1532
2.15
2.1492
2.15
2.1508
2.15
2.1508
2.1508
2.1516
2.1496
2.1512
2.15
2.1508
2.1532
2.1488
2.148
2.1508
2.1496
2.1508
2.1508
2.1484
2.1524
2.15
2.1512
2.1508
2.1484
2.1508
2.1508
2.152
2.1528
2.1508
2.1512
2.1472
2.148
2.1508
2.1516
2.1504
2.1528
2.1524
2.15
2.15
2.15
2.15
2.1488
2.1484
2.1516
2.1508
2.1536
2.1488
2.1492
2.15
2.1492
2.1504
2.1516
2.1532
2.1504
2.152
2.1492
2.1512
2.1532
2.1504
2.1468
2.1508
2.1516
2.15
2.1468
2.1528
2.1516
2.1568
2.1508
2.1512
2.1484
2.1488
2.1492
2.1512
2.1524
2.152
2.1504
2.154
2.15
2.1556
2.1504
2.1508
2.1528
2.1504
2.1492
2.1516
2.1512
2.1508
2.1496
2.1524
2.1512
2.1504
2.1476
2.1496
2.1492
2.1524
2.1492
2.1532
2.152
2.1508
2.1496
2.1508
2.1524
2.1528
2.15
2.15
2.1496
2.1512
2.1512
2.1512
2.1504
2.1504
2.1464
2.1496
2.152
2.1508
2.1476
2.152
2.1492
2.1528
2.1512
2.1528
2.1508
2.1504
2.1484
2.152
2.1532
2.1516
2.1528
2.1484
2.1508
2.1484
2.152
2.1552
2.1488
2.1528
2.1456
2.148
2.154
2.1528
2.1496
2.1556
2.1488
2.1532
2.1504
2.1536
2.15
2.1504
2.1516
2.1528
2.1532
2.1524
2.1488
2.1508
2.1492
2.15
2.1488
2.1528
2.1484
2.1528
2.1504
2.1492
2.148
2.1512
2.15
2.1516
2.1464
2.152
2.1504
2.1516
2.1492
2.1508
2.1496
2.1556
2.1516
2.1496
2.1516
2.152
2.152
2.1488
2.1512
2.1516
2.1516
2.1496
2.1468
2.1504
2.146
2.1488
2.15
2.1536
2.1536
2.1548
2.1488
2.1496
2.1512
2.1492
2.1536
2.1516
2.1456
2.1512
2.1508
2.1524
2.1512
2.1484
2.1468
2.1496
2.1496
2.15
2.1488
2.1516
2.1528
2.1508
2.1524
2.1524
2.1496
2.148
2.1472
2.1496
2.1492
2.1484
2.1508
2.1488
2.1492
2.15
2.15
2.1512
2.1512
2.1504
2.152
2.1528
2.1508
2.1504
2.1504
2.154
2.15
2.1508
2.1468
2.15
2.1516
2.1548
2.1488
2.1536
2.1516
2.1496
2.152
2.1512
2.1496
2.152
2.1488
2.1508
2.1504
2.1512
2.1484
2.1524
2.1512
2.1516
2.1488
2.152
2.1492
2.1508
2.1504
2.1496
2.152
2.1508
2.148
2.1544
2.1508
2.1516
2.15
2.1524
2.15
2.1524
2.15
2.1552
2.1504
2.1512
2.1488
2.1516
2.1512
2.1504
2.1524
2.1512
2.1508
2.1512
2.15
2.1524
2.152
2.1512
2.148
2.152
2.15
2.1528
2.1512
2.1508
2.15
2.15
2.1516
2.15
2.1528
2.1524
2.1468
2.1508
2.1496
2.1508
2.1532
2.1512
2.1508
2.1496
2.1488
2.1508
2.1508
2.152
2.15
2.1508
2.15
2.1496
2.1488
2.1512
2.1496
2.146
2.1476
2.1496
2.1508
2.1516
2.148
2.1512
2.15
2.1492
2.1516
2.1508
2.1528
2.15
2.1524
2.1516
2.1492
2.1512
2.1508
2.1504
2.1512
2.1528
2.1496
2.15
2.1524
2.1492
2.1492
2.148
2.15
2.15
2.148
2.1516
2.1512
2.1536
2.148
2.1496
2.1512
2.1492
2.152
2.1508
2.1528
2.1508
2.1484
2.154
2.1512
2.1508
2.15
2.1512
2.1516
2.1544
2.1492
2.1524
2.1492
2.1516
2.1484
2.1532
2.1484
2.1496
2.1492
2.1488
2.1512
2.1512
2.1488
2.1528
2.1508
2.1536
2.1492
2.1528
2.152
2.15
2.1492
2.1512
2.1504
2.1516
2.1488
2.1528
2.1476
2.1464
2.1492
2.1524
2.152
2.15
2.1508
2.1496
2.1508
2.1552
2.1512
2.1532
2.1492
2.1516
2.1516
2.152
2.1508
2.15
2.1512
2.152
2.144
2.1504
2.1512
2.1524
2.152
2.15
2.1496
2.1508
2.152
2.1476
2.1516
2.1492
2.1492
2.1488
2.1464
2.1536
2.1476
2.15
2.1484
2.1504
2.1516
2.1488
2.1468
2.1528
2.1508
2.1516
2.1508
2.1512
2.1528
2.1492
2.1516
2.1524
2.1496
2.1512
2.1492
2.1532
2.1508
2.15
2.1448
2.1532
2.1492
2.1512
2.15
2.1488
2.15
2.1508
2.1484
2.15
2.1484
2.1508
2.148
2.1524
2.1516
2.1484
2.1508
2.1536
2.1508
2.1524
2.1496
2.1516
2.1512
2.1488
2.1496
2.1528
2.1532
2.1504
2.146
2.1492
2.1496
2.1484
2.15
2.1504
2.1512
2.1488
2.1504
2.15
2.1516
2.1512
2.1516
2.1512
2.1532
2.152
2.1492
2.1516
2.148
2.15
2.1476
2.1496
2.1532
2.1508
2.1504
2.1516
2.1492
2.1504
2.1524
2.1516
2.15
2.1508
2.1508
2.152
2.1504
2.1488
2.1472
2.1556
2.1532
2.1512
2.1512
2.1512
2.1512
2.1484
2.148
2.152
2.1504
2.1472
2.1504
2.1488
2.1488
2.1492
2.1488
2.1536
2.15
2.15
2.148
2.1488
2.15
2.1504
2.1492
2.1484
2.1508
2.15
2.1516
2.1516
2.1488
2.1516
2.1508
2.1492
2.1492
2.1492
2.148
2.1488
2.1488
2.148
2.1468
2.1512
2.1484
2.1512
2.1476
2.1548
2.1508
2.1472
2.1488
2.1492
2.1508
2.1524
2.1488
2.1512
2.15
2.148
2.1516
2.1532
2.1508
2.1536
2.15
2.1516
2.1492
2.15
2.1484
2.1508
2.1512
2.1504
2.152
2.1488
2.1512
2.1516
2.1488
2.1512
2.1512
2.1496
2.152
2.1516
2.1512
2.1512
2.1492
2.1492
2.1516
2.1472
2.1492
2.1516
2.1496
2.1528
2.1476
2.1496
2.1468
2.1504
2.1488
2.1528
2.1504
2.1496
2.1496
2.15
2.1516
2.1492
2.15
2.1508
2.152
2.1516
2.146
2.152
2.1516
2.1488
2.1508
2.1548
2.1484
2.1552
2.1504
2.1508
2.1512
2.152
2.1504
2.1496
2.1492
2.1492
2.1504
2.152
2.1536
2.1536
2.1504
2.1504
2.1468
2.1488
2.146
2.1508
2.1496
2.15
2.1524
2.15
2.1504
2.1536
2.148
2.152
2.1472
2.1472
2.15
2.1508
2.1532
2.1508
2.1496
2.1508
2.1492
2.15
2.1512
2.1524
2.1492
2.1528
2.1472
2.1496
2.15
2.1484
2.1504
2.1512
2.1512
2.15
2.1508
2.156
2.1504
2.1516
2.148
2.1504
2.1504
2.1516
2.1512
2.152
2.1508
2.15
2.1512
2.1516
2.15
2.1484
2.1504
2.154
2.15
2.1536
2.1508
2.1488
2.1488
2.15
2.1488
2.1516
2.1476
2.1512
2.1516
2.1508
2.152
2.15
2.1476
2.1508
2.1464
2.1484
2.1488
2.1492
2.1532
2.1484
2.1508
2.152
2.1468
2.1488
2.1488
2.1568
2.1516
2.1516
2.15
2.1524
2.1516
2.1488
2.1508
2.1516
2.1496
2.1512
2.1492
2.1472
2.15
2.1496
2.1484
2.1536
2.152
2.1504
2.1484
2.1512
2.152
2.15
2.1504
2.1524
2.1496
2.152
2.1488
2.1504
2.1516
2.1496
2.148
2.1516
2.1512
2.1496
2.1488
2.1528
2.1508
2.1488
2.1484
2.1488
2.1508
2.1508
2.1484
2.1552
2.1508
2.1512
2.1472
2.1516
2.1516
2.1536
2.1504
2.1532
2.15
2.1524
2.1492
2.1496
2.148
2.1484
2.148
2.1528
2.1508
2.1504
2.1504
2.1552
2.1496
2.1532
2.1504
2.1516
2.1508
2.1496
2.1484
2.1516
2.1488
2.1496
2.1504
2.1548
2.1512
2.1512
2.1496
2.152
2.1508
2.1512
2.1512
2.1532
2.1476
2.1536
2.1496
2.1552
2.152
2.1508
2.148
2.1512
2.1512
2.1516
2.148
2.1504
2.15
2.1484
2.1508
2.15
2.1464
2.1504
2.148
2.1548
2.1496
2.1472
2.1504
2.1504
2.1508
2.1476
2.148
2.1516
2.148
2.1492
2.1484
2.1508
2.1508
2.148
2.1468
2.1492
2.1472
2.1508
2.1492
2.1508
2.1504
2.1476
2.1472
2.1512
2.1464
2.1496
2.1468
2.1488
2.1508
2.1496
2.1492
2.1508
2.1516
2.1504
2.1476
2.1488
2.1512
2.15
2.1468
2.15
2.1488
2.1536
2.1496
2.152
2.1524
2.148
2.1488
2.148
2.1488
2.1508
2.148
2.1516
2.1524
2.1488
2.1504
2.15
2.1476
2.1472
2.1476
2.1488
2.1512
2.1484
2.1496
2.1508
2.1536
2.1544
2.1512
2.1512
2.1448
2.1488
2.1484
2.1492
2.148
2.15
2.1504
2.1488
2.1464
2.1496
2.1496
2.15
2.1516
2.1496
2.1484
2.154
2.1516
2.1508
2.1504
2.1496
2.1508
2.1512
2.1472
2.1496
2.1504
2.1532
2.15
2.1528
2.1484
2.1472
2.1492
2.148
2.15
2.1508
2.1464
2.152
2.1504
2.1464
2.1524
2.1508
2.1508
2.1444
2.1456
2.1532
2.1488
2.1476
2.148
2.1484
2.15
2.15
2.1496
2.1532
2.1496
2.1476
2.1492
2.1492
2.1484
2.1472
2.1488
2.1516
2.1524
2.1508
2.15
2.15
2.1536
2.1508
2.1488
2.1516
2.1488
2.1504
2.1436
2.148
2.15
2.1464
2.148
2.1528
2.1448
2.1472
2.1504
2.1496
2.1532
2.1496
2.1512
2.1472
2.148
2.152
2.1476
2.15
2.146
2.1504
2.1496
2.1476
2.1524
2.1476
2.1472
2.1516
2.15
2.1496
2.1504
2.1512
2.148
2.1504
2.1492
2.1516
2.1476
2.1528
2.1484
2.1504
2.1472
2.1512
2.1508
2.1496
2.1516
2.1512
2.1476
2.1504
2.15
2.1504
2.1488
2.1504
2.1476
2.1488
2.1492
2.1492
2.148
2.1484
2.1488
2.1488
2.1488
2.1472
2.148
2.1496
2.15
2.1504
2.15
2.1512
2.1472
2.1492
2.1472
2.1504
2.1488
2.1508
2.1516
2.1532
2.1516
2.1468
2.1508
2.1508
2.1484
2.1492
2.15
2.1524
2.1492
2.1492
2.1472
2.1476
2.1504
2.1476
2.1496
2.148
2.1476
2.1456
2.146
2.152
2.1476
2.1512
2.1508
2.1488
2.152
2.1484
2.1516
2.1524
2.1476
2.1512
2.15
2.1492
2.1492
2.15
2.15
2.15
2.1504
2.1524
2.1504
2.1488
2.1468
2.1496
2.148
2.1488
2.1488
2.1492
2.1492
2.1492
2.152
2.1512
2.1492
2.1512
2.1488
2.1504
2.1496
2.1508
2.1488
2.1552
2.15
2.1504
2.1476
2.1484
2.1468
2.1484
2.1492
2.15
2.1504
2.1472
2.1468
2.1524
2.1488
2.1504
2.1484
2.1488
2.1508
2.1492
2.1492
2.1516
2.1492
2.1512
2.1488
2.1496
2.1496
2.1536
2.1488
2.1472
2.1464
2.1496
2.1516
2.1508
2.148
2.1496
2.1496
2.1472
2.1516
2.1544
2.1536
2.1492
2.15
2.1508
2.1516
2.152
2.15
2.1552
2.1496
2.1516
2.1472
2.1544
2.1508
2.1512
2.1516
2.154
2.1476
2.1496
2.1484
2.1516
2.152
2.15
2.1492
2.1544
2.1492
2.1532
2.152
2.1492
2.1516
2.1512
2.1488
2.1528
2.1512
2.15
2.1472
2.1536
2.1508
2.1504
2.1516
2.1496
2.15
2.1488
2.1468
2.1488
2.1504
2.15
2.148
2.1496
2.148
2.1512
2.1488
2.1496
2.152
2.1496
2.1504
2.154
2.15
2.1524
2.1496
2.1516
2.1536
2.1512
2.15
2.1516
2.1484
2.1508
2.1504
2.148
2.1476
2.1512
2.1468
2.1508
2.15
2.1508
2.1488
2.1532
2.15
2.152
2.1504
2.1516
2.1484
2.1508
2.1504
2.1504
2.15
2.148
2.1472
2.1524
2.1508
2.1508
2.15
2.1504
2.15
2.1548
2.15
2.148
2.1496
2.1484
2.1496
2.1504
2.1492
2.1508
2.1508
2.15
2.1492
2.1488
2.1488
2.1508
2.1496
2.15
2.1492
2.152
2.15
2.1516
2.1504
2.1492
2.15
2.1488
2.148
2.1516
2.148
2.1516
2.1476
2.1512
2.1484
2.1452
2.15
2.1532
2.1504
2.1512
2.1492
2.154
2.15
2.148
2.1516
2.1496
2.1516
2.1512
2.1484
2.1488
2.1512
2.1488
2.1488
2.1508
2.15
2.1496
2.1496
2.1516
2.1504
2.1504
2.1492
2.1504
2.1516
2.1484
2.1504
2.1504
2.1508
2.1528
2.1516
2.1516
2.152
2.1492
2.1532
2.1512
2.15
2.15
2.15
2.1492
2.1516
2.1492
2.1492
2.1508
2.1476
2.1472
2.1476
2.152
2.1508
2.1536
2.1524
2.1512
2.1532
2.1484
2.146
2.1512
2.1484
2.1476
2.15
2.1504
2.1492
2.1552
2.1504
2.1532
2.1508
2.1484
2.1504
2.1536
2.148
2.1488
2.1484
2.1508
2.1504
2.1492
2.1476
2.1508
2.15
2.148
2.1504
2.1468
2.1496
2.1504
2.1512
2.1544
2.15
2.1528
2.1508
2.1568
2.1488
2.1516
2.1488
2.1516
2.1516
2.1492
2.1504
2.1488
2.1484
2.1516
2.15
2.1492
2.1536
2.15
2.1492
2.1548
2.1524
2.1524
2.15
2.1524
2.1488
2.1508
2.1488
2.1504
2.1476
2.1508
2.1488
2.1496
2.1508
2.1492
2.1484
2.152
2.1508
2.1484
2.1504
2.1512
2.152
2.1516
2.1492
2.1508
2.154
2.1484
2.15
2.1508
2.1484
2.1492
2.1484
2.1484
2.1528
2.1492
2.1492
2.1508
2.152
2.15
2.1516
2.1536
2.1516
2.1516
2.1476
2.1508
2.1512
2.1516
2.152
2.154
2.1496
2.1532
2.1484
2.1488
2.1508
2.15
2.1456
2.1524
2.15
2.1544
2.1488
2.1492
2.1516
2.1504
2.1476
2.1516
2.1496
2.15
2.1488
2.1552
2.1512
2.15
2.1512
2.1516
2.1504
2.1512
2.1472
2.1512
2.1508
2.1512
2.1488
2.1488
2.1488
2.15
2.1516
2.1508
2.1484
2.1536
2.1492
2.1528
2.1516
2.1472
2.1504
2.148
2.1492
2.1512
2.1464
2.1528
2.1488
2.1504
2.1504
2.1512
2.1484
2.1504
2.1488
2.1508
2.1512
2.15
2.1504
2.1504
2.146
2.1492
2.148
2.1504
2.1512
2.1512
2.1484
2.1512
2.1504
2.1476
2.1488
2.1516
2.144
2.15
2.1476
2.1484
2.152
2.148
2.1476
2.1496
2.1468
2.1508
2.146
2.1488
2.15
2.1484
2.1476
2.1544
2.15
2.15
2.1496
2.1512
2.1504
2.1488
2.1484
2.1512
2.1476
2.15
2.148
2.1496
2.1504
2.1512
2.1504
2.15
2.148
2.1496
2.1468
2.1496
2.148
2.148
2.1496
2.1476
2.1524
2.148
2.1476
2.1532
2.15
2.1536
2.1496
2.1524
2.152
2.1496
2.1524
2.1532
2.1516
2.1516
2.1452
2.1508
2.1484
2.1484
2.1472
2.1516
2.1516
2.1492
2.1508
2.1512
2.1508
2.1488
2.1496
2.1488
2.1472
2.148
2.1484
2.1512
2.1476
2.1504
2.1496
2.152
2.1496
2.1512
2.1484
2.1516
2.1476
2.1492
2.1508
2.1512
2.15
2.1504
2.1492
2.15
2.1504
2.1536
2.1504
2.1532
2.1496
2.1544
2.1472
2.1536
2.152
2.1508
2.1476
2.1508
2.1508
2.15
2.1484
2.1532
2.1492
2.1492
2.1468
2.1488
2.148
2.1508
2.1508
2.1504
2.15
2.1484
2.1484
2.148
2.15
2.15
2.1488
2.1516
2.1508
2.1524
2.1472
2.1508
2.15
2.1492
2.1488
2.1496
2.148
2.1496
2.1468
2.1488
2.15
2.152
2.15
2.1512
2.1488
2.1508
2.1476
2.1488
2.146
2.1476
2.1488
2.1484
2.1472
2.148
2.1468
2.1508
2.1504
2.152
2.1476
2.1512
2.1488
2.1496
2.1488
2.1512
2.1504
2.1512
2.1532
2.152
2.1516
2.148
2.1492
2.1512
2.1484
2.1532
2.1476
2.1516
2.1504
2.1496
2.1496
2.152
2.1508
2.1496
2.1504
2.1492
2.1504
2.1524
2.1496
2.1524
2.1492
2.1488
2.148
2.15
2.1496
2.1488
2.1504
2.1512
2.15
2.1504
2.1456
2.1496
2.1492
2.1508
2.1504
2.148
2.1508
2.1496
2.146
2.1476
2.1496
2.148
2.1488
2.152
2.1492
2.1516
2.1516
2.1492
2.1516
2.152
2.148
2.1536
2.1456
2.1492
2.1508
2.1548
2.1504
2.1548
2.15
2.15
2.1496
2.148
2.1488
2.1512
2.152
2.15
2.1488
2.154
2.152
2.1552
2.15
2.1512
2.1512
2.1508
2.1508
2.1544
2.1528
2.152
2.15
2.152
2.1516
2.1484
2.1484
2.1508
2.15
2.152
2.1528
2.1508
2.1532
2.15
2.1512
2.1508
2.148
2.1488
2.1488
2.1508
2.15
2.1512
2.15
2.1504
2.1528
2.15
2.1484
2.1496
2.148
2.15
2.1492
2.1508
2.1508
2.1532
2.1488
2.1516
2.1488
2.1468
2.152
2.1508
2.152
2.1484
2.1532
2.1536
2.152
2.1504
2.1484
2.1528
2.1492
2.1508
2.1512
2.152
2.1492
2.1532
2.1516
2.1548
2.1488
2.1524
2.1488
2.1532
2.1528
2.1504
2.15
2.1532
2.1484
2.1528
2.1492
2.1512
2.1484
2.15
2.1504
2.1456
2.1492
2.1488
2.1468
2.15
2.15
2.1512
2.15
2.1496
2.15
2.15
2.15
2.1516
2.148
2.1556
2.15
2.1508
2.1504
2.1516
2.154
2.1516
2.15
2.1496
2.1464
2.1504
2.15
2.154
2.15
2.148
2.1496
2.1512
2.152
2.1536
2.152
2.1508
2.1516
2.1524
2.1508
2.1536
2.1504
2.1532
2.1532
2.1496
2.1532
2.1532
2.15
2.1496
2.1496
2.1528
2.1504
2.15
2.1472
2.1516
2.1512
2.1516
2.1484
2.1532
2.1512
2.1488
2.148
2.1512
2.1496
2.15
2.1484
2.1516
2.152
2.15
2.1484
2.1512
2.1468
2.1484
2.1468
2.1496
2.1508
2.1528
2.1492
2.1496
2.1484
2.1504
2.1516
2.1516
2.15
2.1484
2.1516
2.1536
2.152
2.1524
2.1516
2.1508
2.148
2.1488
2.148
2.1524
2.1492
2.1516
2.1516
2.154
2.1516
2.1512
2.1484
2.15
2.1508
2.1484
2.1504
2.1496
2.1492
2.1524
2.1524
2.1536
2.1504
2.1516
2.1484
2.152
2.1508
2.154
2.15
2.1512
2.1524
2.1496
2.1516
2.1512
2.1492
2.1528
2.148
2.1536
2.1512
2.15
2.1504
2.1524
2.1516
2.1524
2.15
2.1516
2.1512
2.1508
2.152
2.1532
2.1516
2.15
2.1528
2.1536
2.1504
2.1516
2.1524
2.1484
2.1512
2.1512
2.148
2.152
2.1504
2.1552
2.1488
2.1556
2.1512
2.1476
2.1496
2.1496
2.1488
2.15
2.1472
2.1512
2.1488
2.1496
2.1528
2.1516
2.1508
2.1496
2.1512
2.1524
2.152
2.148
2.1496
2.1496
2.152
2.1528
2.1508
2.1516
2.1488
2.1476
2.1508
2.1512
2.1488
2.1496
2.1492
2.1508
2.15
2.1496
2.154
2.1512
2.152
2.1524
2.1488
2.1504
2.1524
2.152
2.15
2.1532
2.1496
2.1516
2.15
2.1524
2.1504
2.1508
2.1524
2.154
2.1508
2.1512
2.1484
2.152
2.1512
2.15
2.1512
2.1492
2.1496
2.1512
2.1476
2.1524
2.1504
2.1536
2.1488
2.1512
2.1512
2.1536
2.15
2.1504
2.1552
2.1512
2.1544
2.1548
2.15
2.154
2.1524
2.152
2.1524
2.1516
2.152
2.1568
2.1536
2.1488
2.15
2.1544
2.1504
2.1512
2.1528
2.1504
2.154
2.1492
2.1524
2.1512
2.1512
2.1516
2.152
2.1536
2.154
2.1548
2.1528
2.1536
2.156
2.1508
2.15
2.1504
2.152
2.1512
2.15
2.152
2.1488
2.1496
2.1484
2.1528
2.1516
2.1532
2.1528
2.1532
2.152
2.1532
2.1504
2.1528
2.152
2.1504
2.1484
2.15
2.1524
2.1528
2.1488
2.1516
2.1524
2.1536
2.1484
2.1492
2.1512
2.1512
2.1468
2.1484
2.1472
2.1512
2.1496
2.1504
2.1488
2.1512
2.1516
2.1492
2.154
2.1552
2.1512
2.1512
2.15
2.15
2.15
2.1468
2.1512
2.1524
2.1512
2.1496
2.1492
2.1508
2.1496
2.1504
2.1484
2.1496
2.15
2.1504
2.1508
2.1512
2.148
2.1496
2.1504
2.1516
2.1476
2.1508
2.1496
2.1524
2.1468
2.1516
2.1488
2.1488
2.1508
2.152
2.1532
2.1532
2.1488
2.1496
2.148
2.15
2.1488
2.1504
2.1532
2.152
2.1508
2.1496
2.1488
2.1512
2.1492
2.1536
2.15
2.15
2.15
2.1528
2.1504
2.1524
2.1496
2.1508
2.15
2.1476
2.1512
2.15
2.1492
2.1528
2.1504
2.1516
2.1536
2.1484
2.148
2.1524
2.1512
2.154
2.1516
2.152
2.1488
2.1496
2.1512
2.1536
2.152
2.1512
2.1468
2.152
2.154
2.1512
2.1492
2.1492
2.1492
2.1476
2.1504
2.154
2.152
2.148
2.15
2.1528
2.1508
2.1524
2.1492
2.1504
2.1516
2.1504
2.1488
2.1528
2.15
2.1488
2.1472
2.154
2.15
2.1524
2.1492
2.1504
2.1484
2.1508
2.15
2.1504
2.152
2.1496
2.1484
2.1536
2.1488
2.1508
2.1516
2.1516
2.1512
2.1512
2.1492
2.1512
2.15
2.15
2.1468
2.1496
2.1484
2.1528
2.1488
2.1516
2.1452
2.1488
2.1492
2.1488
2.1496
2.1496
2.1484
2.148
2.1488
2.1492
2.148
2.1516
2.1504
2.1484
2.1468
2.1544
2.1528
2.1492
2.1496
2.1492
2.1492
2.1512
2.1448
2.1476
2.1492
2.1524
2.1504
2.1568
2.15
2.1484
2.148
2.1528
2.1504
2.1504
2.1476
2.1528
2.1504
2.1524
2.15
2.1536
2.1512
2.1476
2.1508
2.1508
2.1524
2.1532
2.1472
2.1504
2.1488
2.1496
2.15
2.1492
2.1508
2.1512
2.1468
2.1492
2.1492
2.1532
2.148
2.1464
2.1508
2.1508
2.1472
2.1536
2.1508
2.1524
2.1504
2.1484
2.1524
2.1484
2.1484
2.1524
2.1496
2.1524
2.1492
2.152
2.1512
2.15
2.1484
2.1532
2.1496
2.1496
2.1508
2.1512
2.15
2.1496
2.1508
2.1516
2.1488
2.148
2.1476
2.1476
2.1496
2.148
2.1472
2.1496
2.1468
2.1508
2.1484
2.1528
2.1484
2.1492
2.1496
2.1488
2.1496
2.1496
2.148
2.1504
2.1512
2.15
2.1488
2.1504
2.1472
2.1508
2.1488
2.1532
2.1496
2.1512
2.1492
2.1504
2.1504
2.148
2.15
2.1516
2.152
2.1508
2.1488
2.1484
2.15
2.1524
2.1488
2.1532
2.1516
2.1524
2.1504
2.1516
2.1484
2.1508
2.15
2.1512
2.1504
2.1508
2.15
2.1528
2.1488
2.152
2.1504
2.1508
2.1504
2.1508
2.1484
2.1516
2.15
2.152
2.1516
2.1516
2.1524
2.154
2.1476
2.1496
2.1508
2.1524
2.1508
2.1488
2.1484
2.1504
2.1496
2.1488
2.1472
2.1472
2.15
2.1508
2.148
2.1504
2.1456
2.1488
2.1496
2.1532
2.1496
2.1508
2.146
2.148
2.1464
2.1496
2.15
2.1512
2.1504
2.1524
2.1508
2.1484
2.1504
2.1508
2.1456
2.1512
2.1496
2.1524
2.1528
2.1488
2.1476
2.1528
2.1504
2.1512
2.15
2.1476
2.1504
2.146
2.1468
2.1496
2.1516
2.1504
2.1508
2.15
2.15
2.1496
2.148
2.1528
2.1532
2.1508
2.1504
2.1536
2.1504
2.1492
2.15
2.1536
2.1512
2.1496
2.152
2.1508
2.1492
2.1528
2.1492
2.156
2.15
2.15
2.1452
2.1484
2.1512
2.1472
2.1488
2.1504
2.1492
2.1448
2.1476
2.1488
2.1448
2.1508
2.15
2.1492
2.15
2.1496
2.1468
2.1544
2.1492
2.1524
2.1512
2.1488
2.1504
2.1508
2.1508
2.1528
2.15
2.1496
2.1508
2.1492
2.1528
2.1516
2.1504
2.152
2.148
2.1496
2.1476
2.1524
2.1496
2.1524
2.1476
2.1504
2.1476
2.152
2.1492
2.1464
2.15
2.15
2.1476
2.1524
2.1488
2.1532
2.1484
2.1512
2.1512
2.1496
2.1488
2.1504
2.1488
2.15
2.15
2.1532
2.1496
2.1524
2.1496
2.1504
2.1504
2.1484
2.148
2.1524
2.1496
2.1484
2.1476
2.1512
2.1492
2.1512
2.1504
2.152
2.1508
2.1536
2.1488
2.1524
2.1508
2.1476
2.1508
2.1488
2.1508
2.1504
2.1468
2.1504
2.1504
2.152
2.152
2.152
2.1504
2.1496
2.15
2.1496
2.1504
2.15
2.1484
2.15
2.1464
2.1484
2.1492
2.1512
2.1488
2.1472
2.1508
2.1496
2.1476
2.1492
2.1516
2.1508
2.1488
2.1504
2.1468
2.1508
2.15
2.1508
2.1444
2.154
2.1496
2.1476
2.1516
2.1524
2.1488
2.1528
2.1488
2.1512
2.1476
2.1496
2.1484
2.15
2.1488
2.1484
2.1508
2.1516
2.1484
2.1544
2.1468
2.1512
2.1508
2.1496
2.1512
2.1484
2.1488
2.1516
2.1468
2.154
2.1492
2.1532
2.1476
2.1532
2.15
2.1508
2.1472
2.1532
2.1516
2.1484
2.1524
2.1492
2.1516
2.15
2.1476
2.1528
2.1524
2.15
2.148
2.1488
2.1508
2.1512
2.1468
2.1548
2.1496
2.1504
2.1496
2.148
2.1492
2.1488
2.1456
2.154
2.1524
2.1516
2.1524
2.1516
2.1472
2.1504
2.1484
2.1492
2.1484
2.1492
2.1496
2.1512
2.1504
2.1496
2.1504
2.1472
2.1508
2.1512
2.1444
2.1496
2.1516
2.1504
2.1504
2.1524
2.1464
2.1508
2.1488
2.1528
2.1516
2.1504
2.15
2.1508
2.1512
2.1496
2.148
2.152
2.1508
2.1508
2.1476
2.1544
2.1512
2.1532
2.15
2.1528
2.1512
2.1504
2.15
2.1512
2.1512
2.152
2.1484
2.1528
2.152
2.15
2.1508
2.1492
2.15
2.1528
2.1508
2.1536
2.148
2.1484
2.146
2.1524
2.1508
2.1492
2.1472
2.1536
2.1496
2.152
2.1468
2.15
2.15
2.1488
2.15
2.1508
2.1516
2.1524
2.15
2.1528
2.1488
2.15
2.1516
2.1536
2.1548
2.152
2.1472
2.1532
2.1512
2.1508
2.148
2.1544
2.1488
2.1508
2.15
2.15
2.1544
2.152
2.1508
2.1564
2.154
2.1488
2.1504
2.1524
2.1508
2.1508
2.1508
2.1512
2.1496
2.154
2.15
2.1548
2.1528
2.1544
2.1516
2.1512
2.1516
2.1512
2.1472
2.1524
2.1492
2.1536
2.1516
2.1504
2.1484
2.1508
2.1492
2.1524
2.1524
2.15
2.1488
2.15
2.1524
2.1496
2.1476
2.1508
2.1492
2.1512
2.1508
2.1548
2.1532
2.1504
2.1504
2.1504
2.1492
2.1512
2.1488
2.1516
2.1524
2.1524
2.1496
2.1504
2.1524
2.1548
2.1512
2.1536
2.1512
2.1508
2.1492
2.1528
2.152
2.1516
2.1516
2.1492
2.1524
2.1476
2.1544
2.1524
2.1516
2.1528
2.1496
2.1544
2.1508
2.1524
2.1504
2.152
2.15
2.1516
2.15
2.154
2.1504
2.1496
2.1472
2.1508
2.154
2.1536
2.1512
2.154
2.1496
2.1504
2.1488
2.152
2.1548
2.1524
2.1516
2.1536
2.1524
2.15
2.1532
2.1524
2.1484
2.1528
2.1496
2.152
2.1508
2.1532
2.1512
2.1564
2.1508
2.154
2.1516
2.1528
2.1492
2.1516
2.152
2.1508
2.1536
2.1508
2.1488
2.154
2.1496
2.1504
2.1492
2.1508
2.1512
2.1524
2.1496
2.152
2.1532
2.1512
2.1496
2.15
2.1512
2.156
2.1496
2.1528
2.1516
2.15
2.1484
2.1504
2.154
2.154
2.15
2.1516
2.15
2.1512
2.1496
2.1516
2.1512
2.1504
2.1504
2.1524
2.1516
2.1508
2.1508
2.1508
2.15
2.1516
2.1476
2.156
2.1476
2.152
2.1536
2.1504
2.1516
2.1532
2.1504
2.1528
2.152
2.15
2.1488
2.1508
2.1488
2.1528
2.1508
2.1532
2.1508
2.1508
2.1532
2.1532
2.1508
2.1484
2.1504
2.1524
2.15
2.152
2.1556
2.152
2.1504
2.1524
2.1476
2.1524
2.1552
2.1528
2.1496
2.154
2.1512
2.1536
2.1488
2.1536
2.1508
2.1512
2.1508
2.1548
2.1504
2.1532
2.1532
2.1508
2.152
2.1516
2.1488
2.1548
2.15
2.154
2.1516
2.1536
2.15
2.1528
2.1492
2.1536
2.1512
2.1484
2.1524
2.15
2.1532
2.1516
2.15
2.1548
2.1524
2.1496
2.1516
2.1476
2.1516
2.1532
2.1496
2.1536
2.1504
2.1476
2.1484
2.15
2.15
2.1504
2.148
2.1528
2.1496
2.1492
2.1488
2.1504
2.1488
2.1464
2.1528
2.1532
2.1488
2.1496
2.1484
2.1512
2.1496
2.152
2.1504
2.1532
2.1524
2.1516
2.152
2.15
2.1508
2.1508
2.1516
2.1512
2.1504
2.1496
2.1476
2.1532
2.152
2.1508
2.1492
2.1528
2.1464
2.1512
2.1528
2.1492
2.1536
2.152
2.1512
2.152
2.1476
2.1536
2.1492
2.154
2.1512
2.1488
2.1516
2.1512
2.1476
2.1504
2.1488
2.1508
2.1512
2.1492
2.1532
2.1524
2.152
2.15
2.1524
2.1524
2.1524
2.152
2.1504
2.1552
2.1512
2.1508
2.1516
2.1512
2.1532
2.1512
2.1492
2.15
2.148
2.1528
2.1476
2.1488
2.1512
2.1492
2.1492
2.1536
2.152
2.1496
2.1488
2.1508
2.1524
2.148
2.1496
2.1532
2.1504
2.1484
2.1468
2.1532
2.1516
2.152
2.152
2.1536
2.1492
2.1492
2.1492
2.148
2.1504
2.15
2.1496
2.1496
2.1512
2.1496
2.1496
2.1512
2.1504
2.15
2.1492
2.1488
2.1528
2.15
2.1492
2.1484
2.1552
2.1504
2.1524
2.154
2.1508
2.1492
2.1488
2.1484
2.1488
2.15
2.1492
2.1504
2.1496
2.1492
2.1496
2.1512
2.1476
2.1496
2.15
2.1508
2.1532
2.1508
2.1488
2.152
2.1464
2.1456
2.1496
2.148
2.1524
2.1492
2.1504
2.1516
2.1492
2.1496
2.1484
2.148
2.1496
2.1492
2.146
2.1508
2.1476
2.148
2.1488
2.1508
2.1484
2.1528
2.1512
2.1512
2.1516
2.1484
2.1488
2.1484
2.1492
2.148
2.1476
2.1504
2.1496
2.1484
2.1476
2.1496
2.1488
2.1484
2.1512
2.1492
2.148
2.1484
2.1476
2.1504
2.148
2.1496
2.1472
2.154
2.1472
2.154
2.1488
2.15
2.1516
2.1508
2.1488
2.1508
2.152
2.1512
2.1516
2.1512
2.1508
2.1524
2.148
2.1504
2.1516
2.1508
2.1492
2.1524
2.1476
2.1528
2.1488
2.1484
2.1488
2.15
2.1496
2.1504
2.1484
2.1528
2.1484
2.1508
2.1512
2.148
2.15
2.1484
2.1512
2.1512
2.1492
2.1504
2.1488
2.152
2.1508
2.1532
2.1488
2.154
2.1484
2.1504
2.1528
2.1484
2.1468
2.1516
2.15
2.1516
2.1504
2.1516
2.1492
2.1476
2.1488
2.1508
2.15
2.15
2.1484
2.1488
2.152
2.1492
2.1524
2.1536
2.152
2.1484
2.1496
2.1456
2.1504
2.1496
2.1492
2.1492
2.146
2.1512
2.1464
2.148
2.1512
2.1524
2.1488
2.1496
2.1516
2.1468
2.15
2.154
2.1488
2.152
2.15
2.15
2.1484
2.1508
2.1508
2.1512
2.1512
2.152
2.15
2.1536
2.1496
2.1492
2.1484
2.1532
2.1468
2.1492
2.1488
2.1504
2.1528
2.1464
2.1508
2.1536
2.1512
2.1512
2.148
2.1504
2.1468
2.1508
2.1496
2.1516
2.1508
2.15
2.1492
2.1548
2.1472
2.1544
2.1464
2.1508
2.1492
2.148
2.1496
2.1492
2.1512
2.1456
2.1468
2.1524
2.1496
2.1508
2.1484
2.154
2.1504
2.1528
2.152
2.15
2.15
2.1548
2.1516
2.1544
2.1508
2.152
2.1516
2.152
2.1496
2.1516
2.1476
2.1524
2.1508
2.1544
2.1492
2.1508
2.1488
2.1508
2.1476
2.148
2.1504
2.152
2.1504
2.1544
2.1504
2.148
2.1512
2.1504
2.146
2.1528
2.1512
2.15
2.1508
2.1512
2.1504
2.1496
2.1492
2.15
2.1484
2.1496
2.1516
2.1532
2.1508
2.1536
2.152
2.1528
2.1464
2.1528
2.1528
2.1504
2.1504
2.15
2.1476
2.1488
2.1508
2.1524
2.1516
2.1528
2.1504
2.1516
2.154
2.1528
2.148
2.1532
2.1512
2.1476
2.1524
2.1524
2.15
2.1496
2.1496
2.1504
2.152
2.1544
2.1516
2.1516
2.1524
2.1508
2.1468
2.1536
2.1512
2.1528
2.1484
2.1476
2.1512
2.1512
2.1472
2.1516
2.1508
2.148
2.1468
2.15
2.15
2.1488
2.1492
2.154
2.1496
2.1516
2.1492
2.1508
2.1512
2.15
2.1516
2.152
2.1484
2.1512
2.1488
2.1536
2.1548
2.1516
2.1524
2.1528
2.15
2.1496
2.1536
2.1504
2.1536
2.1496
2.1512
2.154
2.1524
2.1516
2.152
2.1528
2.1524
2.152
2.15
2.1516
2.1472
2.152
2.1492
2.1548
2.152
2.1484
2.1492
2.1528
2.1516
2.1516
2.1496
2.1524
2.1536
2.1548
2.1468
2.1524
2.1508
2.1504
2.1524
2.1556
2.1512
2.1508
2.1488
2.1508
2.1508
2.1496
2.1464
2.1528
2.1508
2.152
2.1504
2.148
2.1516
2.1488
2.1496
2.1524
2.1516
2.1508
2.148
2.1516
2.1512
2.1528
2.1528
2.1548
2.1528
2.1508
2.1472
2.1516
2.1504
2.1516
2.1472
2.156
2.1496
2.1504
2.1496
2.1532
2.1504
2.1524
2.1492
2.1556
2.1504
2.1488
2.15
2.1516
2.1456
2.1512
2.1504
2.1544
2.1528
2.1508
2.1492
2.1528
2.1488
2.1504
2.148
2.152
2.152
2.1496
2.15
2.1512
2.1516
2.1512
2.1508
2.1496
2.1524
2.1512
2.152
2.1488
2.1536
2.1524
2.1488
2.15
2.1504
2.1528
2.1516
2.1524
2.1512
2.1512
2.15
2.1496
2.1516
2.1516
2.1488
2.1524
2.1484
2.1504
2.1472
2.1492
2.1464
2.1488
2.15
2.1496
2.1496
2.1468
2.1476
2.1512
2.1508
2.152
2.1508
2.1524
2.1504
2.1512
2.15
2.1516
2.1524
2.1496
2.1536
2.1528
2.15
2.1496
2.1484
2.1516
2.1512
2.1492
2.1496
2.1512
2.1484
2.1496
2.1468
2.1516
2.148
2.1504
2.15
2.1544
2.1508
2.1508
2.1512
2.1492
2.1536
2.1496
2.1492
2.1516
2.1508
2.1508
2.15
2.1552
2.1472
2.1492
2.1476
2.154
2.1508
2.15
2.1488
2.152
2.1492
2.1516
2.15
2.1496
2.1516
2.1516
2.15
2.1536
2.1508
2.1516
2.1504
2.1528
2.15
2.1492
2.1504
2.1536
2.1508
2.1512
2.1476
2.152
2.1492
2.1492
2.1484
2.1516
2.1512
2.1504
2.148
2.1544
2.152
2.1496
2.1496
2.1504
2.1524
2.1504
2.15
2.154
2.1496
2.1508
2.1496
2.1548
2.1492
2.1484
2.1484
2.148
2.1484
2.1552
2.1496
2.1488
2.1508
2.1496
2.1476
2.1508
2.1472
2.1472
2.146
2.1512
2.1464
2.15
2.1492
2.1472
2.15
2.1492
2.1492
2.148
2.148
2.1492
2.1488
2.1508
2.1516
2.1512
2.1472
2.154
2.15
2.1488
2.1488
2.1488
2.152
2.1524
2.1488
2.1476
2.1492
2.1508
2.1452
2.1496
2.1476
2.1496
2.1496
2.1484
2.148
2.1492
2.1484
2.15
2.1504
2.1544
2.1504
2.1516
2.1508
2.1508
2.1508
2.1524
2.1484
2.1512
2.1496
2.1504
2.1492
2.15
2.1504
2.1496
2.15
2.1492
2.15
2.15
2.1504
2.1468
2.15
2.1516
2.1476
2.1492
2.152
2.1528
2.1488
2.1516
2.148
2.1492
2.1504
2.1476
2.15
2.15
2.1504
2.1484
2.148
2.1496
2.1504
2.15
2.1484
2.1544
2.1476
2.1488
2.1476
2.1484
2.1516
2.1512
2.1484
2.15
2.1508
2.1524
2.1464
2.1524
2.15
2.1528
2.1524
2.1516
2.1512
2.1504
2.1476
2.1508
2.1492
2.1512
2.15
2.1536
2.1488
2.15
2.148
2.1484
2.1496
2.1516
2.1468
2.1504
2.15
2.1508
2.15
2.1504
2.1512
2.1512
2.1504
2.1528
2.1496
2.1524
2.1516
2.15
2.1504
2.1488
2.148
2.15
2.1512
2.1524
2.1504
2.1496
2.1484
2.1536
2.1476
2.1536
2.1512
2.15
2.15
2.1492
2.1472
2.1496
2.1528
2.15
2.1468
2.1468
2.1452
2.1508
2.1496
2.1492
2.15
2.152
2.1484
2.1512
2.1464
2.1528
2.1516
2.1512
2.1508
2.15
2.1476
2.1496
2.1464
2.1524
2.1508
2.1488
2.148
2.1508
2.1504
2.1464
2.1496
2.152
2.1476
2.148
2.1472
2.1524
2.1476
2.1516
2.1504
2.1492
2.1504
2.152
2.1496
2.1524
2.1496
2.1484
2.1508
2.1512
2.1472
2.1516
2.1472
2.1516
2.1504
2.1492
2.1504
2.1512
2.1504
2.1508
2.148
2.1512
2.1512
2.1508
2.152
2.1508
2.152
2.15
2.1484
2.1484
2.1496
2.1492
2.1476
2.1492
2.148
2.148
2.1476
2.1496
2.1488
2.1528
2.1496
2.1508
2.1504
2.1512
2.1488
2.154
2.1512
2.1484
2.1516
2.1512
2.1516
2.154
2.148
2.1472
2.1492
2.1512
2.1476
2.1508
2.148
2.1504
2.1496
2.1516
2.1488
2.1504
2.148
2.1512
2.1512
2.1508
2.1508
2.1528
2.1496
2.1504
2.1488
2.1476
2.1512
2.1504
2.1504
2.1508
2.148
2.1508
2.146
2.1516
2.1528
2.1504
2.1492
2.1496
2.1528
2.152
2.1548
2.1508
2.1524
2.1484
2.1488
2.152
2.1508
2.1496
2.15
2.1504
2.148
2.1484
2.1484
2.1508
2.148
2.1504
2.148
2.1492
2.1516
2.1468
2.1492
2.1496
2.1524
2.1508
2.1504
2.1528
2.148
2.1496
2.1496
2.1484
2.1496
2.1504
2.1472
2.15
2.1484
2.1476
2.15
2.1532
2.1524
2.1528
2.1492
2.15
2.15
2.1496
2.148
2.1492
2.148
2.1492
2.152
2.1484
2.1492
2.1492
2.1492
2.1484
2.1504
2.1488
2.15
2.1544
2.1496
2.1488
2.15
2.1524
2.1516
2.152
2.1524
2.1532
2.1496
2.1492
2.1464
2.1516
2.1504
2.15
2.1504
2.152
2.1504
2.152
2.1504
2.148
2.15
2.154
2.1484
2.154
2.1488
2.148
2.1488
2.1544
2.15
2.1512
2.1476
2.1512
2.15
2.1504
2.1464
2.1516
2.1496
2.1504
2.1472
2.1524
2.1476
2.1496
2.1476
2.152
2.15
2.1484
2.1496
2.1504
2.1476
2.15
2.15
2.1556
2.1516
2.1516
2.1504
2.1528
2.1508
2.15
2.152
2.1488
2.1516
2.1528
2.1516
2.1524
2.1492
2.154
2.15
2.1484
2.1492
2.148
2.1472
2.1512
2.1492
2.1512
2.1476
2.1484
2.1512
2.1504
2.1492
2.1524
2.1472
2.1516
2.1488
2.1524
2.15
2.1492
2.15
2.1536
2.1488
2.1516
2.1496
2.1496
2.152
2.1516
2.1484
2.1468
2.1508
2.1504
2.1472
2.1492
2.1472
2.1512
2.148
2.1512
2.1524
2.1484
2.1496
2.1484
2.1512
2.1488
2.1476
2.15
2.1452
2.1484
2.1476
2.1488
2.1516
2.1492
2.1508
2.1508
2.1488
2.1496
2.15
2.1508
2.1468
2.1504
2.1508
2.1508
2.1512
2.1516
2.148
2.1508
2.1496
2.1496
2.1504
2.1496
2.152
2.1468
2.1484
2.1516
2.1496
2.1496
2.15
2.1496
2.15
2.1504
2.1516
2.1528
2.1516
2.1508
2.1484
2.154
2.1512
2.1508
2.1492
2.1528
2.1524
2.1488
2.15
2.1492
2.1508
2.1516
2.148
2.1516
2.1508
2.1484
2.1488
2.15
2.148
2.1476
2.1496
2.1548
2.1508
2.15
2.1508
2.1512
2.152
2.1484
2.148
2.1548
2.1512
2.1512
2.1488
2.152
2.1508
2.1496
2.1484
2.1532
2.15
2.154
2.1492
2.15
2.1496
2.1496
2.1484
2.1516
2.1516
2.1524
2.1516
2.1504
2.1516
2.1496
2.1488
2.1524
2.1508
2.1532
2.1492
2.148
2.148
2.1484
2.1504
2.152
2.1532
2.1516
2.1488
2.152
2.1468
2.1516
2.1524
2.1508
2.1516
2.1488
2.1504
2.1516
2.1492
2.1524
2.1492
2.1504
2.1472
2.1508
2.1504
2.1516
2.1492
2.1532
2.1484
2.1508
2.15
2.1504
2.152
2.148
2.1508
2.1464
2.1484
2.1488
2.1504
2.1476
2.1508
2.15
2.1488
2.148
2.15
2.1524
2.1492
2.1508
2.1512
2.1516
2.1492
2.1504
2.1488
2.154
2.1544
2.1536
2.1512
2.1512
2.1496
2.1528
2.1516
2.1544
2.1492
2.148
2.1508
2.1508
2.1496
2.154
2.1504
2.1528
2.1512
2.1508
2.152
2.1488
2.1504
2.1524
2.1496
2.1512
2.15
2.1512
2.1528
2.1508
2.1512
2.148
2.1496
2.1496
2.1512
2.15
2.15
2.1536
2.1472
2.1528
2.152
2.1512
2.1504
2.1512
2.148
2.1512
2.152
2.1512
2.1524
2.1516
2.1512
2.1512
2.1492
2.1512
2.15
2.1516
2.1492
2.1536
2.1496
2.1516
2.1492
2.15
2.1512
2.1496
2.1472
2.1524
2.1488
2.1516
2.1496
2.1504
2.1504
2.1512
2.146
2.1528
2.1512
2.1512
2.1496
2.1512
2.1468
2.1516
2.1496
2.1504
2.1516
2.1536
2.1504
2.1532
2.1504
2.1504
2.1496
2.1524
2.1492
2.1512
2.1508
2.1544
2.1492
2.15
2.1484
2.1508
2.1488
2.1464
2.1532
2.1536
2.1492
2.1552
2.1468
2.1528
2.148
2.1484
2.1516
2.1524
2.1516
2.1496
2.1488
2.1516
2.1484
2.1524
2.1496
2.15
2.1492
2.1528
2.148
2.1516
2.1484
2.1492
2.1484
2.1464
2.15
2.1508
2.1488
2.1528
2.1496
2.15
2.1496
2.1496
2.1488
2.1496
2.1496
2.1508
2.1516
2.1516
2.1492
2.1508
2.1504
2.1508
2.15
2.1524
2.1504
2.148
2.1508
2.1496
2.1496
2.1512
2.1472
2.1496
2.15
2.1504
2.1444
2.148
2.152
2.1492
2.1496
2.1496
2.1496
2.15
2.1476
2.1492
2.15
2.1516
2.15
2.1496
2.1464
2.148
2.1472
2.154
2.152
2.15
2.1504
2.15
2.15
2.1476
2.1472
2.1504
2.1504
2.1472
2.1492
2.1504
2.1488
2.1504
2.1504
2.1524
2.15
2.1516
2.1496
2.1528
2.1492
2.1488
2.1476
2.1516
2.1508
2.1504
2.1516
2.1504
2.1516
2.1508
2.1468
2.1516
2.15
2.1504
2.1492
2.1508
2.1508
2.1504
2.1504
2.15
2.1484
2.1528
2.1472
2.154
2.1532
2.1528
2.152
2.1492
2.15
2.15
2.1504
2.1528
2.1464
2.1492
2.1524
2.1516
2.1528
2.1508
2.1484
2.1516
2.148
2.1492
2.1492
2.1516
2.1496
2.1504
2.1464
2.148
2.148
2.15
2.1468
2.1504
2.1512
2.1488
2.1472
2.1528
2.1484
2.15
2.1476
2.1508
2.1484
2.15
2.1508
2.1504
2.1512
2.1476
2.148
2.1512
2.1472
2.1492
2.148
2.1504
2.1496
2.1484
2.1488
2.1504
2.1508
2.1508
2.1512
2.1512
2.1492
2.1496
2.1516
2.1516
2.1492
2.1496
2.1456
2.1508
2.1456
2.148
2.144
2.1472
2.1508
2.1468
2.1512
2.1504
2.15
2.152
2.1504
2.1512
2.1476
2.1464
2.1516
2.1476
2.1496
2.152
2.1476
2.1504
2.1472
2.1496
2.1488
2.1508
2.1516
2.1516
2.1504
2.1516
2.1472
2.15
2.144
2.1488
2.1452
2.1484
2.1508
2.1508
2.1524
2.1492
2.1476
2.1492
2.1512
2.1524
2.15
2.1464
2.1484
2.1516
2.1464
2.1516
2.1464
2.1504
2.148
2.1488
2.1488
2.1504
2.1484
2.15
2.1508
2.1508
2.1508
2.1488
2.1516
2.15
2.1488
2.1484
2.1488
2.1476
2.1488
2.1484
2.1476
2.1512
2.1504
2.1508
2.1488
2.15
2.1484
2.1504
2.1504
2.1488
2.1484
2.148
2.1504
2.1504
2.1512
2.1504
2.1484
2.1504
2.1496
2.1496
2.1496
2.1492
2.148
2.1504
2.15
2.1504
2.15
2.1512
2.1512
2.1524
2.1492
2.1544
2.148
2.1484
2.1508
2.1508
2.1492
2.1512
2.1488
2.1496
2.1496
2.1496
2.1476
2.1528
2.1468
2.1496
2.1476
2.1504
2.1456
2.146
2.1464
2.148
2.1464
2.1496
2.1476
2.1528
2.1544
2.1512
2.1492
2.1496
2.146
2.1516
2.1496
2.1528
2.1488
2.148
2.1468
2.152
2.1508
2.1532
2.1484
2.1496
2.1516
2.1492
2.1468
2.1508
2.1508
2.1468
2.1484
2.1492
2.1488
2.1508
2.148
2.1536
2.1496
2.1516
2.1496
2.1504
2.1532
2.1508
2.1468
2.15
2.1484
2.15
2.1496
2.1508
2.1504
2.1512
2.148
2.1484
2.15
2.1472
2.1476
2.1476
2.1484
2.148
2.1504
2.1536
2.1524
2.152
2.1492
2.1508
2.1476
2.1504
2.1492
2.1476
2.1468
2.1496
2.1488
2.1504
2.1516
2.1524
2.1472
2.1488
2.15
2.1496
2.1484
2.1492
2.15
2.1508
2.1472
2.1516
2.1488
2.1488
2.1496
2.1484
2.1484
2.152
2.1468
2.1504
2.1492
2.1512
2.1488
2.15
2.1492
2.148
2.1484
2.154
2.1504
2.1528
2.1496
2.1524
2.1516
2.1496
2.1488
2.1516
2.15
2.1564
2.1496
2.1484
2.1508
2.1476
2.1512
2.1524
2.152
2.1524
2.146
2.1512
2.1512
2.1508
2.1496
2.1468
2.1524
2.1496
2.1472
2.1516
2.1472
2.1504
2.1468
2.1484
2.1496
2.1504
2.15
2.1504
2.1536
2.1468
2.1472
2.15
2.1464
2.1516
2.1468
2.1516
2.15
2.1508
2.1492
2.152
2.1516
2.152
2.1468
2.1532
2.1484
2.1576
2.1508
2.1496
2.1496
2.1512
2.1488
2.1544
2.1544
2.15
2.1476
2.152
2.15
2.1524
2.1504
2.1504
2.1496
2.1504
2.1484
2.1492
2.1484
2.1492
2.1488
2.1492
2.15
2.1492
2.152
2.1516
2.1516
2.1488
2.1472
2.152
2.1492
2.1516
2.1532
2.1496
2.1488
2.1504
2.1492
2.1496
2.1516
2.1472
2.1448
2.1504
2.1456
2.1516
2.1464
2.1484
2.1492
2.152
2.1504
2.1524
2.1488
2.1512
2.152
2.1488
2.1512
2.1544
2.1496
2.1512
2.1492
2.1516
2.1504
2.1496
2.1504
2.1468
2.1504
2.1484
2.1468
2.1488
2.148
2.1464
2.1512
2.1496
2.154
2.1512
2.1488
2.1516
2.15
2.1508
2.1512
2.1512
2.1532
2.152
2.15
2.1512
2.1488
2.1512
2.1528
2.1496
2.1516
2.1496
2.1492
2.1488
2.1496
2.154
2.152
2.1496
2.1476
2.1528
2.15
2.154
2.1496
2.1468
2.1472
2.1512
2.1484
2.1532
2.1504
2.1484
2.1504
2.1516
2.1544
2.1476
2.152
2.1536
2.1504
2.1476
2.1488
2.1536
2.1512
2.1516
2.1512
2.1488
2.15
2.15
2.1516
2.1492
2.1496
2.1488
2.1516
2.15
2.1496
2.1516
2.1476
2.1512
2.15
2.1468
2.15
2.1516
2.1484
2.1496
2.1436
2.1472
2.1436
2.1456
2.146
2.1432
2.1432
2.1436
2.1452
2.1484
2.138
2.1388
2.1384
2.1412
2.1404
2.1392
2.1364
2.138
2.1384
2.1344
2.1368
2.136
2.1332
2.1316
2.1296
2.134
2.1268
2.132
2.1252
2.1284
2.1252
2.1256
2.1256
2.1256
2.1232
2.1176
2.1152
2.1156
2.112
2.1136
2.1112
2.1112
2.1088
2.1092
2.1028
2.1032
2.102
2.1036
2.1016
2.0984
2.094
2.0896
2.092
2.0896
2.0868
2.0852
2.0804
2.0828
2.078
2.0752
2.072
2.0668
2.066
2.0632
2.0608
2.0612
2.0544
2.0544
2.0504
2.048
2.0432
2.0424
2.036
2.0392
2.0348
2.0332
2.0276
2.0268
2.02
2.02
2.0124
2.0112
2.0052
2.0044
1.9924
1.9984
1.9904
1.9868
1.986
1.9784
1.9772
1.974
1.9684
1.966
1.9628
1.9584
1.9552
1.9496
1.9404
1.9392
1.932
1.93
1.926
1.9248
1.9172
1.9172
1.9072
1.9028
1.8984
1.8984
1.8924
1.8832
1.8808
1.874
1.868
1.8684
1.862
1.8556
1.8456
1.8484
1.8424
1.8388
1.8268
1.8244
1.8252
1.8184
1.8116
1.8068
1.7988
1.7936
1.7884
1.7816
1.7744
1.7756
1.7652
1.76
1.758
1.7528
1.7492
1.74
1.7364
1.7296
1.7248
1.7208
1.712
1.7088
1.7016
1.698
1.6924
1.6912
1.6828
1.6752
1.6716
1.6636
1.6608
1.6592
1.6484
1.6512
1.6356
1.6336
1.6272
1.6232
1.6192
1.6128
1.6096
1.6072
1.5976
1.5908
1.5864
1.5816
1.5772
1.5704
1.5652
1.5652
1.5564
1.5516
1.5444
1.5432
1.532
1.5284
1.5276
1.522
1.518
1.5124
1.5052
1.506
1.496
1.4932
1.4856
1.4844
1.484
1.4792
1.4748
1.4692
1.4608
1.4544
1.4516
1.454
1.4456
1.4388
1.4348
1.4324
1.4272
1.422
1.4172
1.4156
1.41
1.4076
1.4012
1.4016
1.394
1.392
1.3876
1.3856
1.3808
1.3772
1.3728
1.3688
1.3612
1.3624
1.3564
1.3552
1.3516
1.3456
1.3424
1.3424
1.3352
1.3312
1.3324
1.3256
1.3216
1.3188
1.3124
1.3128
1.3104
1.302
1.3036
1.2996
1.2948
1.2924
1.2884
1.2904
1.2836
1.2828
1.2796
1.2752
1.2716
1.27
1.2664
1.2648
1.262
1.2584
1.258
1.2568
1.25
1.246
1.2484
1.2468
1.2432
1.2356
1.2364
1.2344
1.2352
1.2284
1.2288
1.2276
1.2236
1.2208
1.218
1.2168
1.2116
1.2112
1.21
1.2104
1.2068
1.2052
1.2048
1.2016
1.1996
1.1972
1.1944
1.196
1.1928
1.1896
1.1896
1.1884
1.1824
1.1876
1.1848
1.1816
1.18
1.1776
1.1764
1.1752
1.1764
1.172
1.1708
1.1724
1.1684
1.1692
1.1632
1.166
1.1652
1.1612
1.1636
1.162
1.16
1.1588
1.156
1.1568
1.156
1.1568
1.1528
1.1548
1.152
1.154
1.1484
1.1516
1.1476
1.1496
1.1448
1.1456
1.148
1.1472
1.146
1.1472
1.1436
1.1428
1.1436
1.1436
1.1428
1.1456
1.1428
1.1404
1.14
1.1416
1.1404
1.1444
1.14
1.1392
1.1404
1.1396
1.1404
1.1372
1.1392
1.1412
1.1412
1.1376
1.1404
1.1416
1.1392
1.1376
1.1376
1.1388
1.138
1.14
1.138
1.14
1.1432
1.1392
1.1432
1.1432
1.1392
1.1412
1.142
1.1436
1.1424
1.1416
1.1424
1.1472
1.1432
1.1424
1.1436
1.1464
1.1456
1.152
1.1452
1.1492
1.1508
1.146
1.1472
1.1512
1.1512
1.154
1.1512
1.1532
1.1548
1.1556
1.1528
1.1548
1.1532
1.154
1.1572
1.16
1.1616
1.1572
1.1604
1.1608
1.1628
1.1612
1.1628
1.1688
1.1672
1.1656
1.1684
1.1716
1.1724
1.1716
1.1724
1.176
1.176
1.1748
1.1736
1.178
1.1784
1.1788
1.1796
1.182
1.1812
1.182
1.1836
1.1868
1.1856
1.1888
1.1888
1.1952
1.1904
1.1964
1.1936
1.192
1.1936
1.1984
1.1952
1.2016
1.2016
1.2024
1.2076
1.208
1.2068
1.2092
1.2064
1.212
1.2116
1.214
1.212
1.2176
1.2176
1.2196
1.2208
1.2196
1.222
1.2232
1.2244
1.2272
1.2268
1.228
1.2292
1.232
1.2296
1.2344
1.2328
1.238
1.2372
1.2384
1.2392
1.2468
1.248
1.2456
1.2472
1.2516
1.2484
1.2532
1.2548
1.2588
1.2552
1.2592
1.2612
1.266
1.264
1.2676
1.2684
1.2716
1.2728
1.2716
1.2768
1.2788
1.2772
1.28
1.2828
1.2816
1.2804
1.2812
1.2872
1.2896
1.2904
1.2924
1.2964
1.2936
1.2956
1.2988
1.2968
1.302
1.3044
1.3032
1.3076
1.3088
1.31
1.3112
1.3136
1.32
1.3144
1.3168
1.3176
1.3236
1.3248
1.3236
1.3304
1.3288
1.3312
1.3348
1.3348
1.3388
1.3384
1.3392
1.3416
1.3472
1.3436
1.3456
1.348
1.352
1.3504
1.3528
1.3572
1.3588
1.3592
1.3628
1.3628
1.366
1.3668
1.3668
1.3708
1.372
1.3744
1.3736
1.374
1.3812
1.3796
1.3824
1.3816
1.3888
1.3868
1.3892
1.392
1.3956
1.3952
1.3972
1.3992
1.4008
1.4016
1.4088
1.4088
1.4108
1.4124
1.4108
1.412
1.4172
1.4148
1.4164
1.4236
1.4264
1.4252
1.4284
1.4304
1.4316
1.4348
1.4348
1.4368
1.442
1.4356
1.4368
1.4428
1.4472
1.4436
1.4436
1.4512
1.4528
1.45
1.4552
1.4568
1.462
1.4612
1.4624
1.4692
1.4704
1.4696
1.4692
1.472
1.4768
1.476
1.4784
1.4796
1.4832
1.4848
1.482
1.4852
1.4944
1.4888
1.4924
1.4948
1.4984
1.5004
1.5008
1.502
1.5048
1.5028
1.5096
1.5104
1.512
1.5136
1.5144
1.5188
1.5228
1.522
1.522
1.5248
1.5284
1.5316
1.5312
1.5316
1.5312
1.5352
1.5388
1.5396
1.5412
1.5432
1.5476
1.5472
1.5516
1.5476
1.552
1.556
1.556
1.5592
1.5592
1.5604
1.566
1.5624
1.5656
1.5656
1.5716
1.5732
1.5724
1.5772
1.5792
1.5808
1.5812
1.5832
1.5872
1.5868
1.5876
1.5908
1.594
1.596
1.5992
1.5968
1.604
1.6016
1.6024
1.6064
1.6104
1.6104
1.612
1.6092
1.6156
1.6144
1.6172
1.6228
1.6228
1.6232
1.6236
1.626
1.6292
1.628
1.6288
1.6332
1.6336
1.6392
1.6388
1.6416
1.6408
1.6408
1.6432
1.6456
1.6508
1.6516
1.6496
1.6536
1.654
1.656
1.6568
1.6556
1.6648
1.6656
1.6648
1.6684
1.6696
1.6676
1.6708
1.668
1.674
1.676
1.6768
1.6796
1.6792
1.6776
1.6796
1.6828
1.6876
1.6896
1.684
1.6888
1.6916
1.692
1.6948
1.6992
1.7016
1.7004
1.7016
1.7052
1.7064
1.7072
1.7048
1.7124
1.71
1.712
1.7148
1.7184
1.7192
1.7172
1.7204
1.7176
1.726
1.724
1.7276
1.7312
1.732
1.7324
1.7304
1.736
1.738
1.7356
1.738
1.7408
1.7444
1.74
1.7436
1.746
1.7488
1.7476
1.7512
1.7496
1.7548
1.7528
1.7548
1.7572
1.7588
1.7612
1.7632
1.7632
1.7708
1.7676
1.7704
1.7676
1.7712
1.7712
1.7736
1.776
1.7792
1.7772
1.7808
1.7856
1.7824
1.7856
1.782
1.7876
1.7908
1.7852
1.7916
1.7916
1.7972
1.7956
1.7972
1.8
1.8004
1.7988
1.8008
1.806
1.8084
1.8072
1.8096
1.81
1.8144
1.8112
1.8152
1.8144
1.8176
1.8164
1.8188
1.8228
1.8232
1.8216
1.8292
1.8244
1.8264
1.8264
1.83
1.8284
1.8328
1.832
1.8328
1.8308
1.8388
1.8348
1.8396
1.8432
1.8416
1.8408
1.8464
1.8452
1.8472
1.8484
1.85
1.8496
1.8524
1.8512
1.8516
1.8544
1.8584
1.8596
1.8612
1.8608
1.862
1.86
1.8632
1.8692
1.8676
1.8676
1.8708
1.8688
1.8672
1.87
1.8728
1.8704
1.8764
1.874
1.88
1.8792
1.8792
1.8784
1.8808
1.8844
1.8864
1.884
1.8868
1.8876
1.89
1.8852
1.8904
1.8892
1.8932
1.8888
1.8948
1.8908
1.898
1.8976
1.8968
1.8952
1.9012
1.9004
1.9032
1.8992
1.9044
1.9048
1.9048
1.9036
1.9072
1.9032
1.9084
1.91
1.9124
1.9112
1.9124
1.916
1.9148
1.9164
1.9168
1.9156
1.9212
1.9188
1.9224
1.922
1.924
1.9212
1.9224
1.924
1.9256
1.9284
1.9256
1.9276
1.9304
1.9284
1.9328
1.9292
1.9328
1.934
1.9332
1.932
1.9344
1.9324
1.9368
1.9376
1.9388
1.9376
1.9412
1.9384
1.9408
1.9408
1.942
1.9396
1.9456
1.9432
1.946
1.9456
1.9456
1.9476
1.95
1.95
1.9528
1.9516
1.9536
1.9504
1.952
1.9552
1.9544
1.9548
1.9568
1.9532
1.956
1.9572
1.9584
1.9576
1.9604
1.9592
1.9596
1.964
1.966
1.9644
1.9636
1.9652
1.968
1.9664
1.966
1.9688
1.9696
1.9664
1.974
1.9672
1.9756
1.97
1.9704
1.9732
1.9744
1.972
1.974
1.978
1.9776
1.9788
1.9784
1.9824
1.9776
1.9788
1.9824
1.9832
1.984
1.9796
1.9808
1.9832
1.9812
1.9848
1.9832
1.9836
1.9868
1.9864
1.988
1.9876
1.988
1.9856
1.99
1.988
1.9952
1.9896
1.9928
1.9912
1.9964
1.9948
1.9984
1.9956
1.9944
1.9952
1.996
1.998
1.9948
1.998
2
1.9972
2.0028
1.9964
2.0048
1.9992
2.0056
2.0032
2.0036
2.0052
2.004
2.0028
2.006
2.0024
2.0048
2.0024
2.004
2.0056
2.004
2.0076
2.008
2.0072
2.0072
2.004
2.0088
2.0092
2.0104
2.0132
2.0144
2.0124
2.0152
2.0108
2.0164
2.0196
2.0132
2.0148
2.0184
2.0148
2.0172
2.0172
2.018
2.0224
2.0188
2.0208
2.0216
2.0208
2.022
2.0224
2.02
2.0208
2.022
2.0248
2.0256
2.0244
2.0248
2.0204
2.026
2.0292
2.0264
2.0276
2.028
2.026
2.03
2.0304
2.0344
2.0304
2.0296
2.0276
2.0344
2.0344
2.0308
2.0336
2.0356
2.0332
2.0376
2.0324
2.0348
2.0372
2.0352
2.0392
2.0364
2.04
2.0364
2.0368
2.0424
2.0396
2.0404
2.0368
2.0404
2.0388
2.0424
2.0412
2.0408
2.042
2.0404
2.0392
2.0472
2.0416
2.0448
2.0448
2.046
2.0448
2.0504
2.0464
2.0464
2.0456
2.0496
2.0476
2.0524
2.0492
2.048
2.05
2.0504
2.0508
2.05
2.0516
2.048
2.05
2.0532
2.0512
2.054
2.052
2.0548
2.0524
2.0576
2.0544
2.0576
2.0552
2.058
2.0552
2.0576
2.0592
2.06
2.0632
2.0592
2.0592
2.0612
2.0644
2.0636
2.0592
2.0636
2.0612
2.0608
2.0636
2.0616
2.0616
2.0644
2.06
2.0644
2.0636
2.0668
2.0636
2.0624
2.0648
2.0656
2.0664
2.066
2.064
2.0664
2.0672
2.0656
2.0688
2.0696
2.066
2.0696
2.0684
2.0684
2.0696
2.0708
2.0704
2.0708
2.0688
2.07
2.0748
2.074
2.0744
2.0744
2.0748
2.0764
2.072
2.078
2.0752
2.0772
2.0764
2.076
2.0768
2.0784
2.0748
2.0784
2.0768
2.078
2.0796
2.0772
2.0804
2.0824
2.0768
2.0784
2.0828
2.0808
2.0796
2.0824
2.0772
2.084
2.0796
2.082
2.082
2.0824
2.0828
2.0836
2.08
2.086
2.0844
2.086
2.0856
2.0824
2.0868
2.0872
2.0872
2.0868
2.0856
2.09
2.0864
2.088
2.088
2.0892
2.088
2.0872
2.0892
2.0912
2.0888
2.09
2.0888
2.0896
2.088
2.09
2.092
2.0928
2.0928
2.0924
2.0896
2.0936
2.094
2.0916
2.0944
2.094
2.092
2.0976
2.0936
2.0968
2.0956
2.0956
2.0952
2.0964
2.0948
2.0984
2.0972
2.098
2.0972
2.0972
2.0972
2.1012
2.0976
2.0992
2.1
2.1
2.0984
2.0984
2.0992
2.0968
2.0988
2.102
2.1008
2.1048
2.1056
2.1028
2.1024
2.1028
2.1032
2.1024
2.1016
2.1068
2.1032
2.108
2.1056
2.1068
2.1068
2.1052
2.1016
2.1068
2.104
2.108
2.1028
2.1048
2.1052
2.1076
2.1056
2.108
2.1048
2.1092
2.1052
2.11
2.1092
2.1076
2.1064
2.1128
2.1064
2.1104
2.108
2.1112
2.1088
2.1096
2.11
2.1132
2.1076
2.1132
2.114
2.1132
2.1128
2.1124
2.112
2.1148
2.1112
2.1144
2.1112
2.1152
2.114
2.1184
2.1156
2.1164
2.1124
2.1184
2.1128
2.1164
2.1132
2.1148
2.1144
2.1184
2.1192
2.118
2.1144
2.118
2.1144
2.1172
2.118
2.116
2.1188
2.1188
2.1188
2.1192
2.116
2.12
2.118
2.1208
2.1192
2.1176
2.122
2.1216
2.1196
2.1244
2.1208
2.1228
2.1212
2.1188
2.1228
2.1232
2.1196
2.1248
2.1228
2.124
2.1212
2.1224
2.1224
2.1232
2.1228
2.1252
2.1236
2.1272
2.1236
2.1248
2.1244
2.1288
2.1276
2.126
2.1292
2.1308
2.1288
2.13
2.1268
2.1328
2.1264
2.1296
2.1284
2.13
2.1256
2.1272
2.1296
2.1292
2.1316
2.1292
2.1284
2.1304
2.128
2.1292
2.128
2.1308
2.13
2.1304
2.126
2.1316
2.1308
2.13
2.1324
2.132
2.1316
2.1324
2.132
2.134
2.1348
2.1344
2.1324
2.1336
2.1332
2.1368
2.1332
2.1348
2.1344
2.1356
2.134
2.1352
2.1364
2.1352
2.134
2.1368
2.134
2.1372
2.1344
2.1364
2.1372
2.1356
2.1356
2.14
2.1372
2.138
2.1352
2.1376
2.1356
2.1388
2.1368
2.1404
2.14
2.1404
2.136
2.136
2.1372
2.136
2.1372
2.1384
2.1368
2.14
2.1392
2.1416
2.1392
2.138
2.1388
2.1428
2.14
2.14
2.1392
2.138
2.14
2.1392
2.14
2.142
2.1372
2.142
2.1392
2.1416
2.1424
2.142
2.1456
2.1432
2.1428
2.1424
2.1384
2.1452
2.138
2.1452
2.1408
2.1444
2.1428
2.1404
2.1404
2.1452
2.142
2.1444
2.1432
2.146
2.1444
2.1436
2.142
2.1468
2.1428
2.1452
2.1456
2.1456
2.1452
2.1464
2.1496
2.1452
2.1452
2.1448
2.1452
2.1504
2.1456
2.1484
2.1476
2.1468
2.1476
2.1496
2.1468
2.1512
2.1476
2.1492
2.148
2.148
2.146
2.1484
2.1488
2.1496
2.1476
2.1468
2.1492
2.15
2.148
2.1524
2.1476
2.1532
2.148
2.1488
2.1496
2.1492
2.148
2.1504
2.1512
2.152
2.1512
2.1524
2.1468
2.1528
2.1488
2.1492
2.148
2.1516
2.1496
2.1516
2.1508
2.1564
2.1504
2.152
2.1484
2.1556
2.1528
2.1552
2.1516
2.158
2.1516
2.1532
2.1508
2.1508
2.1548
2.1484
2.1516
2.1544
2.152
2.1552
2.152
2.1556
2.1548
2.1564
2.1548
2.1544
2.1552
2.1524
2.1536
2.1552
2.156
2.1564
2.1556
2.1588
2.1568
2.1584
2.1548
2.1592
2.156
2.1576
2.158
2.1568
2.1572
2.1588
2.1528
2.1568
2.156
2.1592
2.1564
2.1592
2.16
2.1576
2.1568
2.1596
2.1584
2.1612
2.158
2.1604
2.1592
2.162
2.158
2.1604
2.1576
2.1612
2.1584
2.1624
2.1576
2.1564
2.1564
2.1572
2.1584
2.1616
2.1584
2.1616
2.1576
2.1632
2.16
2.1604
2.1588
2.16
2.1596
2.1648
2.1592
2.1604
2.1612
2.1604
2.1608
2.1624
2.1608
2.164
2.1592
2.1652
2.1612
2.1644
2.1616
2.1672
2.1632
2.1632
2.1584
2.1616
2.16
2.164
2.16
2.162
2.16
2.1624
2.1628
2.164
2.1644
2.166
2.1584
2.1636
2.1576
2.162
2.1632
2.1628
2.162
2.1648
2.164
2.168
2.1604
2.1656
2.164
2.1636
2.1628
2.1648
2.1656
2.1656
2.1616
2.1656
2.1648
2.1652
2.1632
2.166
2.1644
2.1652
2.1648
2.168
2.1648
2.1656
2.1632
2.1664
2.1652
2.1636
2.1636
2.166
2.1672
2.1664
2.1648
2.1688
2.1664
2.1668
2.1628
2.166
2.1684
2.168
2.1632
2.1708
2.1668
2.1648
2.168
2.1684
2.1684
2.1684
2.1648
2.1676
2.166
2.1664
2.166
2.1692
2.1704
2.17
2.1696
2.1716
2.168
2.1688
2.1696
2.1696
2.1676
2.168
2.1668
2.172
2.1692
2.1692
2.17
2.1684
2.1656
2.1676
2.1676
2.17
2.17
2.1696
2.1684
2.1712
2.1688
2.1684
2.1664
2.1712
2.17
2.1712
2.17
2.172
2.1704
2.172
2.1692
2.1684
2.1696
2.1688
2.1724
2.1736
2.1736
2.1732
2.17
2.17
2.172
2.1708
2.1708
2.1716
2.1724
2.1728
2.172
2.1712
2.1736
2.172
2.1716
2.174
2.17
2.1732
2.17
2.1748
2.1708
2.1748
2.1728
2.1724
2.172
2.1696
2.1708
2.1708
2.1696
2.1736
2.172
2.1764
2.1744
2.1748
2.1712
2.174
2.1752
2.1792
2.1736
2.1744
2.174
2.1724
2.1728
2.1768
2.1716
2.1772
2.1732
2.1748
2.1728
2.1752
2.1704
2.1788
2.1752
2.1784
2.1756
2.1756
2.174
2.1764
2.1748
2.1776
2.178
2.1764
2.176
2.1776
2.1752
2.1764
2.1752
2.1764
2.1748
2.1768
2.1728
2.174
2.1748
2.1784
2.172
2.1776
2.1752
2.1772
2.1744
2.1772
2.1744
2.1788
2.1796
2.1768
2.1744
2.1764
2.1756
2.18
2.1772
2.1792
2.1764
2.1776
2.1792
2.1796
2.1784
2.1816
2.1744
2.18
2.1764
2.1792
2.178
2.1788
2.1776
2.1788
2.1812
2.18
2.1772
2.18
2.182
2.1796
2.1772
2.1784
2.1772
2.176
2.178
2.1828
2.1796
2.1792
2.1812
2.18
2.1832
2.1792
2.178
2.1804
2.178
2.1812
2.18
2.1808
2.1808
2.18
2.1816
2.1856
2.18
2.1856
2.18
2.1836
2.1804
2.1816
2.1812
2.1792
2.1856
2.1832
2.1836
2.184
2.1844
2.1816
2.182
2.1864
2.186
2.184
2.1836
2.186
2.182
2.1852
2.182
2.1872
2.184
2.182
2.18
2.1884
2.1828
2.1828
2.1836
2.1828
2.1852
2.1892
2.1852
2.1868
2.186
2.1892
2.184
2.1888
2.186
2.1852
2.1844
2.188
2.186
2.1868
2.1876
2.192
2.1876
2.188
2.188
2.188
2.1864
2.1884
2.188
2.1944
2.1904
2.1864
2.184
2.1896
2.1896
2.186
2.1848
2.19
2.1888
2.1888
2.1896
2.1888
2.1936
2.1896
2.1896
2.1912
2.1912
2.1912
2.1916
2.1932
2.1908
2.1924
2.1892
2.1932
2.1924
2.1936
2.1952
2.1936
2.1932
2.1896
2.1944
2.194
2.1944
2.1928
2.1904
2.196
2.1948
2.1932
2.196
2.1932
2.1924
2.1944
2.1924
2.1976
2.1936
2.1948
2.1932
2.1972
2.1956
2.1964
2.1944
2.1988
2.1956
2.1976
2.1928
2.1984
2.198
2.1988
2.1988
2.2024
2.2004
2.1992
2.1988
2.2024
2.202
2.2008
2.1972
2.2016
2.2
2.1996
2.2032
2.204
2.1968
2.2036
2.1992
2.2004
2.2004
2.2
2.2044
2.206
2.2028
2.2044
2.202
2.2028
2.2036
2.202
2.2004
2.2084
2.2036
2.2044
2.204
2.2084
2.2028
2.2064
2.2044
2.2056
2.2052
2.2068
2.2076
2.2096
2.2052
2.2084
2.2048
2.206
2.2092
2.2064
2.2068
2.2108
2.2056
2.2092
2.2064
2.2056
2.2084
2.2088
2.2096
2.2108
2.2092
2.2108
2.2088
2.2092
2.21
2.2112
2.2104
2.212
2.21
2.212
2.2124
2.2116
2.21
2.2112
2.2108
2.2164
2.212
2.2144
2.21
2.214
2.2148
2.2136
2.2132
2.2152
2.2136
2.216
2.2124
2.2188
2.2148
2.2152
2.214
2.2124
2.2176
2.2124
2.2136
2.2188
2.2156
2.2164
2.216
2.216
2.2116
2.2156
2.2176
2.2188
2.2156
2.2128
2.2168
2.2172
2.2196
2.2136
2.216
2.2188
2.2112
2.2196
2.216
2.2204
2.2192
2.2164
2.2192
2.22
2.2152
2.2204
2.2196
2.2208
2.2212
2.2188
2.22
2.2232
2.2196
2.2256
2.2204
2.2216
2.2232
2.218
2.2204
2.2212
2.2172
2.2196
2.2208
2.2192
2.22
2.2244
2.2232
2.2216
2.2224
2.2256
2.2192
2.222
2.2204
2.2228
2.2232
2.2244
2.224
2.2252
2.2236
2.226
2.2216
2.2204
2.2252
2.228
2.2264
2.2244
2.224
2.2312
2.2276
2.2284
2.2268
2.2264
2.2284
2.2264
2.226
2.2316
2.2288
2.2264
2.2276
2.2304
2.2296
2.2292
2.2256
2.2304
2.226
2.2276
2.2272
2.2276
2.232
2.2296
2.2308
2.2312
2.2272
2.2288
2.2288
2.2336
2.2308
2.2308
2.2292
2.2304
2.228
2.2316
2.23
2.2344
2.2288
2.2288
2.2316
2.2316
2.2304
2.2348
2.2316
2.234
2.2304
2.2328
2.2328
2.232
2.2352
2.2332
2.2332
2.2356
2.2348
2.2388
2.2336
2.2344
2.2352
2.2364
2.2368
2.2372
2.2352
2.2356
2.2356
2.2388
2.2344
2.2376
2.2352
2.238
2.2368
2.2384
2.2356
2.2356
2.2388
2.236
2.2364
2.236
2.2364
2.2372
2.2384
2.242
2.2444
2.242
2.238
2.2424
2.2388
2.2392
2.2376
2.2392
2.2384
2.24
2.2372
2.24
2.2376
2.2384
2.2372
2.24
2.2376
2.24
2.24
2.2424
2.2408
2.2404
2.2372
2.2412
2.2428
2.24
2.2424
2.242
2.2432
2.2408
2.2396
2.2444
2.2416
2.2408
2.2448
2.2424
2.2428
2.2424
2.2408
2.2432
2.2436
2.244
2.2428
2.248
2.2456
2.2448
2.2432
2.2436
2.2432
2.2448
2.24
2.2448
2.2416
2.2428
2.2444
2.2464
2.242
2.2464
2.2428
2.2448
2.2484
2.244
2.2468
2.2448
2.2448
2.2468
2.2432
2.248
2.2452
2.2452
2.2444
2.2464
2.2484
2.2476
2.2472
2.2476
2.246
2.2456
2.248
2.2512
2.2472
2.25
2.2448
2.2484
2.2456
2.2472
2.2468
2.2472
2.2496
2.2464
2.2444
2.244
2.2476
2.2504
2.246
2.2464
2.2484
2.2512
2.2492
2.2524
2.2476
2.2504
2.248
2.2484
2.2452
2.2468
2.2456
2.246
2.2476
2.2476
2.2488
2.2512
2.2472
2.2508
2.2472
2.2512
2.2512
2.2532
2.2484
2.2504
2.2488
2.2496
2.2496
2.254
2.2512
2.2524
2.252
2.2524
2.2488
2.2508
2.2496
2.2524
2.2504
2.2512
2.2488
2.254
2.2544
2.2508
2.2524
2.2528
2.2528
2.2516
2.2504
2.2532
2.2504
2.2488
2.252
2.2556
2.2512
2.2512
2.2508
2.2556
2.2496
2.2524
2.2532
2.2532
2.2552
2.2548
2.254
2.2536
2.254
2.2524
2.2544
2.2564
2.2528
2.2556
2.2552
2.2544
2.2528
2.2532
2.2528
2.252
2.2508
2.2572
2.2536
2.2552
2.2532
2.2568
2.2528
2.2552
2.2548
2.2572
2.2532
2.2568
2.2572
2.2552
2.256
2.2564
2.2556
2.2608
2.258
2.2592
2.2556
2.258
2.2576
2.2556
2.254
2.256
2.2544
2.256
2.2536
2.2552
2.2512
2.2556
2.2548
2.2564
2.2524
2.2552
2.2532
2.2524
2.2584
2.2596
2.2564
2.2588
2.2556
2.2564
2.2544
2.2544
2.2588
2.2552
2.254
2.2564
2.2528
2.2592
2.2584
2.2536
2.2548
2.258
2.2556
2.2588
2.2536
2.2576
2.2576
2.2572
2.2544
2.2572
2.2552
2.2568
2.258
2.258
2.2584
2.2584
2.2568
2.2604
2.2576
2.2588
2.2564
2.258
2.2572
2.258
2.258
2.2588
2.258
2.2608
2.252
2.2624
2.2572
2.2588
2.2592
2.2564
2.2592
2.2572
2.2584
2.2588
2.258
2.2584
2.2576
2.2572
2.2612
2.2588
2.2588
2.2612
2.2564
2.2612
2.26
2.2568
2.2624
2.26
2.2572
2.2636
2.2604
2.26
2.26
2.2608
2.2592
2.258
2.2636
2.2624
2.2608
2.2588
2.258
2.2636
2.2588
2.2608
2.2608
2.2636
2.2592
2.2616
2.2564
2.2616
2.262
2.2596
2.2596
2.2616
2.2596
2.2612
2.2604
2.2628
2.2636
2.2608
2.2628
2.2608
2.2608
2.2624
2.2588
2.2644
2.2612
2.2572
2.2588
2.2644
2.2588
2.2612
2.2604
2.2636
2.2624
2.2624
2.2596
2.2644
2.262
2.2628
2.2572
2.2592
2.262
2.2588
2.2604
2.2632
2.262
2.2572
2.262
2.2628
2.26
2.2604
2.2588
2.2588
2.2624
2.26
2.2612
2.2652
2.266
2.2632
2.2596
2.2616
2.2612
2.2616
2.2624
2.2616
2.262
2.264
2.2616
2.2652
2.2632
2.2608
2.2584
2.2648
2.2632
2.2616
2.2628
2.2628
2.26
2.2632
2.26
2.2624
2.264
2.2632
2.2628
2.2648
2.26
2.2628
2.2612
2.2648
2.2644
2.264
2.2572
2.2624
2.2624
2.2624
2.2636
2.2632
2.266
2.2632
2.2608
2.2636
2.2616
2.2668
2.262
2.266
2.266
2.2596
2.2628
2.2632
2.2588
2.2628
2.264
2.26
2.2604
2.2636
2.2636
2.2632
2.2644
2.2636
2.262
2.2648
2.2632
2.2588
2.2616
2.266
2.2604
2.2688
2.2608
2.2656
2.2628
2.266
2.262
2.2668
2.262
2.2644
2.2612
2.266
2.262
2.2624
2.2608
2.2624
2.2636
2.2636
2.2616
2.2624
2.2628
2.2644
2.2608
2.2652
2.2608
2.2648
2.264
2.2636
2.2668
2.2624
2.2624
2.266
2.2652
2.266
2.266
2.2644
2.264
2.2636
2.2624
2.2636
2.2628
2.26
2.26
2.2644
2.2644
2.2636
2.262
2.2656
2.2632
2.2652
2.2648
2.2652
2.2632
2.2624
2.2628
2.2656
2.2628
2.2632
2.2608
2.2648
2.264
2.2652
2.2604
2.2632
2.2612
2.264
2.2596
2.2648
2.2652
2.2648
2.2624
2.2656
2.264
2.2656
2.2612
2.266
2.2652
2.266
2.2596
2.2644
2.2644
2.2596
2.2604
2.262
2.2624
2.2628
2.264
2.264
2.262
2.2608
2.2596
2.2648
2.2616
2.2644
2.2616
2.2628
2.264
2.262
2.2628
2.2644
2.2644
2.2652
2.2644
2.2672
2.2652
2.2648
2.2624
2.2672
2.264
2.264
2.264
2.2624
2.2612
2.2644
2.2576
2.2628
2.2624
2.2632
2.2616
2.2636
2.2656
2.2628
2.262
2.2668
2.2672
2.2628
2.2624
2.2616
2.2624
2.2664
2.26
2.2656
2.2592
2.2632
2.26
2.266
2.2624
2.2632
2.2604
2.2652
2.2636
2.2644
2.262
2.2648
2.2644
2.2628
2.2636
2.264
2.2644
2.262
2.2636
2.2636
2.2632
2.2672
2.2616
2.2684
2.2656
2.2636
2.2636
2.266
2.2632
2.2652
2.2636
2.2648
2.264
2.266
2.2612
2.2656
2.2632
2.2648
2.2644
2.2688
2.2644
2.2664
2.2612
2.2652
2.2644
2.2628
2.264
2.264
2.2636
2.2628
2.2628
2.264
2.2664
2.262
2.2624
2.2612
2.262
2.266
2.2632
2.2636
2.2636
2.262
2.2636
2.2672
2.262
2.2628
2.2608
2.264
2.262
2.2604
2.2592
2.2636
2.262
2.2608
2.2612
2.2616
2.264
2.2624
2.258
2.2632
2.2648
2.2636
2.258
2.26
2.2624
2.264
2.2636
2.2652
2.266
2.2648
2.2596
2.2652
2.2608
2.2636
2.2624
2.2632
2.2616
2.2648
2.2608
2.2684
2.264
2.2608
2.2624
2.2624
2.2648
2.2672
2.2644
2.2672
2.2632
2.2612
2.26
2.2644
2.2636
2.2656
2.2632
2.266
2.2628
2.2668
2.262
2.2676
2.2632
2.2628
2.2616
2.2612
2.2632
2.2644
2.2592
2.2628
2.2628
2.266
2.2588
2.2632
2.2632
2.2624
2.2616
2.2628
2.256
2.2624
2.2632
2.2628
2.264
2.2652
2.2608
2.2628
2.264
2.2628
2.262
2.2636
2.2624
2.2656
2.26
2.2628
2.2644
2.2608
2.2632
2.2648
2.264
2.2624
2.2668
2.2708
2.2612
2.2628
2.2656
2.2628
2.2596
2.2588
2.2608
2.2668
2.2608
2.2576
2.2596
2.2664
2.26
2.2624
2.2592
2.262
2.2636
2.2616
2.2608
2.2628
2.2628
2.264
2.2624
2.2596
2.2632
2.26
2.2588
2.26
2.2612
2.262
2.26
2.2604
2.2572
2.2628
2.2608
2.2592
2.2608
2.2656
2.2648
2.2632
2.2572
2.262
2.26
2.2616
2.2652
2.2612
2.264
2.262
2.2604
2.2596
2.258
2.2632
2.2616
2.262
2.2612
2.2612
2.2612
2.2592
2.26
2.264
2.2592
2.2612
2.2632
2.2612
2.2644
2.262
2.2636
2.2632
2.26
2.2604
2.2592
2.2616
2.2624
2.2564
2.2576
2.2624
2.2596
2.2604
2.2596
2.2612
2.26
2.26
2.2588
2.2628
2.2588
2.262
2.2588
2.2592
2.2608
2.2608
2.2584
2.264
2.258
2.2612
2.2592
2.2632
2.2588
2.2612
2.2608
2.2592
2.2612
2.26
2.2588
2.2584
2.2608
2.26
2.2612
2.2604
2.2604
2.258
2.258
2.2612
2.26
2.2584
2.2612
2.2616
2.26
2.2636
2.262
2.2612
2.26
2.2596
2.2604
2.2612
2.2608
2.256
2.256
2.2636
2.2612
2.2612
2.2624
2.2584
2.2584
2.2612
2.2592
2.2604
2.2608
2.2588
2.26
2.262
2.262
2.2632
2.2592
2.2612
2.2624
2.2608
2.2596
2.26
2.2592
2.2612
2.2616
2.2612
2.2604
2.2588
2.2588
2.2596
2.2612
2.26
2.2584
2.2592
2.256
2.2616
2.2552
2.2596
2.2596
2.2592
2.2576
2.258
2.26
2.2632
2.2616
2.2584
2.258
2.2604
2.2584
2.2612
2.258
2.2632
2.2564
2.2604
2.262
2.2584
2.2584
2.262
2.2588
2.2588
2.2584
2.26
2.2572
2.2604
2.256
2.258
2.2564
2.2584
2.2548
2.2612
2.26
2.2608
2.256
2.2604
2.2596
2.2548
2.258
2.2568
2.2528
2.2584
2.256
2.2592
2.2584
2.2568
2.2524
2.2612
2.2584
2.2576
2.256
2.2596
2.26
2.2604
2.258
2.2572
2.2576
2.26
2.2592
2.262
2.2596
2.2568
2.2548
2.2572
2.2572
2.256
2.2528
2.2608
2.2568
2.2616
2.2544
2.2592
2.26
2.2556
2.2588
2.2612
2.2584
2.2604
2.2572
2.2604
2.2564
2.2592
2.2584
2.2572
2.2576
2.2584
2.2576
2.26
2.2564
2.2592
2.2564
2.2596
2.2584
2.2572
2.258
2.252
2.2568
2.2588
2.2576
2.2588
2.2564
2.2552
2.2548
2.2588
2.2604
2.2568
2.256
2.2588
2.2612
2.26
2.2588
2.258
2.2568
2.2592
2.2576
2.2588
2.2584
2.256
2.2584
2.2608
2.2556
2.2568
2.2576
2.2556
2.2544
2.2568
2.256
2.2592
2.2564
2.2572
2.2556
2.2584
2.2544
2.2588
2.2568
2.2584
2.2556
2.2564
2.2552
2.2576
2.2568
2.254
2.2544
2.2576
2.2536
2.2548
2.252
2.2544
2.2568
2.2536
2.2568
2.2596
2.2556
2.2548
2.2552
2.2592
2.2568
2.2572
2.2552
2.2596
2.2568
2.2576
2.256
2.2568
2.2556
2.256
2.254
2.2556
2.254
2.2556
2.2572
2.2556
2.2564
2.2576
2.256
2.2572
2.2556
2.2564
2.2536
2.2552
2.2556
2.2564
2.2568
2.2536
2.2576
2.2532
2.2548
2.256
2.2552
2.2552
2.2544
2.2572
2.254
2.2572
2.2564
2.256
2.2568
2.2588
2.2536
2.2588
2.2572
2.2548
2.2536
2.2568
2.256
2.2584
2.2544
2.2568
2.2552
2.2528
2.2524
2.2548
2.2588
2.2532
2.25
2.2568
2.2504
2.252
2.2528
2.2552
2.2572
2.2552
2.2532
2.2568
2.256
2.2576
2.2548
2.2544
2.2528
2.2532
2.2548
2.256
2.256
2.2572
2.2544
2.2612
2.2528
2.2552
2.2516
2.258
2.2552
2.2544
2.2552
2.2564
2.2532
2.2556
2.256
2.2564
2.2564
2.2512
2.2528
2.2568
2.2524
2.2544
2.2536
2.2552
2.2536
2.2564
2.2528
2.2568
2.256
2.2508
2.2536
2.2544
2.2532
2.2576
2.2496
2.2568
2.2532
2.2544
2.254
2.254
2.2544
2.2536
2.254
2.256
2.2508
2.254
2.25
2.2544
2.2528
2.254
2.2536
2.256
2.2532
2.2528
2.2512
2.2512
2.2532
2.2524
2.2512
2.254
2.2552
2.2548
2.256
2.254
2.2528
2.2552
2.2544
2.2516
2.2504
2.2536
2.252
2.2544
2.252
2.2532
2.25
2.252
2.2508
2.254
2.2528
2.258
2.2516
2.2496
2.256
2.2512
2.2508
2.2528
2.2528
2.2568
2.2508
2.252
2.2512
2.2552
2.252
2.2564
2.252
2.254
2.2524
2.2532
2.2504
2.2512
2.2544
2.25
2.2508
2.2552
2.2524
2.2548
2.2528
2.2536
2.2556
2.2528
2.2508
2.2552
2.2488
2.2524
2.2536
2.252
2.254
2.2512
2.2484
2.2528
2.252
2.2544
2.2492
2.2512
2.2516
2.252
2.2476
2.2544
2.2532
2.2536
2.2508
2.252
2.2548
2.252
2.2528
2.2552
2.2524
2.254
2.256
2.256
2.252
2.2524
2.2504
2.2524
2.2524
2.2528
2.25
2.2528
2.2504
2.2536
2.2504
2.2496
2.25
2.2536
2.2508
2.2536
2.2484
2.2496
2.2508
2.2496
2.2516
2.2488
2.2512
2.2524
2.2504
2.2544
2.2484
2.2524
2.2516
2.2532
2.2532
2.2524
2.254
2.2524
2.2496
2.2504
2.2488
2.252
2.2516
2.2548
2.2496
2.2508
2.2492
2.2536
2.2476
2.2516
2.2472
2.2504
2.2484
2.2544
2.248
2.254
2.2524
2.252
2.25
2.2536
2.2512
2.2532
2.2492
2.2504
2.2492
2.2512
2.2516
2.2508
2.2516
2.2512
2.252
2.2524
2.2488
2.2496
2.25
2.2528
2.25
2.2524
2.248
2.25
2.2488
2.2508
2.2484
2.2496
2.2484
2.2516
2.25
2.2524
2.2496
2.2472
2.2504
2.2468
2.2492
2.2508
2.2484
2.252
2.2508
2.2488
2.2504
2.2532
2.2484
2.2504
2.2472
2.2528
2.2484
2.2536
2.2496
2.2508
2.2508
2.2504
2.25
2.2468
2.2496
2.25
2.2484
2.2496
2.2496
2.2504
2.2512
2.2524
2.2508
2.2508
2.2484
2.2528
2.2508
2.2504
2.246
2.2516
2.2468
2.2492
2.2492
2.2488
2.254
2.2504
2.2436
2.25
2.248
2.2508
2.2476
2.2516
2.2492
2.2512
2.2468
2.2492
2.2476
2.2508
2.2476
2.2488
2.2492
2.2504
2.2476
2.248
2.2456
2.246
2.2492
2.2504
2.2432
2.2488
2.2464
2.2476
2.2516
2.2472
2.2472
2.25
2.2476
2.2456
2.2456
2.2508
2.2468
2.2484
2.2468
2.252
2.2492
2.25
2.2444
2.2488
2.2496
2.246
2.2472
2.2524
2.2464
2.248
2.248
2.2464
2.2496
2.2472
2.248
2.2496
2.2508
2.2468
2.2444
2.2504
2.244
2.2476
2.2492
2.2476
2.2496
2.2484
2.2484
2.2516
2.246
2.2476
2.2476
2.2472
2.2484
2.2476
2.2464
2.2504
2.248
2.2468
2.246
2.252
2.248
2.2444
2.2472
2.2512
2.2456
2.2464
2.2444
2.25
2.2476
2.2488
2.2476
2.2504
2.2488
2.2468
2.2484
2.2476
2.2472
2.2484
2.2468
2.2488
2.2488
2.2488
2.246
2.2472
2.248
2.248
2.248
2.2476
2.2464
2.246
2.2468
2.2476
2.2464
2.2484
2.2456
2.2484
2.2452
2.2492
2.248
2.2504
2.248
2.25
2.2468
2.2496
2.248
2.2488
2.244
2.2484
2.2484
2.2488
2.2488
2.2504
2.2464
2.2468
2.2484
2.2492
2.2464
2.2504
2.2468
2.2488
2.2504
2.246
2.2492
2.2504
2.2452
2.2456
2.2464
2.2464
2.2452
2.2448
2.2424
2.2516
2.2468
2.244
2.2464
2.2484
2.2456
2.2452
2.2468
2.246
2.248
2.2488
2.2448
2.2476
2.2464
2.2508
2.2448
2.2476
2.246
2.2456
2.2424
2.2472
2.2456
2.2504
2.2444
2.248
2.2476
2.2472
2.2464
2.2468
2.244
2.2452
2.2432
2.2488
2.248
2.2452
2.2436
2.2488
2.2484
2.25
2.2432
2.248
2.2472
2.2456
2.2436
2.2488
2.2472
2.2472
2.2476
2.2476
2.2448
2.244
2.2432
2.2472
2.2456
2.2452
2.244
2.246
2.244
2.2452
2.244
2.2492
2.2424
2.2476
2.2436
2.2476
2.2464
2.2436
2.2448
2.2464
2.2456
2.25
2.2444
2.2468
2.2456
2.2464
2.2436
2.248
2.2448
2.2476
2.2452
2.2492
2.2484
2.248
2.2452
2.244
2.2448
2.2444
2.2444
2.2464
2.2472
2.2448
2.2456
2.2456
2.2468
2.244
2.2456
2.2456
2.244
2.242
2.2428
2.2476
2.2464
2.244
2.2432
2.2492
2.2464
2.244
2.2444
2.2436
2.2444
2.2444
2.2444
2.2508
2.2432
2.2432
2.2464
2.2444
2.2432
2.2468
2.2448
2.2464
2.2456
2.2452
2.242
2.246
2.2444
2.2456
2.244
2.244
2.2432
2.2452
2.2428
2.2484
2.2432
2.2448
2.2436
2.2428
2.2424
2.2424
2.2412
2.2472
2.2432
2.2436
2.2436
2.2444
2.2432
2.244
2.2412
2.2416
2.2412
2.244
2.2428
2.246
2.2436
2.244
2.2448
2.248
2.246
2.246
2.2436
2.2448
2.2448
2.2412
2.2392
2.244
2.2416
2.2444
2.2416
2.242
2.2436
2.2456
2.2428
2.2448
2.2412
2.2444
2.2432
2.2468
2.2468
2.2444
2.246
2.246
2.2428
2.2444
2.2428
2.2436
2.2432
2.244
2.2452
2.2424
2.2412
2.2424
2.2408
2.2484
2.2464
2.2476
2.2444
2.2448
2.2404
2.2432
2.2416
2.244
2.2432
2.2416
2.2424
2.2448
2.2448
2.244
2.2424
2.244
2.2416
2.2476
2.2412
2.2472
2.2428
2.2408
2.2408
2.244
2.2424
2.2424
2.2412
2.2472
2.2416
2.2416
2.2428
2.2416
2.2432
2.244
2.2408
2.2452
2.244
2.242
2.2416
2.2444
2.2424
2.2416
2.2424
2.2424
2.2432
2.2436
2.2424
2.2408
2.2404
2.2464
2.244
2.2456
2.2428
2.2432
2.2404
2.2452
2.244
2.2412
2.24
2.242
2.2416
2.2432
2.2424
2.244
2.2416
2.2416
2.2428
2.2476
2.242
2.2428
2.2424
2.2452
2.244
2.24
2.2416
2.2424
2.2372
2.242
2.2412
2.2428
2.244
2.2436
2.2408
2.2444
2.2396
2.2412
2.2424
2.2456
2.2428
2.2412
2.24
2.244
2.2412
2.2408
2.24
2.2436
2.2436
2.2412
2.2404
2.2436
2.242
2.2416
2.2396
2.244
2.2412
2.2412
2.24
2.2436
2.2436
2.2436
2.2412
2.2448
2.2388
2.24
2.2388
2.2412
2.2432
2.2412
2.2408
2.2428
2.2448
2.2432
2.2384
2.2416
2.2396
2.2408
2.2384
2.242
2.242
2.2424
2.2384
2.2404
2.242
2.2404
2.2388
2.2424
2.2396
2.2452
2.2408
2.242
2.2428
2.2416
2.242
2.2412
2.2428
2.2436
2.2444
2.2432
2.2412
2.2404
2.24
2.2408
2.2412
2.2416
2.24
2.2392
2.242
2.242
2.2408
2.2408
2.2388
2.2416
2.2384
2.2428
2.2384
2.2396
2.24
2.2416
2.2412
2.2404
2.2424
2.2416
2.2388
2.2432
2.24
2.2436
2.2416
2.2408
2.2396
2.2404
2.2376
2.2412
2.2388
2.242
2.2408
2.2396
2.2384
2.242
2.2364
2.2392
2.2396
2.2408
2.24
2.2424
2.24
2.2376
2.2372
2.2376
2.2376
2.24
2.2404
2.24
2.2368
2.2412
2.2392
2.2376
2.24
2.238
2.2412
2.2428
2.2408
2.2436
2.2376
2.2396
2.2372
2.2372
2.2404
2.2384
2.2408
2.2404
2.2392
2.2396
2.2384
2.2408
2.2372
2.2408
2.2368
2.2408
2.24
2.2408
2.2324
2.244
2.2364
2.2376
2.2424
2.238
2.238
2.24
2.2384
2.2396
2.2396
2.2408
2.2388
2.2416
2.238
2.2412
2.2416
2.242
2.2384
2.2384
2.238
2.2424
2.24
2.2392
2.2388
2.2412
2.2384
2.2404
2.238
2.2368
2.24
2.2396
2.2396
2.2408
2.2408
2.24
2.2396
2.2384
2.2392
2.2408
2.2368
2.2416
2.2384
2.2408
2.2356
2.2364
2.2344
2.2384
2.2392
2.2408
2.2356
2.242
2.2364
2.2404
2.2396
2.2372
2.2356
2.2408
2.2364
2.2384
2.2388
2.2388
2.2388
2.2356
2.2368
2.2364
2.2364
2.2372
2.2368
2.2408
2.242
2.2356
2.2392
2.2392
2.2388
2.2364
2.2368
2.24
2.2376
2.2392
2.2328
2.2372
2.2384
2.2376
2.2352
2.2388
2.2364
2.2388
2.2364
2.2388
2.2392
2.2364
2.2396
2.2376
2.2392
2.2392
2.2352
2.2412
2.2332
2.2376
2.2356
2.2396
2.2364
2.2356
2.2332
2.24
2.2348
2.2376
2.2364
2.2376
2.238
2.2356
2.234
2.2364
2.2352
2.2368
2.2348
2.238
2.2352
2.2332
2.2352
2.2392
2.2372
2.234
2.2356
2.2348
2.2416
2.238
2.2372
2.2372
2.2356
2.2384
2.2372
2.236
2.2392
2.236
2.2392
2.2364
2.2368
2.2384
2.2348
2.2392
2.2368
2.236
2.2336
2.236
2.2352
2.24
2.2368
2.2356
2.2372
2.2372
2.2368
2.2412
2.238
2.24
2.2336
2.2424
2.24
2.2364
2.234
2.2376
2.2364
2.2336
2.2344
2.236
2.2352
2.2376
2.2376
2.2372
2.2356
2.2364
2.238
2.2408
2.2356
2.2368
2.2352
2.238
2.236
2.2372
2.2352
2.2388
2.234
2.236
2.236
2.2328
2.2312
2.2344
2.2352
2.2392
2.2344
2.2348
2.234
2.2352
2.2372
2.2356
2.2332
2.2372
2.2368
2.2364
2.2356
2.2364
2.236
2.2376
2.2364
2.238
2.2344
2.2352
2.232
2.2376
2.236
2.2384
2.236
2.2392
2.2352
2.236
2.238
2.238
2.2344
2.2356
2.2352
2.2376
2.2348
2.2348
2.2376
2.2396
2.2352
2.2356
2.2328
2.236
2.2376
2.2364
2.2352
2.2332
2.236
2.2356
2.2356
2.2356
2.2344
2.2384
2.234
2.238
2.2364
2.2396
2.234
2.2364
2.2344
2.2384
2.2348
2.2372
2.2352
2.24
2.2372
2.238
2.2376
2.2348
2.2364
2.2376
2.2332
2.2376
2.2364
2.236
2.2348
2.2316
2.2332
2.2364
2.2348
2.2384
2.236
2.236
2.2336
2.2356
2.2336
2.2356
2.2348
2.2348
2.236
2.2356
2.2332
2.234
2.2348
2.2384
2.236
2.236
2.2328
2.2364
2.2336
2.234
2.2352
2.236
2.2372
2.2364
2.2356
2.2368
2.2348
2.2352
2.2348
2.236
2.2364
2.2344
2.2328
2.2352
2.2368
2.2348
2.234
2.2344
2.2336
2.238
2.2332
2.2368
2.2356
2.236
2.2324
2.2364
2.2368
2.2328
2.232
2.2344
2.2284
2.2316
2.2316
2.234
2.2316
2.2348
2.2336
2.2332
2.2312
2.2312
2.2376
2.232
2.232
2.2296
2.2308
2.2356
2.234
2.2392
2.234
2.2364
2.234
2.2324
2.234
2.2368
2.2356
2.2364
2.2324
2.2356
2.2304
2.236
2.2332
2.2356
2.234
2.2352
2.2328
2.234
2.2332
2.2356
2.2332
2.2324
2.2328
2.232
2.2324
2.2344
2.2312
2.2352
2.2324
2.2348
2.234
2.2332
2.2316
2.2356
2.2324
2.2344
2.2336
2.2344
2.232
2.2344
2.2296
2.2332
2.2356
2.2316
2.2316
2.2336
2.2336
2.2328
2.2332
2.2348
2.2328
2.2312
2.2312
2.2344
2.2352
2.2352
2.2332
2.236
2.2304
2.2356
2.232
2.2356
2.2332
2.2336
2.2312
2.2324
2.2292
2.234
2.2284
2.2296
2.2348
2.2324
2.234
2.2352
2.2324
2.2336
2.2284
2.2336
2.232
2.2296
2.232
2.2316
2.2292
2.2312
2.232
2.232
2.2324
2.2312
2.2328
2.2324
2.23
2.2312
2.2316
2.236
2.2332
2.2308
2.2324
2.2304
2.2312
2.232
2.2316
2.234
2.23
2.2324
2.2324
2.2332
2.2328
2.2316
2.2304
2.2324
2.236
2.236
2.234
2.2336
2.2352
2.2324
2.2304
2.234
2.2312
2.23
2.2304
2.234
2.23
2.2304
2.2308
2.2312
2.2316
2.2304
2.2312
2.2324
2.2296
2.2312
2.2312
2.2292
2.234
2.2324
2.2296
2.2344
2.2328
2.2288
2.2304
2.2304
2.2292
2.2332
2.2312
2.2336
2.2328
2.23
2.2284
2.2324
2.2332
2.2332
2.2304
2.2356
2.23
2.2292
2.2304
2.2316
2.228
2.2272
2.2316
2.2344
2.228
2.2312
2.23
2.2324
2.2324
2.2292
2.232
2.2348
2.2308
2.2344
2.2304
2.234
2.2292
2.2312
2.23
2.2276
2.2316
2.2292
2.2288
2.2344
2.2292
2.2304
2.2312
2.2288
2.2352
2.2296
2.2252
2.2324
2.2284
2.2296
2.2304
2.2308
2.2308
2.2308
2.2292
2.2312
2.23
2.2304
2.2308
2.2312
2.2276
2.2324
2.2292
2.2268
2.2312
2.2296
2.2276
2.2316
2.2324
2.2328
2.228
2.2312
2.228
2.2296
2.2284
2.2308
2.226
2.2296
2.2292
2.2328
2.2332
2.2332
2.2296
2.2276
2.2308
2.2324
2.228
2.2272
2.2288
2.23
2.2288
2.2284
2.226
2.2308
2.2296
2.232
2.226
2.2312
2.228
2.2292
2.2292
2.228
2.2264
2.2284
2.2284
2.23
2.226
2.234
2.23
2.2292
2.2268
2.2312
2.2312
2.2292
2.2304
2.2316
2.2264
2.2308
2.2252
2.2276
2.2328
2.2284
2.226
2.2328
2.23
2.2284
2.2288
2.2284
2.2284
2.2292
2.2288
2.228
2.2236
2.2244
2.2296
2.23
2.2348
2.23
2.2284
2.2304
2.228
2.228
2.2304
2.232
2.2284
2.2312
2.2256
2.2328
2.2276
2.2292
2.2264
2.2288
2.232
2.2308
2.23
2.2316
2.2296
2.2288
2.2304
2.2316
2.2276
2.2256
2.2292
2.228
2.23
2.228
2.2272
2.2276
2.2268
2.2308
2.2272
2.2276
2.2292
2.2308
2.2292
2.2336
2.2288
2.2256
2.2284
2.23
2.2296
2.2268
2.2244
2.2276
2.2256
2.2292
2.2244
2.2296
2.2288
2.2264
2.2268
2.2308
2.2276
2.2276
2.2284
2.2296
2.2296
2.2264
2.2264
2.2288
2.2268
2.2284
2.2276
2.2296
2.2336
2.2292
2.2284
2.2284
2.228
2.2272
2.2276
2.2308
2.2316
2.2308
2.2264
2.2292
2.2256
2.2284
2.224
2.2308
2.2284
2.2296
2.2284
2.2272
2.2276
2.2264
2.2276
2.2292
2.2276
2.2312
2.2252
2.2312
2.2244
2.2256
2.2252
2.2304
2.2264
2.2272
2.2236
2.226
2.2252
2.228
2.2248
2.226
2.2272
2.2212
2.2292
2.2268
2.2264
2.2276
2.224
2.23
2.2272
2.226
2.2244
2.2272
2.2284
2.2264
2.2284
2.2264
2.23
2.2296
2.228
2.2292
2.23
2.2264
2.2232
2.2264
2.228
2.2312
2.2236
2.2288
2.228
2.2244
2.2232
2.2324
2.2288
2.226
2.2276
2.2292
2.2284
2.2296
2.224
2.228
2.2284
2.2284
2.2256
2.2264
2.2284
2.228
2.2268
2.2284
2.2264
2.2276
2.226
2.2284
2.2292
2.2256
2.2256
2.228
2.226
2.2256
2.2276
2.2272
2.2268
2.2256
2.2284
2.2264
2.2244
2.2256
2.2224
2.2304
2.224
2.2308
2.2248
2.2272
2.2272
2.2256
2.2232
2.2304
2.226
2.2244
2.224
2.2256
2.222
2.228
2.2228
2.2264
2.2256
2.2228
2.2236
2.2288
2.2236
2.228
2.2212
2.2276
2.226
2.2236
2.2224
2.2252
2.2244
2.2244
2.2268
2.2224
2.2216
2.2264
2.2204
2.2272
2.2268
2.2248
2.2256
2.226
2.2272
2.224
2.2216
2.2284
2.2224
2.2288
2.2264
2.2224
2.2252
2.2264
2.2224
2.2276
2.2264
2.2264
2.2244
2.2308
2.2244
2.2232
2.2256
2.228
2.224
2.2252
2.22
2.2264
2.2248
2.222
2.222
2.2244
2.2268
2.2244
2.222
2.2264
2.2252
2.2224
2.224
2.2236
2.2232
2.222
2.2204
2.2264
2.2264
2.2228
2.224
2.2236
2.2248
2.224
2.2216
2.2248
2.222
2.2224
2.2228
2.2264
2.2224
2.2268
2.2244
2.224
2.2244
2.22
2.224
2.2268
2.2224
2.2264
2.2216
2.2252
2.2212
2.2264
2.2208
2.2276
2.2228
2.2228
2.2232
2.2244
2.2236
2.2256
2.224
2.2244
2.2232
2.2268
2.2276
2.2284
2.2228
2.2244
2.2232
2.2236
2.2236
2.2232
2.2224
2.2224
2.224
2.2248
2.226
2.2264
2.2228
2.2228
2.22
2.224
2.224
2.2244
2.2264
2.2216
2.2252
2.2212
2.2232
2.2244
2.2224
2.2216
2.2224
2.224
2.2272
2.2224
2.2168
2.2256
2.2224
2.2252
2.2196
2.2252
2.2236
2.2232
2.2224
2.2208
2.2224
2.2208
2.2228
2.2252
2.2228
2.2224
2.2232
2.2188
2.2204
2.222
2.222
2.2236
2.222
2.2208
2.2216
2.224
2.222
2.2216
2.224
2.2228
2.2224
2.2228
2.2204
2.2256
2.2204
2.2228
2.222
2.2236
2.2224
2.2244
2.2204
2.2212
2.2216
2.222
2.22
2.2228
2.2248
2.2252
2.222
2.2232
2.2192
2.2248
2.2224
2.2228
2.2204
2.2196
2.222
2.2252
2.222
2.224
2.2232
2.2264
2.224
2.2224
2.224
2.222
2.2208
2.2252
2.2192
2.2232
2.222
2.2184
2.2204
2.224
2.2248
2.2228
2.2224
2.2216
2.2208
2.2188
2.2212
2.2236
2.2248
2.2188
2.22
2.2212
2.2208
2.222
2.2212
2.2216
2.2228
2.2244
2.2192
2.2252
2.222
2.2196
2.2244
2.2224
2.2244
2.218
2.2216
2.2216
2.2208
2.2244
2.2212
2.2196
2.2216
2.2212
2.2188
2.2244
2.2228
2.2208
2.2216
2.2216
2.222
2.2212
2.2228
2.2236
2.2236
2.2232
2.2176
2.2224
2.2216
2.2204
2.2196
2.2216
2.22
2.2196
2.2188
2.2236
2.22
2.2208
2.2172
2.2216
2.2224
2.2224
2.2196
2.2204
2.222
2.22
2.2188
2.224
2.2196
2.2248
2.2204
2.2256
2.2192
2.2196
2.2212
2.2236
2.2208
2.2192
2.2204
2.22
2.2204
2.2192
2.2184
2.2252
2.2196
2.218
2.2188
2.2192
2.2232
2.2192
2.2172
2.22
2.2212
2.2152
2.2192
2.2232
2.2188
2.2188
2.2148
2.2208
2.2188
2.2196
2.2204
2.2216
2.2188
2.2184
2.2192
2.2192
2.22
2.2192
2.2172
2.2188
2.218
2.2168
2.2192
2.2216
2.2152
2.2224
2.2212
2.2212
2.222
2.2216
2.2208
2.2228
2.22
2.2196
2.216
2.2172
2.2184
2.2164
2.2204
2.2212
2.2176
2.2188
2.2216
2.222
2.222
2.2204
2.2188
2.222
2.2188
2.2184
2.2208
2.222
2.218
2.2168
2.2184
2.2216
2.2184
2.22
2.22
2.2188
2.2212
2.2212
2.216
2.218
2.216
2.2184
2.2192
2.2208
2.22
2.2172
2.2188
2.2212
2.2156
2.218
2.2168
2.2216
2.2204
2.2192
2.214
2.2208
2.2172
2.2184
2.2192
2.2208
2.2188
2.2168
2.2204
2.2196
2.2164
2.218
2.218
2.2208
2.2192
2.2164
2.2192
2.2224
2.2172
2.222
2.2144
2.2204
2.22
2.2196
2.2148
2.2208
2.2176
2.2156
2.2164
2.22
2.2168
2.2192
2.2164
2.2168
2.2156
2.2192
2.2172
2.2212
2.2216
2.2184
2.2236
2.2196
2.2208
2.2208
2.2188
2.2204
2.2156
2.2156
2.216
2.22
2.2164
2.2184
2.2204
2.222
2.2172
2.2212
2.218
2.2204
2.2172
2.216
2.2196
2.2184
2.2192
2.2192
2.218
2.218
2.2208
2.2204
2.2184
2.2204
2.216
2.2192
2.2164
2.2196
2.218
2.2164
2.2164
2.2216
2.2192
2.2184
2.2192
2.2196
2.2168
2.2168
2.216
2.2184
2.216
2.2168
2.216
2.2188
2.214
2.2188
2.2172
2.22
2.2188
2.2144
2.2196
2.2216
2.2196
2.2196
2.2176
2.2212
2.2172
2.2164
2.2172
2.22
2.216
2.2204
2.216
2.2212
2.216
2.2164
2.2152
2.22
2.2156
2.2184
2.216
2.2204
2.2192
2.2164
2.218
2.2176
2.2124
2.2168
2.2136
2.2196
2.2148
2.2164
2.2192
2.218
2.2164
2.2152
2.2144
2.2192
2.2148
2.2156
2.2152
2.2168
2.2172
2.2216
2.2148
2.214
2.2168
2.2152
2.2188
2.2172
2.212
2.2144
2.214
2.2188
2.2176
2.2152
2.2172
2.2216
2.2152
2.2172
2.214
2.22
2.2148
2.2144
2.2164
2.2196
2.2148
2.2152
2.214
2.2216
2.2148
2.2132
2.2172
2.2184
2.2208
2.2184
2.2168
2.2184
2.2152
2.2168
2.2152
2.22
2.2172
2.2176
2.2144
2.218
2.216
2.2156
2.2168
2.2164
2.2152
2.218
2.2144
2.2184
2.214
2.2164
2.2148
2.2176
2.22
2.216
2.216
2.2164
2.2172
2.2164
2.214
2.2164
2.2156
2.2144
2.214
2.2168
2.216
2.2152
2.216
2.2188
2.2172
2.2144
2.2176
2.216
2.2132
2.2164
2.2124
2.2168
2.2168
2.2152
2.2148
2.2168
2.2152
2.216
2.2136
2.22
2.2148
2.2144
2.2136
2.2148
2.2148
2.2168
2.2152
2.2196
2.2164
2.218
2.2156
2.22
2.2144
2.2168
2.214
2.216
2.2132
2.2172
2.2136
2.2164
2.2156
2.2124
2.212
2.216
2.2144
2.2132
2.2116
2.2168
2.214
2.2148
2.212
2.218
2.2152
2.218
2.2124
2.2148
2.2104
2.2144
2.2168
2.216
2.2164
2.2164
2.2128
2.2176
2.2152
2.2144
2.2132
2.218
2.2148
2.2144
2.21
2.2144
2.2128
2.2132
2.214
2.2152
2.2152
2.2144
2.2148
2.2168
2.212
2.2144
2.2152
2.214
2.216
2.2144
2.214
2.2164
2.214
2.2144
2.212
2.216
2.2132
2.2132
2.214
2.2148
2.2124
2.214
2.2144
2.2152
2.2132
2.212
2.2132
2.2144
2.214
2.2116
2.2128
2.2144
2.2124
2.214
2.2136
2.2152
2.2132
2.21
2.2132
2.214
2.2156
2.2128
2.2152
2.2136
2.2092
2.2132
2.21
2.218
2.2132
2.2148
2.2172
2.2144
2.2132
2.2148
2.2136
2.2144
2.2132
2.2108
2.2108
2.2124
2.2124
2.2156
2.2128
2.2132
2.212
2.2128
2.2152
2.2096
2.2128
2.2116
2.2088
2.2128
2.2124
2.2156
2.2124
2.2116
2.2128
2.2104
2.2148
2.218
2.2124
2.2144
2.2104
2.214
2.214
2.2136
2.2144
2.2164
2.2132
2.2104
2.2144
2.214
2.2108
2.2136
2.212
2.2112
2.212
2.218
2.21
2.216
2.2144
2.2116
2.2116
2.2148
2.2116
2.212
2.2132
2.2124
2.212
2.2124
2.2096
2.2144
2.2124
2.2124
2.2116
2.2148
2.2108
2.2136
2.2124
2.2144
2.2132
2.2124
2.2124
2.2168
2.2112
2.2144
2.2124
2.2124
2.2124
2.21
2.2124
2.2148
2.21
2.2136
2.2108
2.2152
2.2108
2.2124
2.2128
2.214
2.214
2.2132
2.2084
2.214
2.2112
2.2124
2.2124
2.2128
2.2128
2.2148
2.2128
2.216
2.2136
2.2124
2.2092
2.2128
2.2108
2.2124
2.208
2.2112
2.2104
2.2132
2.2112
2.2148
2.2112
2.2128
2.2108
2.21
2.2084
2.212
2.21
2.2092
2.2108
2.212
2.212
2.2116
2.21
2.2108
2.212
2.212
2.2112
2.2088
2.2092
2.2116
2.21
2.2104
2.2124
2.2148
2.2112
2.2132
2.2092
2.2124
2.212
2.2116
2.2096
2.212
2.208
2.2104
2.2136
2.2128
2.2104
2.2116
2.2092
2.212
2.2104
2.2128
2.2108
2.208
2.2096
2.21
2.2084
2.2116
2.2112
2.2104
2.21
2.2056
2.2088
2.2096
2.21
2.208
2.2104
2.21
2.2108
2.2112
2.2104
2.2084
2.21
2.2132
2.2096
2.2096
2.2104
2.2112
2.212
2.2096
2.2068
2.2144
2.2128
2.2104
2.212
2.2116
2.2124
2.21
2.2088
2.2108
2.2096
2.2112
2.2092
2.2152
2.2112
2.2104
2.21
2.2092
2.208
2.2108
2.2084
2.2088
2.208
2.21
2.2112
2.2084
2.2088
2.2084
2.2088
2.21
2.2092
2.2088
2.2092
2.2116
2.2104
2.2076
2.212
2.2128
2.2088
2.2104
2.2096
2.2112
2.2092
2.212
2.2056
2.2132
2.208
2.2076
2.2096
2.212
2.2104
2.2104
2.208
2.2132
2.21
2.2104
2.2092
2.21
2.2064
2.2084
2.2112
2.2104
2.2104
2.2052
2.2088
2.2104
2.2096
2.2092
2.2056
2.2128
2.208
2.208
2.2096
2.2116
2.2092
2.2084
2.2092
2.2084
2.2088
2.2112
2.2072
2.2092
2.208
2.2092
2.2084
2.21
2.2072
2.2088
2.21
2.2116
2.2076
2.2092
2.208
2.2152
2.21
2.212
2.2084
2.21
2.2104
2.2072
2.2108
2.2096
2.2088
2.2092
2.208
2.2076
2.2116
2.21
2.2072
2.2116
2.2112
2.2088
2.212
2.2088
2.2132
2.2096
2.2092
2.2096
2.2064
2.2088
2.2064
2.2124
2.2116
2.2072
2.2072
2.2092
2.2096
2.2064
2.2092
2.2064
2.2072
2.2072
2.21
2.2104
2.2068
2.2092
2.2072
2.2084
2.2088
2.2092
2.2076
2.2124
2.208
2.2108
2.2096
2.208
2.2052
2.2092
2.2068
2.21
2.2076
2.2048
2.2048
2.21
2.2088
2.2108
2.2092
2.2092
2.2064
2.2084
2.2064
2.2124
2.2092
2.2072
2.2088
2.2116
2.2064
2.2076
2.2056
2.2068
2.2076
2.2084
2.2076
2.2048
2.2072
2.2044
2.2112
2.212
2.2076
2.2104
2.2064
2.2052
2.2084
2.208
2.2084
2.2084
2.2072
2.2104
2.2064
2.2152
2.2096
2.2084
2.2092
2.2112
2.2108
2.208
2.204
2.208
2.2052
2.204
2.2092
2.2076
2.2072
2.2072
2.206
2.2112
2.2104
2.206
2.2064
2.2068
2.208
2.208
2.2076
2.2088
2.2084
2.2124
2.2052
2.2092
2.2092
2.2052
2.2064
2.2088
2.2084
2.2076
2.2092
2.2048
2.2068
2.2072
2.2092
2.2072
2.2048
2.2084
2.2096
2.2088
2.2076
2.2072
2.2036
2.2108
2.2072
2.21
2.2068
2.206
2.2052
2.2072
2.2048
2.2092
2.2064
2.2084
2.2092
2.2088
2.2088
2.2112
2.208
2.2092
2.2064
2.2052
2.21
2.2076
2.2088
2.2084
2.208
2.2104
2.206
2.2072
2.208
2.2092
2.2084
2.2072
2.2044
2.206
2.2056
2.2064
2.206
2.2088
2.2072
2.2072
2.2064
2.208
2.2048
2.208
2.2068
2.2096
2.2096
2.2096
2.206
2.2072
2.2044
2.206
2.2056
2.2072
2.2084
2.2088
2.2036
2.2104
2.2084
2.2068
2.2048
2.2076
2.206
2.2064
2.206
2.2048
2.206
2.206
2.2044
2.208
2.208
2.2104
2.2072
2.206
2.2044
2.2088
2.2028
2.2088
2.2056
2.206
2.204
2.2068
2.204
2.2052
2.2028
2.2044
2.2076
2.206
2.2048
2.208
2.2064
2.2072
2.204
2.2088
2.2068
2.2024
2.2064
2.2072
2.2064
2.2064
2.2072
2.2056
2.204
2.206
2.2028
2.2068
2.204
2.2052
2.2016
2.21
2.2052
2.2096
2.2028
2.2036
2.2044
2.2016
2.2032
2.2048
2.2052
2.2072
2.206
2.2064
2.2004
2.2064
2.204
2.206
2.2024
2.2024
2.2036
2.2052
2.2052
2.2056
2.2056
2.2064
2.2052
2.2048
2.2056
2.2064
2.2048
2.2032
2.204
2.2084
2.2056
2.206
2.2028
2.21
2.2072
2.2076
2.2068
2.2032
2.2032
2.2064
2.2056
2.2056
2.2052
2.2024
2.2032
2.206
2.206
2.2044
2.2048
2.2072
2.204
2.204
2.2064
2.2048
2.2044
2.204
2.2052
2.2068
2.2068
2.2044
2.2048
2.2064
2.2068
2.2044
2.2032
2.2056
2.2052
2.206
2.2044
2.206
2.204
2.2016
2.2052
2.2036
2.2044
2.2044
2.1988
2.2044
2.2064
2.2048
2.2064
2.2084
2.202
2.2032
2.2056
2.2056
2.2052
2.2024
2.2016
2.2044
2.2044
2.208
2.2028
2.2028
2.2032
2.2012
2.2036
2.2028
2.2036
2.2032
2.1996
2.2024
2.2028
2.2044
2.2
2.2048
2.204
2.206
2.2032
2.2056
2.2028
2.2024
2.204
2.206
2.2032
2.2052
2.2024
2.2056
2.2012
2.202
2.2
2.2016
2.2036
2.2024
2.2016
2.2056
2.202
2.2016
2.2004
2.2016
2.2024
2.2028
2.202
2.2084
2.2036
2.2028
2.204
2.2056
2.2044
2.2032
2.202
2.2064
2.2016
2.2
2.2016
2.2028
2.206
2.204
2.2036
2.2052
2.2
2.2012
2.2032
2.2032
2.2052
2.202
2.2024
2.204
2.2008
2.2024
2.2
2.204
2.2032
2.2044
2.2056
2.2032
2.204
2.2
2.2016
2.2024
2.2004
2.2008
2.1984
2.2052
2.204
2.2056
2.2052
2.2024
2.2028
2.1996
2.2028
2.2072
2.202
2.2
2.2024
2.2016
2.202
2.2024
2.2032
2.2028
2.2036
2.2004
2.2024
2.2032
2.1988
2.2024
2.2028
2.204
2.2
2.2028
2.2016
2.2056
2.2016
2.204
2.1992
2.202
2.1992
2.1988
2.2004
2.2028
2.2032
2.2052
2.2
2.204
2.202
2.204
2.202
2.2016
2.2024
2.2024
2.2016
2.2028
2.2012
2.2016
2.2
2.2036
2.2016
2.202
2.2052
2.204
2.2
2.2012
2.2016
2.2036
2.1992
2.2052
2.1984
2.2056
2.2004
2.2008
2.206
2.2012
2.2024
2.2024
2.2
2.202
2.2024
2.2
2.1976
2.204
2.2036
2.204
2.2004
2.2056
2.2004
2.2008
2.2024
2.2032
2.2036
2.2012
2.2044
2.2028
2.2008
2.2008
2.202
2.2024
2.2012
2.202
2.1992
2.2
2.1996
2.202
2.2
2.2044
2.2028
2.1996
2.2024
2.1976
2.2016
2.2008
2.2
2.2008
2.2012
2.2012
2.2
2.2004
2.1996
2.1992
2.1996
2.2012
2.1992
2.2008
2.1988
2.1996
2.2016
2.2004
2.1964
2.2012
2.1984
2.1992
2.2008
2.1972
2.2004
2.1992
2.1956
2.204
2.1992
2.2
2.202
2.2032
2.2016
2.2036
2.1968
2.2048
2.2008
2.2004
2.1988
2.1996
2.2004
2.1996
2.2024
2.2016
2.2008
2.1988
2.1976
2.1984
2.2004
2.2
2.198
2.2024
2.1988
2.198
2.1988
2.2
2.1984
2.202
2.2012
2.1988
2.1988
2.1996
2.1984
2.2008
2.2008
2.202
2.2016
2.202
2.2
2.2028
2.196
2.2016
2.2004
2.1992
2.1968
2.204
2.1996
2.2012
2.1992
2.1992
2.1984
2.2
2.1984
2.1976
2.1996
2.1988
2.1952
2.202
2.1948
2.202
2.1996
2.1988
2.2004
2.2008
2.1988
2.2004
2.1992
2.2008
2.1968
2.2008
2.1992
2.1996
2.2004
2.2004
2.2016
2.1992
2.2012
2.202
2.2012
2.1988
2.2016
2.1996
2.2004
2.1968
2.1992
2.202
2.2012
2.1992
2.198
2.1996
2.1948
2.1972
2.1976
2.1988
2.2004
2.1988
2.1984
2.1984
2.1972
2.2016
2.1956
2.1976
2.1996
2.1964
2.2
2.198
2.2016
2.202
2.1964
2.202
2.1988
2.1992
2.2012
2.2008
2.1992
2.1996
2.2008
2.202
2.2004
2.2008
2.1972
2.2
2.1976
2.1952
2.1968
2.2028
2.196
2.198
2.1964
2.1984
2.1964
2.196
2.1952
2.1976
2.1968
2.1992
2.1996
2.2028
2.198
2.194
2.2
2.1992
2.1992
2.1988
2.1984
2.204
2.198
2.1944
2.1992
2.1992
2.1988
2.2016
2.1988
2.1992
2.1964
2.1948
2.1964
2.1968
2.1992
2.1984
2.1968
2.202
2.1944
2.198
2.198
2.1992
2.2004
2.1972
2.1972
2.2016
2.1992
2.198
2.198
2.2028
2.1968
2.1988
2.1988
2.1964
2.1992
2.198
2.1988
2.2004
2.1972
2.1944
2.1988
2.1992
2.1996
2.1944
2.1968
2.1968
2.1984
2.1972
2.1944
2.1992
2.1964
2.1988
2.1956
2.1972
2.1996
2.1956
2.1976
2.1996
2.1936
2.1972
2.194
2.1944
2.1976
2.1976
2.1976
2.1976
2.1992
2.1992
2.1936
2.1964
2.1944
2.1984
2.1996
2.1976
2.198
2.196
2.1932
2.1972
2.1992
2.196
2.1992
2.1988
2.1956
2.1972
2.1972
2.1976
2.1972
2.198
2.194
2.1976
2.1988
2.1984
2.1956
2.1972
2.198
2.1988
2.1996
2.1992
2.1952
2.1972
2.1936
2.1988
2.1976
2.1956
2.1956
2.2004
2.198
2.196
2.1976
2.1992
2.1964
2.1972
2.196
2.1992
2.198
2.198
2.1992
2.2
2.1996
2.1956
2.1964
2.1952
2.1964
2.1972
2.1928
2.1948
2.1952
2.1956
2.1976
2.1984
2.198
2.198
2.1992
2.1988
2.1988
2.1992
2.1968
2.198
2.1952
2.1956
2.1928
2.1964
2.196
2.198
2.1924
2.1988
2.1964
2.1944
2.1932
2.196
2.1948
2.1968
2.1972
2.1972
2.194
2.1972
2.194
2.1964
2.194
2.1992
2.1928
2.1964
2.1932
2.1956
2.198
2.1952
2.1952
2.196
2.1956
2.1948
2.192
2.1952
2.1928
2.1944
2.1972
2.1932
2.2
2.1988
2.1936
2.1984
2.1916
2.1936
2.1956
2.1936
2.1956
2.1964
2.1924
2.1932
2.196
2.1972
2.1944
2.1976
2.1944
2.1976
2.1948
2.1952
2.1944
2.1992
2.1952
2.196
2.1964
2.1976
2.1988
2.1956
2.1972
2.1964
2.1984
2.1952
2.1924
2.1956
2.1964
2.1976
2.1984
2.1984
2.1972
2.1944
2.198
2.1988
2.1976
2.1952
2.1956
2.1968
2.1932
2.1956
2.1948
2.1972
2.1944
2.1928
2.1964
2.196
2.19
2.194
2.19
2.1956
2.1972
2.1964
2.1976
2.194
2.1944
2.1952
2.1956
2.1964
2.1968
2.1964
2.1968
2.1956
2.194
2.1944
2.1932
2.1936
2.1912
2.1948
2.1924
2.1948
2.1964
2.1964
2.1956
2.194
2.1936
2.1992
2.196
2.1928
2.1948
2.1956
2.1968
2.1976
2.1968
2.1956
2.194
2.1972
2.1956
2.1944
2.1928
2.196
2.196
2.1948
2.1924
2.1948
2.1956
2.1908
2.1944
2.1956
2.1916
2.1952
2.1916
2.1972
2.1988
2.194
2.1956
2.1948
2.1932
2.1964
2.1956
2.1952
2.1944
2.1944
2.1948
2.1968
2.1936
2.194
2.1932
2.1964
2.192
2.1964
2.1932
2.1964
2.1924
2.1932
2.192
2.1956
2.1956
2.196
2.1924
2.1984
2.1924
2.1928
2.1952
2.192
2.1936
2.192
2.1948
2.196
2.1948
2.1952
2.1928
2.1936
2.1936
2.1964
2.1944
2.1916
2.1948
2.1932
2.1928
2.1988
2.1936
2.1936
2.1944
2.196
2.1924
2.196
2.1932
2.1944
2.1928
2.1944
2.1932
2.1956
2.1948
2.1948
2.1944
2.1936
2.1956
2.1968
2.196
2.1968
2.1952
2.1924
2.1916
2.1944
2.1908
2.1932
2.1928
2.1972
2.1956
2.1936
2.1964
2.1968
2.1948
2.1948
2.1936
2.1972
2.1944
2.1936
2.1952
2.1972
2.1916
2.1936
2.1936
2.1924
2.1944
2.1928
2.1944
2.1928
2.1936
2.1956
2.1932
2.1964
2.1948
2.1952
2.1956
2.1932
2.1928
2.1952
2.1936
2.1932
2.1944
2.1936
2.1908
2.1952
2.1944
2.1924
2.1908
2.19
2.1904
2.1944
2.192
2.1956
2.1924
2.1932
2.1924
2.1948
2.196
2.19
2.1904
2.1948
2.1936
2.194
2.1932
2.1916
2.1944
2.186
2.1932
2.196
2.1916
2.194
2.1916
2.1908
2.1952
2.192
2.1904
2.1948
2.1932
2.194
2.1928
2.1952
2.1928
2.1936
2.1948
2.1972
2.1976
2.1972
2.194
2.1936
2.1936
2.1956
2.1916
2.1936
2.1908
2.1944
2.1948
2.1936
2.1968
2.1896
2.1912
2.1956
2.1924
2.194
2.1952
2.1944
2.1948
2.1924
2.19
2.194
2.1944
2.1896
2.1932
2.1932
2.1908
2.1904
2.1916
2.1944
2.1932
2.1936
2.1936
2.1936
2.1912
2.1928
2.192
2.1912
2.192
2.192
2.1936
2.194
2.194
2.1904
2.1912
2.192
2.1908
2.1964
2.1932
2.194
2.1932
2.1924
2.1916
2.1936
2.192
2.1948
2.19
2.1912
2.188
2.1916
2.1948
2.1916
2.1932
2.1928
2.1964
2.1944
2.1952
2.1956
2.1908
2.194
2.194
2.1904
2.1912
2.1924
2.19
2.1908
2.1868
2.1928
2.19
2.1928
2.1924
2.194
2.1932
2.1936
2.1884
2.194
2.1908
2.19
2.1896
2.1908
2.19
2.194
2.192
2.1944
2.1916
2.1912
2.1908
2.1956
2.1944
2.1948
2.192
2.1928
2.192
2.1924
2.1928
2.1928
2.1904
2.1904
2.1912
2.1908
2.19
2.192
2.19
2.1928
2.1952
2.1896
2.1904
2.194
2.1916
2.1924
2.1904
2.1908
2.1884
2.1956
2.1884
2.1912
2.1924
2.1896
2.1904
2.194
2.1876
2.1936
2.1904
2.1916
2.1912
2.1896
2.1904
2.1948
2.192
2.1896
2.1956
2.192
2.1912
2.1944
2.1952
2.1952
2.1928
2.1912
2.19
2.192
2.1948
2.1912
2.1916
2.1924
2.1928
2.192
2.192
2.192
2.192
2.1916
2.192
2.1968
2.192
2.192
2.1912
2.1944
2.194
2.19
2.1908
2.1892
2.1908
2.19
2.1908
2.1912
2.1916
2.1908
2.188
2.1932
2.1908
2.1904
2.1916
2.192
2.1904
2.1872
2.1912
2.1936
2.1908
2.1916
2.19
2.1924
2.1932
2.1908
2.1968
2.1924
2.1924
2.194
2.1952
2.1932
2.1912
2.1884
2.19
2.192
2.1916
2.1924
2.1884
2.192
2.1912
2.1908
2.194
2.1908
2.1924
2.1928
2.1896
2.1932
2.1904
2.188
2.1936
2.1924
2.192
2.1928
2.1872
2.1924
2.192
2.1916
2.1892
2.188
2.1884
2.188
2.1896
2.1928
2.1908
2.1896
2.1892
2.19
2.1888
2.1928
2.1884
2.1896
2.1888
2.192
2.1884
2.194
2.1908
2.19
2.1884
2.1896
2.188
2.1916
2.188
2.1892
2.1892
2.1868
2.19
2.192
2.1872
2.1892
2.188
2.1896
2.188
2.1932
2.1896
2.192
2.1912
2.19
2.1876
2.1932
2.1928
2.1928
2.1868
2.192
2.1908
2.1872
2.1872
2.1876
2.19
2.1916
2.1908
2.192
2.1916
2.1904
2.1876
2.1924
2.1912
2.1908
2.1896
2.1896
2.19
2.1888
2.1876
2.1908
2.1884
2.1908
2.1884
2.1924
2.1912
2.1896
2.1912
2.1856
2.186
2.1876
2.1912
2.1912
2.1872
2.19
2.1896
2.1924
2.1884
2.19
2.19
2.1912
2.1904
2.1908
2.1852
2.1876
2.19
2.1896
2.1896
2.1916
2.1892
2.1888
2.1872
2.1884
2.1892
2.1896
2.1868
2.1904
2.1884
2.1876
2.1904
2.1884
2.1868
2.1864
2.1884
2.1896
2.188
2.1888
2.1888
2.1904
2.1868
2.1848
2.188
2.194
2.1888
2.1908
2.1908
2.1888
2.1916
2.1876
2.1864
2.1928
2.1884
2.188
2.1868
2.1864
2.1908
2.1868
2.1868
2.1904
2.188
2.1912
2.1888
2.1908
2.1888
2.1908
2.1856
2.1892
2.1876
2.1872
2.1864
2.1936
2.1888
2.1884
2.1908
2.1876
2.188
2.1868
2.1852
2.1888
2.186
2.1888
2.1888
2.186
2.1872
2.1896
2.186
2.1888
