0
0
0
0
0
0
0
0
0
0
0
0
0
0
0
0
0
0
0
0
0
0
0
0
0
0
0
0
0
0
0
0
0
0
0
0
0
0
0
0
0
1361
1345
1285
1372
1252
1278
1348
1282
1234
1297
1221
1182
1186
1149
1228
1176
1091
1155
1194
1110
1093
1112
1105
1038
1092
1025
1065
1043
1104
1080
1089
1065
1039
994
1004
1039
1031
1017
1036
1070
1066
999
1010
1026
982
1067
1003
977
934
996
917
918
937
948
917
920
895
906
944
898
897
911
890
916
950
874
873
884
890
869
856
833
859
875
856
877
833
852
822
823
858
818
863
854
862
780
856
822
825
837
793
807
816
778
801
802
762
793
767
755
850
766
799
796
743
832
729
775
841
790
787
776
814
814
825
759
782
801
732
788
781
773
774
753
740
757
753
783
755
774
726
707
721
747
759
755
737
735
775
748
727
750
700
750
740
781
735
734
755
741
756
711
711
691
718
728
708
723
733
716
763
733
758
734
705
769
722
649
724
736
693
735
740
779
659
679
707
767
707
697
681
723
690
733
686
735
684
699
693
713
674
661
695
671
699
686
660
669
710
699
636
698
696
630
694
669
658
714
666
708
651
697
690
636
689
660
651
665
681
708
678
627
691
694
694
704
682
667
661
673
703
690
679
661
712
674
634
670
651
678
666
648
661
658
689
665
684
680
674
663
671
685
686
683
676
637
698
650
660
704
638
670
728
698
723
670
637
649
666
690
736
659
670
709
703
790
680
660
707
707
677
710
723
708
712
668
686
690
677
699
712
735
675
630
682
687
718
735
734
727
717
708
732
722
746
680
734
689
700
737
706
716
742
733
704
739
723
665
716
719
715
719
709
718
760
717
731
710
735
740
697
691
727
771
748
735
791
777
738
731
750
749
682
756
777
701
710
731
740
731
739
755
756
745
739
765
744
748
727
728
748
759
744
784
790
738
708
748
769
728
764
788
760
749
717
781
740
757
730
766
796
782
824
793
746
732
818
753
807
795
812
822
794
786
803
749
860
814
857
827
864
826
844
820
823
830
745
817
825
868
822
845
872
874
886
818
852
851
847
906
873
838
839
872
919
943
853
952
950
901
908
932
928
957
923
890
931
965
1011
927
944
921
940
983
1032
1021
1051
1019
986
1036
1003
1031
1075
1042
1037
1063
1101
1052
1067
1100
1047
1107
1148
1174
1099
1145
1126
1076
1072
1091
1147
1137
1191
1165
1225
1156
1205
1221
1257
1233
1259
1207
1204
1331
1365
1252
1260
1294
1310
1357
1315
1337
1290
1338
1304
1312
1347
1336
1314
1339
1363
1306
1254
1287
1315
1320
1347
1320
1280
1295
1372
1385
1301
1294
1339
1293
1267
1343
1301
1298
1333
1234
1252
1287
1253
1227
1225
1262
1231
1198
1205
1204
1115
1141
1100
1222
1189
1178
1205
1144
1171
1134
1183
1155
1121
1133
1236
1105
1068
1118
1135
1106
1077
1105
1153
1074
1112
1032
1088
1120
1042
1068
1141
1048
1060
1008
937
1035
995
1027
980
1017
979
987
1031
950
947
972
1018
942
957
916
921
882
946
925
941
983
935
923
966
906
876
870
941
947
936
943
945
929
907
900
829
902
868
888
855
937
858
934
918
838
828
877
871
798
853
846
846
808
884
812
862
836
802
807
829
768
834
824
829
795
846
731
801
796
797
867
807
814
787
847
775
794
727
803
739
805
782
777
789
816
782
796
817
802
772
762
718
707
687
708
662
763
784
771
799
750
775
819
846
767
852
787
769
778
766
834
803
772
862
845
788
859
883
904
957
871
859
865
848
964
981
951
980
971
947
1041
978
1046
1080
1046
1056
1088
1032
1093
1160
1133
1138
1216
1185
1218
1263
1188
1282
1288
1277
1326
1357
1423
1460
1487
1444
1550
1544
1595
1748
1722
1737
1758
1791
1815
1840
1887
2017
1879
2133
2051
2186
2163
2303
2272
2375
2479
2520
2534
2626
2661
2768
2888
2902
2845
3150
3041
3248
3437
3619
3633
3686
3857
3964
4035
4247
4460
4297
4690
4717
5033
5004
5204
5381
5482
5601
5729
6049
6132
6338
6482
6659
6889
7121
7044
7100
7308
7263
7463
7317
7303
7312
7317
7189
8983
9060
9098
9347
9567
9471
9703
9810
9800
9859
9690
9999
9956
9803
9536
9718
9734
9611
9532
9574
9334
9146
8917
8788
8756
8513
8304
8044
7832
7769
7526
7258
7152
6896
6641
6399
6247
6004
5794
5656
5351
5127
4766
4602
4437
4182
4003
3631
3670
3254
3148
2904
2747
2640
2384
2242
2393
2263
2361
2437
2434
2558
2656
2732
1046
996
885
840
825
665
643
565
528
501
417
413
349
364
293
318
236
262
259
239
223
206
188
195
205
182
190
188
183
194
177
185
170
197
197
176
223
183
193
241
185
192
216
213
233
222
247
253
225
241
240
206
226
236
211
199
196
215
203
201
187
195
176
154
190
212
192
154
177
171
159
150
143
141
130
149
140
127
126
110
97
102
78
83
73
74
65
59
55
57
32
59
38
50
34
24
28
26
14
21
29
21
23
20
10
13
15
11
8
8
9
7
4
6
6
7
20
29
51
71
100
165
209
249
304
326
407
469