2.14696
2.14698
2.14676
2.1464
2.14726
2.14692
2.1468
2.14704
2.14708
2.14668
2.14704
2.14656
2.14664
2.14698
2.14666
2.14698
2.14674
2.14704
2.14714
2.14682
2.1468
2.1468
2.14664
2.1464
2.14656
2.14672
2.14694
2.14666
2.14682
2.14646
2.14658
2.14678
2.14616
2.14608
2.1467
2.1464
2.14652
2.14606
2.14642
2.14664
2.14608
2.14634
2.14654
2.14624
2.147
2.14604
2.14622
2.14656
2.14576
2.14638
2.14612
2.14588
2.14656
2.14594
2.14638
2.14642
2.14624
2.14628
2.14638
2.14614
2.14648
2.1462
2.14628
2.14596
2.14584
2.14602
2.14592
2.1466
2.14642
2.14582
2.14664
2.14584
2.146
2.14638
2.14584
2.14602
2.14598
2.14574
2.14604
2.14594
2.14598
2.14586
2.14596
2.14576
2.14566
2.14546
2.1456
2.14566
2.14574
2.14594
2.14578
2.14594
2.14628
2.1457
2.1461
2.14562
2.14578
2.14562
2.14602
2.1458
2.14558
2.14598
2.14546
2.1457
2.146
2.1454
2.14586
2.14564
2.14526
2.14552
2.14552
2.14578
2.14542
2.14562
2.14552
2.14576
2.1453
2.14526
2.14548
2.14562
2.14548
2.1456
2.1455
2.14546
2.14586
2.14554
2.14564
2.14528
2.1455
2.14546
2.14574
2.14548
2.14578
2.14576
2.1455
2.1453
2.1455
2.14532
2.14552
2.14542
2.14542
2.14526
2.14536
2.1457
2.1456
2.14532
2.14578
2.1457
2.1458
2.14564
2.146
2.14582
2.14558
2.14576
2.14624
2.14592
2.14596
2.14566
2.14554
2.14566
2.1458
2.14618
2.14598
2.14588
2.14624
2.14552
2.1462
2.14608
2.14602
2.14636
2.1463
2.1462
2.1463
2.14656
2.1465
2.14634
2.14668
2.1466
2.14636
2.14604
2.14658
2.14628
2.14648
2.14656
2.14666
2.14664
2.14654
2.14686
2.14672
2.14636
2.14646
2.14656
2.1467
2.14694
2.14672
2.14704
2.14698
2.1466
2.14728
2.14668
2.14698
2.14696
2.14694
2.14712
2.1471
2.14702
2.14732
2.14746
2.1472
2.14696
2.14768
2.14716
2.14738
2.14768
2.147
2.14742
2.14748
2.14714
2.14744
2.14722
2.14692
2.14696
2.14742
2.14734
2.14738
2.14736
2.14756
2.1475
2.14736
2.1475
2.14744
2.14752
2.14764
2.14742
2.14762
2.14756
2.14754
2.14772
2.14752
2.1475
2.1474
2.1476
2.14742
2.14764
2.14764
2.1479
2.14744
2.14776
2.14752
2.1474
2.14798
2.1474
2.14744
2.1473
2.14772
2.1475
2.14748
2.14768
2.1473
2.14716
2.14746
2.14736
2.14752
2.14756
2.14758
2.14728
2.14748
2.14752
2.14762
2.1473
2.14752
2.14748
2.14756
2.1476
2.14742
2.14718
2.14746
2.14736
2.14716
2.14732
2.14718
2.14726
2.1471
2.1469
2.1473
2.1471
2.14742
2.147
2.14692
2.14718
2.14692
2.14688
2.14716
2.14702
2.14714
2.1472
2.14688
2.14698
2.14724
2.14728
2.14698
2.14694
2.14692
2.14666
2.14652
2.14696
2.1467
2.14686
2.14678
2.14626
2.14688
2.14658
2.14652
2.14678
2.14626
2.1463
2.14688
2.14666
2.14698
2.1464
2.14678
2.14664
2.1463
2.14658
2.14628
2.14622
2.14658
2.14612
2.14632
2.14632
2.1465
2.14646
2.1463
2.14628
2.1461
2.14586
2.1461
2.14596
2.14592
2.14606
2.1463
2.1463
2.14622
2.14608
2.14612
2.1459
2.14544
2.14594
2.14588
2.14572
2.14622
2.14614
2.14578
2.1456
2.14584
2.14576
2.14574
2.14574
2.14566
2.14566
2.14576
2.14552
2.1458
2.1456
2.1452
2.1457
2.14538
2.14574
2.1452
2.14512
2.14532
2.1453
2.14516
2.14536
2.14528
2.14496
2.14504
2.14478
2.14494
2.14546
2.14528
2.14504
2.145
2.1454
2.1449
2.14498
2.14518
2.14484
2.14516
2.14496
2.14506
2.14504
2.14506
2.1447
2.14542
2.14476
2.14444
2.14432
2.14442
2.14432
2.14492
2.14496
2.14486
2.1448
2.14452
2.14484
2.1448
2.14458
2.14424
2.14428
2.14468
2.14464
2.14472
2.1447
2.14444
2.14478
2.1447
2.14488
2.14446
2.14466
2.14482
2.1443
2.14466
2.1447
2.1447
2.14468
2.14512
2.14466
2.14482
2.14448
2.14462
2.14468
2.14458
2.14474
2.1451
2.14442
2.14472
2.14472
2.14458
2.14436
2.14454
2.14456
2.14492
2.14474
2.14478
2.14506
2.14484
2.1445
2.14502
2.14452
2.14476
2.14492
2.1451
2.14454
2.1451
2.14498
2.1452
2.14526
2.14478
2.14478
2.14514
2.1448
2.1448
2.14532
2.14492
2.14498
2.14514
2.14486
2.14508
2.1449
2.14482
2.14488
2.14492
2.1453
2.14512
2.14514
2.14552
2.145
2.1451
2.14516
2.14492
2.1452
2.14512
2.14522
2.14506
2.14516
2.14544
2.14508
2.14546
2.14512
2.14466
2.14506
2.14504
2.14492
2.14526
2.14528
2.14512
2.14522
2.14516
2.1454
2.14514
2.1451
2.14492
2.14512
2.1454
2.1452
2.14518
2.14522
2.14542
2.14514
2.14552
2.1453
2.1454
2.14536
2.14538
2.14534
2.14516
2.14552
2.14538
2.14522
2.14512
2.14524
2.14508
2.14516
2.1451
2.14526
2.14546
2.14494
2.1453
2.1454
2.14518
2.14538
2.14512
2.14498
2.14496
2.14568
2.14548
2.14506
2.14554
2.14542
2.14514
2.14534
2.1451
2.14534
2.14526
2.14524
2.14538
2.14532
2.14544
2.14534
2.14546
2.14502
2.14562
2.14486
2.14508
2.14546
2.14512
2.14552
2.14544
2.1453
2.14542
2.14552
2.14556
2.14542
2.14506
2.14514
2.14564
2.14554
2.1455
2.1453
2.14542
2.1455
2.14542
2.14554
2.14534
2.14544
2.14538
2.14504
2.14544
2.14518
2.14552
2.14548
2.14534
2.14538
2.14506
2.14522
2.14526
2.145
2.14542
2.14532
2.14522
2.1454
2.14524
2.1453
2.14568
2.14498
2.1449
2.14568
2.14556
2.14538
2.14558
2.14558
2.14568
2.14524
2.14544
2.14504
2.1453
2.14554
2.14562
2.14538
2.14534
2.14506
2.14548
2.1452
2.14546
2.14534
2.14492
2.14526
2.14548
2.14486
2.14546
2.14486
2.14534
2.14564
2.14538
2.14518
2.14546
2.14492
2.14548
2.14562
2.14548
2.1457
2.14568
2.1455
2.14522
2.14556
2.14534
2.14506
2.14548
2.14516
2.1453
2.14544
2.14524
2.14534
2.1456
2.14526
2.14582
2.14558
2.1454
2.14532
2.1453
2.14564
2.14548
2.14548
2.14566
2.14516
2.1452
2.1455
2.14522
2.14546
2.1455
2.1455
2.1454
2.1454
2.14588
2.14532
2.14548
2.1457
2.14548
2.1455
2.14514
2.14504
2.14536
2.14506
2.14536
2.1454
2.14534
2.14568
2.14566
2.1454
2.14558
2.14566
2.14564
2.14564
2.14578
2.14564
2.14582
2.14564
2.14554
2.14512
2.14544
2.14546
2.14606
2.14568
2.14548
2.1458
2.1455
2.14532
2.1458
2.14526
2.14558
2.14576
2.14546
2.14578
2.14592
2.14566
2.14602
2.14586
2.14582
2.14572
2.14588
2.1458
2.14554
2.14576
2.14572
2.14576
2.14598
2.14562
2.14574
2.14578
2.14552
2.14566
2.1456
2.1461
2.14592
2.14568
2.1463
2.14594
2.14564
2.14604
2.14618
2.14562
2.14616
2.14546
2.14586
2.1459
2.14596
2.1462
2.14594
2.1461
2.1459
2.14576
2.14628
2.14604
2.14634
2.14618
2.1459
2.14638
2.1464
2.14598
2.1465
2.1458
2.14592
2.1458
2.14648
2.14664
2.1458
2.1465
2.14612
2.14594
2.14626
2.14622
2.14648
2.14618
2.1463
2.14636
2.14626
2.14642
2.14676
2.14662
2.14648
2.14654
2.1462
2.1465
2.14636
2.14648
2.147
2.1465
2.14672
2.14682
2.1463
2.1466
2.1468
2.1459
2.14674
2.14682
2.1466
2.14694
2.1468
2.14702
2.14684
2.14684
2.14682
2.14678
2.14676
2.14686
2.14692
2.14694
2.14698
2.14702
2.14712
2.14662
2.1471
2.14648
2.14684
2.1471
2.14634
2.14698
2.14702
2.14656
2.14746
2.14702
2.14684
2.14694
2.14644
2.1466
2.14682
2.147
2.14708
2.14672
2.1471
2.14706
2.1467
2.14728
2.14696
2.14678
2.14716
2.14688
2.14688
2.14686
2.14696
2.14712
2.14704
2.14686
2.14686
2.14696
2.14722
2.1466
2.14692
2.1468
2.1468
2.14686
2.14698
2.147
2.14698
2.1469
2.14652
2.1471
2.14722
2.1466
2.14692
2.14728
2.1467
2.14702
2.1471
2.14696
2.14724
2.147
2.14722
2.14704
2.14726
2.1469
2.14734
2.14672
2.14708
2.14668
2.14666
2.1467
2.1469
2.14698
2.1468
2.14688
2.14698
2.14698
2.14688
2.14708
2.14702
2.14676
2.14682
2.14736
2.14688
2.14708
2.14724
2.14722
2.14686
2.147
2.14692
2.14682
2.14682
2.14652
2.14682
2.14702
2.14658
2.14698
2.1469
2.14648
2.147
2.1466
2.14656
2.14686
2.14664
2.14682
2.14704
2.14666
2.14698
2.14664
2.14676
2.14656
2.146
2.1465
2.14666
2.14698
2.14676
2.14684
2.14682
2.14656
2.14672
2.14672
2.14634
2.14678
2.14644
2.146
2.1467
2.14678
2.14656
2.14664
2.14654
2.14634
2.1466
2.14614
2.14652
2.14624
2.14596
2.14634
2.146
2.1459
2.14626
2.14646
2.14618
2.1457
2.14594
2.14606
2.14652
2.14624
2.14614
2.14634
2.14618
2.14604
2.14626
2.14602
2.146
2.14616
2.14586
2.14616
2.14606
2.1459
2.14658
2.1458
2.14618
2.14604
2.14558
2.14566
2.1457
2.14586
2.14638
2.1457
2.14604
2.1461
2.14568
2.14634
2.14564
2.14546
2.14592
2.1459
2.14578
2.14594
2.14622
2.14616
2.14584
2.14626
2.14622
2.14558
2.14598
2.14606
2.14544
2.14624
2.1458
2.14604
2.14606
2.14566
2.14628
2.14574
2.14604
2.1463
2.14548
2.14612
2.14642
2.14598
2.14646
2.14614
2.14644
2.14618
2.1458
2.14644
2.1462
2.1463
2.1466
2.14624
2.14662
2.14658
2.14634
2.14658
2.1466
2.14654
2.1469
2.14648
2.14668
2.1463
2.14638
2.14682
2.14654
2.14656
2.14678
2.1464
2.14618
2.14644
2.14684
2.14646
2.14668
2.14642
2.1465
2.14662
2.14664
2.14612
2.14662
2.14704
2.1467
2.14668
2.14726
2.14704
2.14712
2.14662
2.14702
2.14676
2.1469
2.14726
2.14678
2.14704
2.147
2.1469
2.14726
2.14706
2.147
2.14674
2.14686
2.1472
2.14708
2.14726
2.14724
2.1471
2.1474
2.14736
2.14734
2.14736
2.14706
2.14696
2.14744
2.14738
2.1476
2.14744
2.1474
2.14738
2.1473
2.14736
2.14764
2.14786
2.14758
2.14722
2.14732
2.14764
2.14752
2.14752
2.14782
2.1473
2.14784
2.1472
2.14754
2.14756
2.14736
2.14794
2.14728
2.14794
2.14784
2.14748
2.14778
2.14734
2.14714
2.14808
2.14784
2.14766
2.14788
2.14784
2.1475
2.14754
2.14792
2.1475
2.14758
2.14776
2.14746
2.14764
2.14742
2.14736
2.1478
2.14752
2.14716
2.14742
2.1474
2.1471
2.14794
2.14734
2.1475
2.14752
2.1478
2.14794
2.14722
2.14756
2.14762
2.14692
2.1476
2.1478
2.14722
2.14758
2.14728
2.1477
2.14772
2.1471
2.14764
2.147
2.14746
2.14742
2.14724
2.1474
2.14712
2.14728
2.1474
2.14742
2.14734
2.1469
2.14726
2.14732
2.14684
2.14734
2.14734
2.14678
2.14746
2.14732
2.14708
2.14714
2.14682
2.14658
2.14712
2.14708
2.14704
2.14718
2.14698
2.14658
2.1469
2.1469
2.14684
2.14694
2.14688
2.14672
2.14722
2.14682
2.1468
2.14718
2.147
2.14672
2.14674
2.14674
2.14682
2.14684
2.14658
2.1467
2.14648
2.14646
2.14682
2.1465
2.14682
2.1463
2.14632
2.1469
2.1467
2.14662
2.14672
2.14672
2.14676
2.14646
2.14648
2.14646
2.14636
2.1466
2.14652
2.1463
2.14658
2.14606
2.14664
2.1463
2.14612
2.14598
2.14606
2.14622
2.14668
2.14614
2.14658
2.14646
2.14608
2.1465
2.14644
2.1462
2.14584
2.14566
2.1463
2.14644
2.14632
2.14646
2.14632
2.14618
2.14586
2.14618
2.1461
2.14588
2.14578
2.14574
2.14556
2.14588
2.1461
2.14598
2.14612
2.1459
2.14576
2.14554
2.14588
2.14602
2.1457
2.14562
2.14586
2.14532
2.1457
2.14582
2.1458
2.14576
2.1449
2.14582
2.14578
2.14536
2.1457
2.14552
2.14548
2.14532
2.14508
2.14532
2.14522
2.14474
2.14544
2.1451
2.14536
2.14528
2.14468
2.14512
2.14482
2.14484
2.14514
2.14466
2.14524
2.14502
2.14492
2.14512
2.14484
2.14496
2.14476
2.14466
2.14458
2.14446
2.1448
2.14496
2.14482
2.14468
2.14484
2.14418
2.14478
2.14428
2.14464
2.14448
2.14432
2.14454
2.14412
2.14412
2.1447
2.14424
2.1443
2.14442
2.14438
2.14414
2.1439
2.14428
2.14436
2.1442
2.14444
2.14422
2.1447
2.14464
2.14448
2.14412
2.14424
2.14374
2.14452
2.14442
2.14418
2.14408
2.14418
2.14434
2.1442
2.14406
2.1444
2.14366
2.1444
2.14424
2.14378
2.14446
2.14418
2.1441
2.14426
2.14406
2.14426
2.1441
2.14404
2.14462
2.14426
2.14432
2.14448
2.14428
2.14444
2.14404
2.14446
2.14388
2.14352
2.14412
2.14424
2.14348
2.14428
2.14406
2.14394
2.14396
2.14386
2.14398
2.14412
2.1443
2.14414
2.14392
2.14408
2.14404
2.14398
2.1442
2.14418
2.1438
2.14402
2.1441
2.14444
2.14402
2.14418
2.14422
2.14424
2.14446
2.14436
2.144
2.14432
2.14348
2.14428
2.1444
2.14418
2.14464
2.14448
2.14448
2.14454
2.14394
2.14422
2.1441
2.14418
2.14464
2.14422
2.14428
2.14482
2.14424
2.14486
2.14436
2.14432
2.14468
2.1441
2.14448
2.14464
2.14456
2.14478
2.14434
2.14436
2.14444
2.14432
2.14454
2.1444
2.14394
2.14492
2.14432
2.14456
2.14462
2.14446
2.14448
2.14448
2.1445
2.1446
2.14442
2.14474
2.1445
2.1447
2.14488
2.14502
2.14448
2.14478
2.14446
2.14442
2.14398
2.14454
2.1446
2.14442
2.14472
2.14462
2.14452
2.14526
2.14464
2.1448
2.14442
2.14376
2.14494
2.14476
2.14466
2.145
2.14504
2.14508
2.14458
2.1449
2.14442
2.14456
2.14464
2.1449
2.14438
2.14488
2.14466
2.14482
2.14496
2.14476
2.1447
2.14488
2.1445
2.14522
2.14474
2.14494
2.14496
2.14478
2.14488
2.14492
2.14456
2.14474
2.14448
2.14482
2.1453
2.1448
2.14482
2.1453
2.1446
2.14488
2.14504
2.14476
2.14484
2.14506
2.14492
2.14496
2.14512
2.14532
2.14524
2.14526
2.14522
2.14512
2.14498
2.14496
2.14518
2.1454
2.14506
2.14546
2.14512
2.14538
2.14516
2.1453
2.14526
2.14498
2.14542
2.14554
2.14538
2.14566
2.14534
2.14552
2.14546
2.14532
2.14534
2.1453
2.14526
2.1457
2.1454
2.1457
2.1456
2.14562
2.14596
2.14574
2.14548
2.14588
2.14554
2.14566
2.1457
2.14544
2.146
2.14552
2.14566
2.14606
2.1455
2.1457
2.1455
2.14572
2.14592
2.1459
2.14566
2.14622
2.14588
2.14602
2.14564
2.14628
2.14592
2.14602
2.1459
2.14564
2.14566
2.14616
2.14592
2.14626
2.14608
2.14578
2.14582
2.14598
2.14592
2.14636
2.14586
2.14586
2.1461
2.14598
2.14614
2.1463
2.14594
2.14592
2.14574
2.1465
2.14616
2.14578
2.1463
2.14628
2.14586
2.14572
2.14598
2.1458
2.14606
2.14624
2.14608
2.14568
2.14612
2.14572
2.14576
2.1463
2.14564
2.14574
2.14602
2.1457
2.14628
2.14604
2.14574
2.14608
2.14604
2.14592
2.1461
2.14578
2.14578
2.14572
2.14598
2.14614
2.14604
2.1464
2.14606
2.14614
2.14604
2.14584
2.14576
2.14606
2.14568
2.14572
2.14578
2.14588
2.14604
2.1457
2.14582
2.1459
2.14598
2.14598
2.1456
2.14564
2.14592
2.14576
2.1458
2.14614
2.14616
2.14624
2.14608
2.14586
2.1457
2.1457
2.14632
2.14576
2.14598
2.14606
2.14608
2.14606
2.14614
2.14602
2.14606
2.14604
2.14596
2.14602
2.14592
2.14644
2.14636
2.14584
2.14604
2.14572
2.14606
2.1458
2.14568
2.1464
2.1461
2.14602
2.14624
2.14606
2.1461
2.1462
2.14564
2.14582
2.14618
2.14612
2.14606
2.14618
2.14616
2.14566
2.146
2.1462
2.14584
2.14624
2.14574
2.14638
2.14604
2.14598
2.1463
2.14602
2.14606
2.146
2.14592
2.14562
2.14612
2.14618
2.1459
2.14618
2.14598
2.1464
2.14622
2.14648
2.1465
2.1457
2.14584
2.14618
2.1463
2.14702
2.1462
2.14624
2.14652
2.14656
2.14646
2.14624
2.1461
2.14628
2.14626
2.14652
2.14628
2.14616
2.14634
2.14632
2.14648
2.14634
2.14606
2.14644
2.14586
2.14614
2.14644
2.1461
2.14668
2.1465
2.14646
2.1468
2.14654
2.14642
2.14644
2.14668
2.14666
2.14626
2.14632
2.14682
2.14612
2.14652
2.14642
2.1465
2.14666
2.14644
2.14652
2.14644
2.14648
2.14694
2.14628
2.1468
2.14684
2.14618
2.1465
2.14688
2.14656
2.14686
2.14652
2.14684
2.14664
2.14672
2.1469
2.14684
2.14652
2.1465
2.14692
2.14698
2.14712
2.14688
2.14714
2.14674
2.14708
2.14658
2.14684
2.14702
2.14676
2.147
2.14714
2.14702
2.14714
2.14714
2.14702
2.1469
2.14676
2.147
2.14662
2.14678
2.14686
2.14704
2.14656
2.1472
2.14736
2.14688
2.1474
2.14704
2.14668
2.14722
2.14734
2.14724
2.14706
2.14744
2.14694
2.147
2.1472
2.14706
2.14688
2.14704
2.14696
2.147
2.14704
2.14728
2.14708
2.14678
2.14702
2.14714
2.14682
2.147
2.14732
2.14706
2.14724
2.14706
2.14674
2.14706
2.14698
2.14714
2.14662
2.14646
2.1469
2.14714
2.14732
2.14698
2.14744
2.1473
2.14716
2.14706
2.14686
2.14724
2.1471
2.14706
2.14716
2.14684
2.14688
2.14706
2.14752
2.14698
2.14672
2.14702
2.14686
2.14678
2.14688
2.14718
2.14692
2.14686
2.14662
2.14662
2.14674
2.14688
2.14632
2.1465
2.1469
2.14708
2.14654
2.1472
2.14708
2.14668
2.14696
2.14688
2.14652
2.14678
2.14654
2.14696
2.14638
2.14658
2.14684
2.14658
2.14666
2.14694
2.14612
2.1466
2.14656
2.1467
2.14646
2.1465
2.14668
2.14662
2.14682
2.1469
2.14644
2.1464
2.1457
2.14658
2.14682
2.14654
2.14634
2.14666
2.14614
2.14652
2.14634
2.14632
2.14642
2.14646
2.14616
2.1463
2.1462
2.14642
2.1462
2.1465
2.14636
2.14604
2.14588
2.14596
2.14578
2.14626
2.14588
2.14632
2.1462
2.1457
2.1461
2.14586
2.14578
2.14576
2.1459
2.14638
2.14588
2.146
2.14622
2.14596
2.14606
2.1461
2.14598
2.14602
2.14554
2.14604
2.14572
2.14564
2.14628
2.14596
2.14556
2.14638
2.14554
2.14544
2.14576
2.14556
2.1459
2.14528
2.14548
2.14578
2.14518
2.14576
2.1454
2.14552
2.1453
2.14514
2.14568
2.14584
2.14534
2.1459
2.14558
2.14568
2.14572
2.14552
2.14552
2.14564
2.1455
2.14584
2.14534
2.14548
2.1457
2.1453
2.14574
2.14528
2.14514
2.14536
2.14482
2.14524
2.14556
2.14512
2.14576
2.14554
2.14518
2.14532
2.14496
2.1453
2.14504
2.14538
2.14578
2.14522
2.14578
2.14598
2.1455
2.14556
2.1452
2.14514
2.14572
2.1453
2.14538
2.14518
2.14504
2.1456
2.14508
2.14512
2.14528
2.1451
2.1452
2.14516
2.14514
2.14562
2.14506
2.14534
2.14538
2.14552
2.14568
2.14568
2.14504
2.1453
2.14526
2.14558
2.14496
2.1455
2.14562
2.1453
2.14558
2.14542
2.14514
2.14528
2.14484
2.14492
2.14522
2.14492
2.1453
2.1456
2.14516
2.1454
2.14508
2.1452
2.14508
2.14496
2.14498
2.14494
2.1449
2.14534
2.14514
2.14516
2.14498
2.14466
2.14486
2.1452
2.14522
2.14532
2.14492
2.14558
2.14486
2.14476
2.14508
2.1449
2.14506
2.14516
2.14476
2.14498
2.1447
2.14482
2.14512
2.14468
2.14536
2.14498
2.14454
2.14478
2.1449
2.1449
2.14512
2.14488
2.14492
2.14498
2.14468
2.1453
2.14484
2.14456
2.14428
2.14488
2.14532
2.1446
2.14498
2.14476
2.14442
2.14518
2.14446
2.14448
2.14472
2.14442
2.1446
2.14476
2.14432
2.14452
2.14434
2.1446
2.14456
2.14454
2.1441
2.14442
2.14442
2.1446
2.14456
2.14482
2.14462
2.14436
2.14476
2.14446
2.14432
2.14408
2.14454
2.14458
2.1445
2.14472
2.14482
2.1443
2.14452
2.14448
2.14394
2.14456
2.14422
2.1441
2.14434
2.14438
2.14456
2.14448
2.14442
2.14456
2.14462
2.14434
2.1443
2.14442
2.14422
2.14434
2.14428
2.1448
2.14438
2.1447
2.14456
2.14444
2.14418
2.14426
2.14482
2.14462
2.14396
2.14488
2.14442
2.14444
2.1446
2.14418
2.14464
2.14452
2.14446
2.14456
2.14418
2.1444
2.14464
2.14458
2.14472
2.14426
2.14428
2.14458
2.14396
2.14484
2.14444
2.14446
2.14452
2.1441
2.14444
2.1442
2.14432
2.14436
2.14438
2.1447
2.14464
2.14472
2.14476
2.14468
2.14394
2.14456
2.1444
2.14428
2.14444
2.1444
2.14442
2.14454
2.14448
2.14468
2.14438
2.14464
2.14452
2.14396
2.14442
2.14452
2.14438
2.14462
2.1446
2.14434
2.1445
2.1447
2.14466
2.1446
2.1442
2.1443
2.1445
2.14504
2.14464
2.1446
2.1454
2.14492
2.14458
2.14474
2.14446
2.1449
2.1446
2.14494
2.14484
2.14478
2.1452
2.145
2.145
2.14524
2.14474
2.14518
2.14482
2.14482
2.14534
2.14492
2.14562
2.14522
2.14532
2.14566
2.14506
2.14502
2.14502
2.14538
2.14546
2.14522
2.14534
2.14584
2.14504
2.14536
2.14552
2.1451
2.14548
2.1454
2.1452
2.14556
2.1453
2.14552
2.1456
2.14554
2.14586
2.14528
2.14522
2.14582
2.14552
2.14602
2.14554
2.14568
2.14558
2.1455
2.14586
2.14578
2.14554
2.14538
2.14568
2.14614
2.1458
2.14582
2.1458
2.14586
2.14602
2.14572
2.14576
2.14612
2.14584
2.14582
2.14608
2.14576
2.14616
2.14612
2.14586
2.14634
2.14566
2.14582
2.14644
2.14584
2.14626
2.1464
2.14624
2.14642
2.14622
2.14584
2.14606
2.14612
2.14608
2.14604
2.14622
2.14626
2.14594
2.14654
2.14608
2.14562
2.1467
2.14602
2.14628
2.14678
2.14626
2.14668
2.14636
2.1467
2.14692
2.14634
2.14644
2.14688
2.14598
2.1463
2.14626
2.14664
2.14636
2.14636
2.14626
2.14636
2.14624
2.14654
2.14602
2.14624
2.14626
2.14666
2.14676
2.14642
2.14672
2.14714
2.1468
2.14682
2.14664
2.14648
2.14662
2.14676
2.14664
2.14676
2.14628
2.1468
2.1468
2.14658
2.14676
2.14674
2.14666
2.1467
2.14656
2.14684
2.1467
2.14686
2.14688
2.14682
2.14726
2.14674
2.1466
2.1469
2.14702
2.14742
2.14668
2.14694
2.14738
2.14666
2.14646
2.14736
2.14664
2.14712
2.14726
2.14694
2.14718
2.14692
2.14718
2.14672
2.14688
2.1473
2.14684
2.14684
2.14746
2.14678
2.14696
2.14684
2.14674
2.14708
2.14698
2.14688
2.14702
2.14644
2.14666
2.14676
2.14704
2.14712
2.1471
2.14776
2.14734
2.1469
2.14706
2.14692
2.147
2.14722
2.14672
2.1471
2.14682
2.1467
2.14712
2.14704
2.14688
2.14694
2.14644
2.14676
2.14658
2.14654
2.14716
2.1467
2.14696
2.14686
2.14662
2.14702
2.14644
2.1467
2.14702
2.14698
2.1469
2.14702
2.14702
2.14696
2.1468
2.14702
2.14676
2.14682
2.14702
2.1466
2.14662
2.14702
2.14672
2.14708
2.14658
2.14688
2.14678
2.14642
2.14648
2.14662
2.14686
2.14676
2.14686
2.14718
2.14684
2.14702
2.14722
2.14682
2.14644
2.14646
2.14718
2.14712
2.14648
2.14682
2.1469
2.14688
2.14662
2.14672
2.14644
2.14684
2.14688
2.14666
2.14656
2.14656
2.14676
2.14688
2.1469
2.14684
2.14668
2.14672
2.14684
2.14672
2.14686
2.14686
2.1468
2.1468
2.14674
2.14662
2.14652
2.14646
2.1466
2.14676
2.14664
2.1466
2.14652
2.14696
2.14634
2.14662
2.14658
2.14608
2.14636
2.1465
2.14604
2.14652
2.14632
2.14606
2.14658
2.14644
2.14658
2.14622
2.14612
2.1465
2.14616
2.14624
2.14602
2.14616
2.1462
2.1463
2.14598
2.14632
2.14576
2.1459
2.1462
2.14628
2.1461
2.14592
2.14596
2.14606
2.14584
2.146
2.14558
2.1462
2.14588
2.14564
2.1459
2.14596
2.14578
2.14594
2.14598
2.1459
2.1459
2.14588
2.14582
2.14586
2.1459
2.14584
2.14548
2.14574
2.14574
2.14564
2.14562
2.14562
2.14544
2.14588
2.14634
2.14572
2.14578
2.14624
2.1459
2.14582
2.14578
2.1457
2.14558
2.14602
2.1457
2.14578
2.1459
2.14544
2.14616
2.14588
2.14596
2.14596
2.14536
2.14566
2.14602
2.14558
2.14564
2.14578
2.14572
2.1461
2.1458
2.14636
2.14546
2.14564
2.14562
2.14588
2.14608
2.14568
2.14566
2.14594
2.14566
2.1456
2.14596
2.14574
2.1461
2.14616
2.14588
2.14616
2.14554
2.14608
2.14582
2.1459
2.14634
2.14572
2.14564
2.14574
2.14566
2.14606
2.14586
2.14568
2.14578
2.14584
2.14552
2.14558
2.145
2.1458
2.14576
2.14604
2.14578
2.14586
2.1462
2.14568
2.14584
2.14644
2.14608
2.14628
2.146
2.14542
2.1459
2.14566
2.14584
2.14588
2.14564
2.14584
2.14548
2.14536
2.1455
2.14556
2.14574
2.14556
2.14546
2.14554
2.1453
2.1458
2.14596
2.1456
2.1454
2.14548
2.14604
2.14594
2.1453
2.14556
2.14604
2.14582
2.14576
2.14504
2.14534
2.14558
2.14552
2.1452
2.14562
2.14558
2.14606
2.14564
2.14534
2.1457
2.14526
2.14574
2.14532
2.1454
2.14554
2.1452
2.1456
2.14534
2.14566
2.146
2.14508
2.1451
2.1455
2.1457
2.14558
2.14562
2.1456
2.14578
2.14536
2.14582
2.14578
2.14544
2.14588
2.1454
2.14544
2.1455
2.1454
2.14546
2.14552
2.14566
2.14546
2.14522
2.1456
2.1454
2.14556
2.14572
2.14554
2.14546
2.14566
2.14546
2.14578
2.1453
2.14528
2.1453
2.14562
2.14574
2.14552
2.14534
2.14586
2.1456
2.14558
2.14564
2.14552
2.1457
2.14562
2.14542
2.14554
2.1454
2.14542
2.14608
2.14512
2.14568
2.1456
2.1456
2.14526
2.1452
2.14546
2.14542
2.14554
2.14576
2.1454
2.1454
2.14566
2.14484
2.14536
2.14592
2.1457
2.14562
2.14556
2.14602
2.14572
2.14516
2.14584
2.1455
2.14528
2.14572
2.14516
2.14542
2.1453
2.14522
2.14556
2.1454
2.14538
2.14554
2.14478
2.14554
2.14532
2.14498
2.1455
2.14544
2.14524
2.1457
2.14524
2.14556
2.14524
2.14502
2.14522
2.1452
2.14542
2.14516
2.14556
2.14572
2.14524
2.14562
2.14542
2.14532
2.14534
2.1453
2.14512
2.14562
2.14508
2.14548
2.14516
2.14526
2.14544
2.14524
2.14534
2.14568
2.14542
2.14578
2.14532
2.14546
2.14554
2.14538
2.14532
2.14536
2.14534
2.14568
2.14596
2.14578
2.14552
2.1458
2.14594
2.14574
2.14556
2.1458
2.1454
2.14574
2.14602
2.14554
2.146
2.14582
2.14576
2.14604
2.1458
2.146
2.14566
2.14592
2.14586
2.14562
2.14584
2.14604
2.14624
2.14656
2.14652
2.1463
2.14598
2.14614
2.146
2.14654
2.14622
2.14634
2.1463
2.1463
2.14606
2.1462
2.1464
2.1463
2.14634
2.14676
2.14598
2.1464
2.1462
2.14616
2.1466
2.14648
2.14616
2.14638
2.14652
2.1466
2.14652
2.14662
2.14694
2.14642
2.14668
2.14674
2.14646
2.14638
2.14626
2.14626
2.1469
2.14714
2.14646
2.14684
2.1466
2.14662
2.14678
2.1467
2.14656
2.14668
2.14698
2.14656
2.14652
2.14686
2.14666
2.147
2.1467
2.14672
2.14666
2.1467
2.1469
2.14708
2.14696
2.14684
2.14672
2.1466
2.147
2.14742
2.14698
2.14688
2.14652
2.14668
2.14744
2.14712
2.1467
2.1472
2.14698
2.14666
2.14708
2.14682
2.14698
2.14706
2.14706
2.147
2.14716
2.14682
2.14684
2.14682
2.14664
2.14676
2.1466
2.14674
2.14684
2.14698
2.14692
2.14722
2.14694
2.1469
2.14678
2.147
2.14676
2.14666
2.14676
2.14696
2.14688
2.14706
2.14722
2.14716
2.14666
2.14704
2.14694
2.14678
2.14684
2.14648
2.14652
2.14678
2.1467
2.1465
2.14666
2.1466
2.1468
2.1465
2.14656
2.14656
2.14668
2.14654
2.14684
2.1469
2.14648
2.1469
2.14642
2.1462
2.14612
2.14662
2.14634
2.14686
2.14616
2.14634
2.14692
2.14638
2.14642
2.14674
2.1464
2.14648
2.14668
2.14626
2.1466
2.14666
2.1465
2.14684
2.14634
2.14642
2.14618
2.14646
2.14626
2.14658
2.14646
2.1466
2.14626
2.14658
2.14632
2.14646
2.1464
2.1459
2.14634
2.14668
2.14666
2.14646
2.14648
2.14666
2.14646
2.14624
2.14648
2.14644
2.14616
2.1466
2.14604
2.14648
2.14654
2.14648
2.14648
2.14648
2.14612
2.14616
2.14634
2.14678
2.14628
2.14654
2.14656
2.14644
2.14666
2.14658
2.14652
2.14644
2.1459
2.14624
2.14622
2.14656
2.1465
2.14636
2.14656
2.14664
2.14592
2.14662
2.14652
2.14612
2.14646
2.1464
2.14622
2.14648
2.14608
2.14654
2.14658
2.14628
2.1462
2.14634
2.14622
2.14618
2.14624
2.14632
2.14626
2.14624
2.1466
2.1461
2.1463
2.14618
2.14572
2.14636
2.14658
2.14606
2.1464
2.14624
2.14608
2.14594
2.1459
2.1463
2.1456
2.14608
2.14622
2.14562
2.14618
2.14602
2.14572
2.14618
2.14574
2.14594
2.14576
2.14562
2.14628
2.14588
2.14586
2.14644
2.1459
2.14654
2.1461
2.14594
2.14612
2.14542
2.14584
2.14616
2.14578
2.14606
2.14552
2.146
2.14602
2.14576
2.14608
2.1461
2.14572
2.14648
2.14596
2.14622
2.14614
2.14614
2.14626
2.14604
2.1458
2.1461
2.14566
2.14594
2.1459
2.14604
2.14632
2.14612
2.14612
2.14628
2.14568
2.14618
2.14588
2.1457
2.1462
2.14592
2.14584
2.14642
2.14614
2.14624
2.1459
2.146
2.14608
2.14572
2.1461
2.14584
2.14566
2.14604
2.1461
2.1461
2.14626
2.1459
2.14616
2.14602
2.14576
2.14628
2.1459
2.14592
2.14588
2.14602
2.14584
2.14614
2.1458
2.14572
2.14562
2.14544
2.14596
2.14572
2.14552
2.14596
2.14582
2.14588
2.14604
2.14584
2.14608
2.14592
2.1459
2.14586
2.14578
2.1459
2.14606
2.14616
2.14542
2.14568
2.14588
2.14552
2.14562
2.1462
2.14588
2.14568
2.14566
2.14574
2.14568
2.1455
2.14542
2.14534
2.1457
2.14584
2.14588
2.14572
2.14578
2.14566
2.1452
2.14578
2.14558
2.14538
2.14546
2.14546
2.14524
2.14528
2.1458
2.14578
2.14552
2.14544
2.14538
2.14504
2.14534
2.14536
2.14564
2.14538
2.14546
2.14542
2.14534
2.14564
2.14552
2.14506
2.14496
2.14508
2.14538
2.14572
2.14546
2.14502
2.14554
2.14514
2.1453
2.14546
2.14502
2.14514
2.14526
2.14522
2.14518
2.14516
2.14526
2.14536
2.14524
2.14546
2.14512
2.1453
2.14486
2.14514
2.14552
2.14538
2.14558
2.1454
2.14494
2.14512
2.14518
2.14484
2.14518
2.14512
2.14538
2.14538
2.14526
2.14556
2.14534
2.14504
2.14542
2.14488
2.1451
2.14546
2.14496
2.14494
2.14526
2.14514
2.1451
2.1449
2.14514
2.14492
2.14524
2.14506
2.14512
2.14536
2.14488
2.14526
2.1455
2.14514
2.14528
2.14554
2.14466
2.14488
2.1451
2.14528
2.14534
2.1453
2.14554
2.1453
2.14514
2.1453
2.14506
2.14506
2.14538
2.14576
2.1452
2.1454
2.14542
2.14568
2.1456
2.14552
2.14526
2.14542
2.14512
2.14516
2.14538
2.14522
2.14528
2.14554
2.14502
2.14532
2.14538
2.14524
2.14486
2.14532
2.14544
2.14564
2.14556
2.1457
2.14582
2.14584
2.14562
2.14582
2.1455
2.14584
2.14556
2.14568
2.14548
2.14532
2.1455
2.14538
2.1455
2.1454
2.14532
2.14518
2.1454
2.14558
2.14542
2.14532
2.14532
2.14556
2.1454
2.14568
2.14584
2.14538
2.14566
2.14582
2.14572
2.14584
2.1457
2.14606
2.1456
2.14544
2.14596
2.14556
2.14554
2.1458
2.14542
2.14574
2.1455
2.14524
2.14556
2.14544
2.14574
2.14578
2.14512
2.14554
2.1457
2.14556
2.14566
2.14546
2.14596
2.14592
2.14586
2.14562
2.14552
2.14568
2.14586
2.14582
2.14564
2.1456
2.14572
2.14572
2.14564
2.14568
2.14564
2.14582
2.14566
2.1454
2.1452
2.14562
2.14552
2.14556
2.14572
2.1456
2.1454
2.14558
2.1455
2.14538
2.14564
2.14564
2.14554
2.14574
2.14574
2.14578
2.14588
2.14552
2.145
2.14546
2.14598
2.14538
2.14568
2.14554
2.14564
2.14546
2.1454
2.14574
2.14536
2.14526
2.14574
2.14536
2.14536
2.14594
2.1454
2.14598
2.14544
2.14586
2.14552
2.14532
2.14556
2.1455
2.14564
2.14558
2.14564
2.14594
2.14564
2.14584
2.14566
2.14528
2.14568
2.14582
2.14576
2.14552
2.14548
2.14598
2.14516
2.1453
2.14554
2.1451
2.14546
2.14554
2.14518
2.14522
2.14546
2.14528
2.14528
2.14554
2.14542
2.1453
2.1455
2.1454
2.14558
2.14532
2.1456
2.1457
2.14556
2.14584
2.14566
2.1456
2.14518
2.14506
2.14544
2.14536
2.14504
2.14522
2.14544
2.14522
2.145
2.1451
2.14528
2.14508
2.14528
2.14496
2.14512
2.14542
2.14498
2.14558
2.1452
2.14518
2.1453
2.1449
2.14504
2.14548
2.14528
2.1451
2.14526
2.14512
2.14512
2.14494
2.1451
2.14474
2.14444
2.14524
2.14508
2.14478
2.14506
2.14484
2.14464
2.14476
2.14498
2.1448
2.14468
2.14502
2.14466
2.14472
2.1448
2.14474
2.14484
2.14518
2.14484
2.14482
2.14486
2.14484
2.14488
2.14484
2.14484
2.14464
2.14474
2.1447
2.14488
2.14468
2.14446
2.14416
2.14456
2.14496
2.1445
2.14466
2.1445
2.14482
2.14448
2.14458
2.14468
2.14434
2.14456
2.14468
2.14448
2.14476
2.14486
2.14454
2.14492
2.14466
2.1448
2.14488
2.14444
2.1449
2.1449
2.14492
2.14486
2.14496
2.14492
2.14482
2.14454
2.14494
2.14436
2.14484
2.14516
2.14478
2.14498
2.14538
2.14504
2.14506
2.14484
2.14514
2.14532
2.14528
2.14516
2.1451
2.14476
2.1453
2.14506
2.14524
2.1452
2.14518
2.14478
2.14526
2.14522
2.14524
2.14522
2.14524
2.14496
2.14532
2.14546
2.14558
2.14526
2.14512
2.14522
2.1457
2.14576
2.1453
2.14534
2.14552
2.14548
2.14548
2.1456
2.14554
2.14542
2.14568
2.1454
2.14542
2.14594
2.1456
2.14582
2.14566
2.14568
2.14534
2.14558
2.14574
2.14538
2.14586
2.14606
2.14606
2.1462
2.14602
2.14572
2.14614
2.14556
2.1456
2.14616
2.14632
2.1461
2.14636
2.14638
2.1463
2.14618
2.14622
2.14646
2.1462
2.1459
2.14628
2.14584
2.1462
2.14658
2.14646
2.14618
2.14648
2.14628
2.14656
2.14656
2.14674
2.14678
2.1465
2.14646
2.14644
2.14678
2.1464
2.14644
2.1464
2.14584
2.14684
2.14668
2.14654
2.14646
2.14662
2.14628
2.1469
2.14656
2.14658
2.14622
2.14662
2.14668
2.14646
2.14672
2.14694
2.14688
2.147
2.1469
2.14666
2.14662
2.14658
2.14646
2.14674
2.1467
2.1467
2.14636
2.14726
2.14678
2.14684
2.14688
2.14656
2.14656
2.14674
2.14674
2.14684
2.14682
2.14692
2.1465
2.1468
2.14716
2.14696
2.14698
2.14712
2.1471
2.14694
2.14706
2.14698
2.1469
2.14696
2.14714
2.14694
2.1472
2.14726
2.14676
2.14732
2.14726
2.14748
2.14696
2.14708
2.14732
2.14706
2.14682
2.14652
2.14716
2.14718
2.14698
2.14726
2.14726
2.147
2.14672
2.14712
2.14708
2.14724
2.14698
2.14702
2.1471
2.14734
2.1474
2.14754
2.14744
2.14724
2.14712
2.14704
2.14704
2.14736
2.14714
2.14744
2.14712
2.14712
2.14734
2.147
2.1468
2.14694
2.14682
2.14744
2.1472
2.14712
2.14758
2.14728
2.1474
2.14722
2.1471
2.14724
2.1472
2.14726
2.14722
2.14736
2.14716
2.14708
2.1473
2.14716
2.14702
2.147
2.14678
2.14716
2.14704
2.14698
2.1468
2.14698
2.14668
2.147
2.14694
2.14692
2.1466
2.14642
2.14668
2.14664
2.14662
2.1466
2.14666
2.14694
2.14658
2.14688
2.14652
2.14682
2.14648
2.1466
2.14632
2.1466
2.1466
2.14624
2.14654
2.1465
2.14584
2.14622
2.14606
2.14624
2.14606
2.14646
2.1466
2.146
2.14662
2.14622
2.14604
2.14624
2.14586
2.14622
2.14644
2.14612
2.14636
2.14644
2.14612
2.14642
2.1459
2.14622
2.14574
2.14628
2.14588
2.14584
2.14608
2.14602
2.14578
2.14618
2.14594
2.14582
2.14604
2.14562
2.14594
2.14616
2.14574
2.14594
2.14578
2.14628
2.14618
2.14622
2.146
2.14582
2.14564
2.14638
2.14612
2.14602
2.14638
2.14608
2.14608
2.14616
2.14628
2.14614
2.1458
2.14604
2.14586
2.146
2.14592
2.14588
2.14598
2.14606
2.14568
2.146
2.1459
2.1455
2.146
2.14608
2.14622
2.14606
2.146
2.14612
2.14608
2.14586
2.14566
2.1456
2.14608
2.14616
2.14584
2.14642
2.14636
2.14614
2.1462
2.14634
2.14626
2.14634
2.1463
2.14628
2.1461
2.14632
2.14628
2.14644
2.1462
2.14614
2.14606
2.14638
2.1462
2.14618
2.1461
2.14608
2.14632
2.14636
2.1464
2.14622
2.14636
2.1463
2.14598
2.14648
2.14662
2.1465
2.14658
2.14654
2.14646
2.14656
2.14642
2.14628
2.1464
2.14636
2.14646
2.14648
2.1465
2.1467
2.14632
2.1467
2.14658
2.14628
2.14656
2.14642
2.14612
2.14662
2.14628
2.14632
2.14662
2.14636
2.14618
2.14662
2.1463
2.14582
2.14612
2.1467
2.14616
2.14636
2.14668
2.14626
2.14658
2.14638
2.14618
2.14654
2.14636
2.1464
2.14612
2.14618
2.14652
2.1463
2.14614
2.14616
2.1462
2.1462
2.1459
2.14626
2.14608
2.14562
2.14614
2.14616
2.14608
2.1463
2.14584
2.14612
2.14582
2.14564
2.1464
2.14648
2.14602
2.1463
2.1461
2.1464
2.14618
2.14598
2.14608
2.14616
2.14602
2.14622
2.14568
2.14602
2.14596
2.14608
2.14608
2.14596
2.1458
2.14552
2.14586
2.14626
2.14584
2.14632
2.14634
2.14602
2.14632
2.14628
2.14594
2.1461
2.1459
2.14588
2.14678
2.14586
2.14654
2.14626
2.14578
2.14622
2.14606
2.14592
2.14636
2.1461
2.14618
2.14602
2.14604
2.14646
2.1461
2.14614
2.14616
2.14598
2.14616
2.14632
2.14648
2.14622
2.1464
2.1467
2.14642
2.1467
2.14676
2.1463
2.1465
2.14652
2.14616
2.14692
2.14634
2.14684
2.14692
2.14646
2.1466
2.14674
2.14642
2.14706
2.14642
2.14642
2.14702
2.14626
2.1467
2.14696
2.14658
2.14682
2.14688
2.14642
2.14708
2.1466
2.1469
2.14682
2.1469
2.14652
2.14652
2.14664
2.1467
2.14672
2.1466
2.14684
2.14732
2.14664
2.1465
2.14704
2.1464
2.14662
2.14654
2.14666
2.14642
2.14664
2.14652
2.1465
2.14678
2.14696
2.1466
2.14676
2.14658
2.1465
2.1462
2.14606
2.14662
2.14654
2.14638
2.14676
2.14676
2.14626
2.14682
2.14654
2.14646
2.1464
2.14626
2.14672
2.14672
2.14654
2.14648
2.14622
2.14644
2.14636
2.14626
2.14638
2.14642
2.14644
2.14612
2.14616
2.1463
2.14646
2.14636
2.14628
2.14588
2.14616
2.14606
2.14628
2.14626
2.14626
2.14614
2.14642
2.14596
2.14632
2.1461
2.14586
2.14578
2.14582
2.14576
2.14634
2.14582
2.14602
2.14596
2.1463
2.1455
2.14582
2.14542
2.14568
2.14576
2.1461
2.14544
2.1458
2.14606
2.14578
2.14586
2.14592
2.14554
2.14574
2.14564
2.14588
2.14574
2.1453
2.146
2.1458
2.1459
2.14608
2.14546
2.14548
2.14506
2.14528
2.14544
2.1457
2.14578
2.1457
2.1457
2.14562
2.1456
2.1457
2.14568
2.14562
2.14564
2.1457
2.14564
2.14594
2.14566
2.14588
2.1458
2.1455
2.14562
2.14564
2.14522
2.14588
2.14592
2.14568
2.1456
2.14574
2.14584
2.14574
2.14554
2.1453
2.14526
2.14592
2.14542
2.14556
2.14598
2.14546
2.14532
2.14572
2.14544
2.14588
2.14568
2.1456
2.14578
2.14552
2.14584
2.14566
2.14594
2.14566
2.14534
2.1454
2.14568
2.1456
2.14556
2.14562
2.14552
2.14534
2.1455
2.14568
2.14548
2.14528
2.14508
2.1451
2.1457
2.14596
2.14526
2.14578
2.14572
2.14544
2.14558
2.1458
2.14548
2.1456
2.14554
2.14554
2.1456
2.14564
2.14564
2.1457
2.14568
2.14578
2.1456
2.14542
2.14526
2.14564
2.14558
2.14584
2.14574
2.14568
2.14576
2.14556
2.14548
2.14546
2.1455
2.14584
2.14578
2.14542
2.14592
2.14602
2.14526
2.14588
2.14548
2.14548
2.14586
2.14566
2.14554
2.14578
2.14542
2.1459
2.14566
2.14576
2.14578
2.14552
2.14536
2.14588
2.14572
2.1458
2.14586
2.14568
2.14572
2.1458
2.14534
2.14578
2.14582
2.14554
2.1454
2.14582
2.14554
2.14584
2.14578
2.14598
2.1457
2.14578
2.1458
2.14582
2.14562
2.14578
2.14596
2.14594
2.14584
2.1458
2.14576
2.14548
2.14574
2.14594
2.14562
2.14564
2.14604
2.14576
2.14578
2.14596
2.14584
2.14596
2.14596
2.14552
2.14558
2.1458
2.14614
2.14614
2.1455
2.14628
2.14572
2.1457
2.14628
2.14576
2.14574
2.14616
2.14544
2.14594
2.14608
2.1459
2.1458
2.1462
2.1459
2.14568
2.14556
2.14558
2.14562
2.14584
2.14582
2.14598
2.14602
2.14572
2.146
2.14582
2.14536
2.14578
2.14536
2.1455
2.14616
2.14536
2.14568
2.14608
2.1457
2.14558
2.14588
2.14552
2.1457
2.14576
2.14534
2.14564
2.14562
2.14548
2.14584
2.14546
2.1454
2.14536
2.14546
2.14522
2.14544
2.14584
2.1454
2.14576
2.14564
2.1456
2.14582
2.14532
2.14536
2.14516
2.1458
2.14588
2.14504
2.1454
2.1455
2.14486
2.1451
2.14526
2.14522
2.14544
2.14532
2.14542
2.14472
2.14508
2.14518
2.14496
2.1454
2.1454
2.14494
2.1451
2.1451
2.14514
2.14516
2.14506
2.14532
2.14524
2.14504
2.14566
2.1449
2.14504
2.14506
2.14506
2.14504
2.14492
2.14484
2.14514
2.1451
2.14452
2.14496
2.14464
2.14464
2.14498
2.14464
2.14508
2.1448
2.14506
2.1452
2.14498
2.1454
2.1449
2.1451
2.14502
2.1446
2.1451
2.14484
2.14498
2.14528
2.14522
2.145
2.14514
2.14468
2.14478
2.14446
2.145
2.1452
2.14478
2.14504
2.14512
2.14464
2.145
2.14494
2.14486
2.14494
2.14492
2.14484
2.14508
2.14486
2.14486
2.14492
2.1451
2.14514
2.14458
2.14498
2.14486
2.14492
2.14518
2.14482
2.1456
2.14516
2.1453
2.14522
2.1449
2.1445
2.14458
2.14486
2.14542
2.1451
2.14506
2.14502
2.14486
2.14542
2.14528
2.14508
2.1453
2.14514
2.14522
2.14536
2.14526
2.14572
2.14558
2.1454
2.14562
2.14518
2.14516
2.1452
2.14514
2.14568
2.14552
2.14514
2.1455
2.14504
2.14542
2.14536
2.14498
2.14504
2.1453
2.1455
2.14526
2.14558
2.14566
2.14526
2.1455
2.14576
2.14534
2.14584
2.14544
2.14518
2.1457
2.14542
2.14596
2.14608
2.14552
2.14606
2.14546
2.14558
2.14608
2.1457
2.14602
2.14554
2.14544
2.14586
2.14572
2.14608
2.14586
2.14556
2.14552
2.14578
2.14598
2.14572
2.14576
2.1462
2.14586
2.14576
2.14586
2.14572
2.14588
2.14568
2.14606
2.1461
2.14598
2.14574
2.14576
2.14574
2.14592
2.14562
2.14578
2.14552
2.1455
2.1459
2.14592
2.14576
2.1459
2.14544
2.14562
2.1456
2.1452
2.14542
2.1456
2.14582
2.14608
2.14556
2.14572
2.14584
2.1455
2.14564
2.14536
2.1454
2.14582
2.14544
2.14562
2.14542
2.1457
2.1455
2.14556
2.14556
2.14532
2.1453
2.14528
2.1452
2.14544
2.1451
2.14552
2.14538
2.145
2.1454
2.14508
2.14512
2.1448
2.14514
2.14532
2.14524
2.14508
2.1454
2.14536
2.14504
2.14538
2.14512
2.145
2.1452
2.145
2.14482
2.14486
2.14528
2.14488
2.14528
2.14542
2.14506
2.1447
2.14504
2.14456
2.14522
2.14528
2.14488
2.14504
2.14512
2.1449
2.14502
2.1447
2.1446
2.14494
2.14456
2.1454
2.1445
2.14472
2.14514
2.14448
2.14494
2.14486
2.14508
2.14498
2.1451
2.1448
2.145
2.1451
2.14532
2.14492
2.14502
2.14506
2.14478
2.1453
2.14488
2.14512
2.14524
2.14482
2.14504
2.14512
2.14516
2.14528
2.14522
2.1451
2.14518
2.14512
2.14556
2.14548
2.14512
2.14556
2.14548
2.14544
2.14532
2.14542
2.14532
2.14538
2.14562
2.14544
2.14554
2.14582
2.14556
2.14534
2.14562
2.14564
2.14564
2.1456
2.14548
2.1458
2.14558
2.14558
2.14562
2.14546
2.14588
2.14588
2.14562
2.14554
2.14592
2.14614
2.14624
2.14584
2.14606
2.14616
2.14566
2.14602
2.14604
2.14578
2.14632
2.14614
2.14626
2.14586
2.1463
2.14656
2.1461
2.14632
2.14604
2.14592
2.14644
2.14608
2.14626
2.14684
2.1461
2.14656
2.1463
2.14616
2.14664
2.14618
2.14584
2.1461
2.14654
2.1467
2.1464
2.1464
2.14674
2.1466
2.14634
2.14662
2.14642
2.1467
2.14654
2.14662
2.14624
2.14626
2.1468
2.14652
2.1467
2.14666
2.14618
2.14642
2.14662
2.14648
2.14654
2.14636
2.14646
2.14638
2.14618
2.1465
2.14632
2.14608
2.14594
2.1465
2.14684
2.14644
2.1465
2.1467
2.14632
2.14656
2.1465
2.146
2.14652
2.14602
2.14594
2.14642
2.1459
2.1466
2.14616
2.146
2.14654
2.14594
2.14598
2.14598
2.14626
2.14604
2.14624
2.146
2.14614
2.14608
2.14612
2.14616
2.14588
2.14582
2.14574
2.1461
2.14584
2.14572
2.14592
2.1459
2.1458
2.1461
2.14568
2.14566
2.1457
2.1453
2.14578
2.1455
2.1454
2.14584
2.14534
2.1457
2.14552
2.14548
2.1458
2.14558
2.14576
2.1458
2.14564
2.14598
2.14572
2.14536
2.14534
2.14526
2.14526
2.14528
2.1457
2.14558
2.14544
2.14578
2.14534
2.14526
2.14562
2.14544
2.1451
2.14536
2.14498
2.1453
2.14506
2.14496
2.14542
2.1451
2.14544
2.14498
2.14482
2.1452
2.14472
2.14532
2.14494
2.14494
2.145
2.14504
2.14512
2.14506
2.145
2.14482
2.14456
2.14504
2.14502
2.1447
2.14512
2.145
2.1445
2.14526
2.14472
2.14454
2.14498
2.14436
2.14478
2.14464
2.14438
2.14466
2.14472
2.14442
2.14492
2.14472
2.1447
2.14452
2.14482
2.14486
2.14472
2.14478
2.14418
2.14438
2.14468
2.14418
2.14404
2.14418
2.1441
2.14438
2.14438
2.14456
2.14492
2.14426
2.14404
2.14456
2.14424
2.14442
2.14446
2.14428
2.14424
2.14452
2.1447
2.1445
2.14436
2.1445
2.14436
2.14388
2.14476
2.14424
2.14398
2.14422
2.1442
2.14458
2.14398
2.14436
2.14426
2.144
2.14388
2.14432
2.14486
2.14448
2.14426
2.14458
2.14434
2.14428
2.1445
2.14426
2.1445
2.14462
2.14444
2.14494
2.14442
2.14428
2.14474
2.14416
2.1444
2.14444
2.14416
2.1449
2.14396
2.1447
2.14466
2.14422
2.1447
2.14474
2.14422
2.14474
2.14406
2.14414
2.14462
2.14458
2.14492
2.14468
2.14482
2.14462
2.14424
2.14482
2.14456
2.14444
2.1449
2.14458
2.1446
2.14458
2.1449
2.14506
2.14456
2.14484
2.1448
2.14448
2.14506
2.14472
2.14466
2.14502
2.14472
2.1453
2.14508
2.14472
2.14496
2.14488
2.14434
2.14458
2.14522
2.14526
2.14486
2.14516
2.14532
2.14524
2.14522
2.14516
2.145
2.14562
2.1451
2.14536
2.14516
2.14534
2.14552
2.14564
2.14518
2.14558
2.14504
2.1452
2.1454
2.14522
2.1455
2.14544
2.14518
2.14564
2.14566
2.14566
2.14534
2.14512
2.14514
2.14528
2.14586
2.14548
2.14526
2.14586
2.14516
2.14552
2.14572
2.14552
2.14578
2.1456
2.14536
2.146
2.14552
2.14586
2.14582
2.14528
2.14572
2.14566
2.1451
2.14586
2.1457
2.14548
2.14588
2.14564
2.14564
2.14584
2.14578
2.1458
2.14562
2.14536
2.14552
2.14612
2.14554
2.14536
2.14584
2.1458
2.14542
2.14586
2.1454
2.14554
2.14544
2.14562
2.14546
2.14562
2.14574
2.14578
2.14564
2.14562
2.14576
2.1456
2.1461
2.1456
2.14552
2.14578
2.14558
2.1458
2.14614
2.14546
2.14588
2.14538
2.1455
2.14578
2.14596
2.14594
2.1455
2.14592
2.14598
2.14552
2.14616
2.14606
2.146
2.14602
2.1458
2.14604
2.1458
2.14578
2.14608
2.14588
2.14598
2.1459
2.1456
2.14574
2.14602
2.14604
2.14584
2.1457
2.14604
2.14634
2.14574
2.14614
2.14602
2.14556
2.1463
2.14632
2.14628
2.14596
2.14612
2.14638
2.14604
2.14598
2.14606
2.14582
2.14598
2.1463
2.14606
2.14616
2.14594
2.14594
2.1463
2.14622
2.14632
2.14614
2.14598
2.14656
2.14596
2.14632
2.14648
2.14652
2.14656
2.14668
2.1462
2.14642
2.14592
2.14624
2.1466
2.14662
2.14622
2.14666
2.14652
2.14662
2.14634
2.14676
2.1462
2.1464
2.1464
2.14584
2.14648
2.1466
2.1466
2.14668
2.1467
2.14672
2.14652
2.14658
2.14662
2.14656
2.14694
2.14656
2.14664
2.147
2.1466
2.14686
2.14684
2.14668
2.14666
2.1465
2.1474
2.14698
2.14676
2.1473
2.1469
2.14694
2.14678
2.14664
2.14656
2.14714
2.14674
2.14704
2.14688
2.14686
2.14716
2.14702
2.1472
2.14686
2.1469
2.14678
2.14658
2.14714
2.1471
2.14718
2.14694
2.14688
2.14684
2.14732
2.14698
2.14694
2.14702
2.147
2.1469
2.14688
2.14708
2.1469
2.14662
2.14714
2.147
2.14682
2.14718
2.14694
2.14704
2.1472
2.14698
2.14716
2.14662
2.1469
2.14712
2.14634
2.14714
2.14702
2.1469
2.1473
2.14668
2.14734
2.14708
2.14704
2.14728
2.14682
2.14644
2.14654
2.1471
2.14742
2.14666
2.14694
2.14722
2.14684
2.1466
2.147
2.1463
2.1466
2.14664
2.1466
2.1468
2.14668
2.1468
2.1472
2.14702
2.14694
2.14656
2.1468
2.14668
2.14662
2.14664
2.14672
2.14664
2.14712
2.14674
2.1469
2.1469
2.14624
2.14614
2.14652
2.14694
2.14654
2.14642
2.14692
2.14636
2.1467
2.14692
2.14644
2.14696
2.14668
2.14656
2.1467
2.14688
2.1467
2.14716
2.14696
2.14686
2.14688
2.1465
2.14712
2.14674
2.14676
2.14656
2.1469
2.14648
2.14678
2.14646
2.1466
2.14642
2.14646
2.14628
2.1466
2.14684
2.1464
2.14664
2.14688
2.14636
2.14684
2.14654
2.14642
2.14682
2.14672
2.1463
2.14674
2.14656
2.1469
2.14646
2.14644
2.14658
2.14634
2.14674
2.1464
2.1465
2.14674
2.14648
2.14664
2.14666
2.14678
2.14654
2.14654
2.1461
2.1462
2.14632
2.14656
2.14626
2.14686
2.1467
2.1463
2.1465
2.14652
2.14604
2.14674
2.1466
2.1466
2.14684
2.14656
2.14654
2.1465
2.14646
2.1469
2.14622
2.14674
2.14688
2.14612
2.14658
2.1465
2.14644
2.14686
2.14632
2.14634
2.14632
2.14618
2.14642
2.1467
2.14676
2.14666
2.14662
2.14678
2.14646
2.1466
2.14676
2.14656
2.1467
2.1469
2.14638
2.1467
2.14642
2.14648
2.14688
2.14646
2.14638
2.14666
2.1462
2.14642
2.14642
2.14658
2.1465
2.14662
2.14672
2.14664
2.14642
2.1463
2.14596
2.14632
2.14636
2.1466
2.14632
2.14642
2.14666
2.14662
2.14578
2.14676
2.14608
2.14642
2.1466
2.14626
2.1462
2.1465
2.1462
2.14666
2.14656
2.1465
2.14664
2.14602
2.14642
2.14652
2.14626
2.14636
2.14606
2.14626
2.14642
2.14654
2.14648
2.14588
2.14592
2.14616
2.14634
2.14614
2.14634
2.1462
2.14652
2.1461
2.1461
2.14638
2.14596
2.14652
2.14634
2.14596
2.1466
2.1461
2.14624
2.1465
2.146
2.1465
2.14596
2.14606
2.14606
2.146
2.146
2.14624
2.14568
2.14606
2.14574
2.14588
2.14592
2.1456
2.14622
2.14634
2.1459
2.1462
2.14608
2.14656
2.14634
2.14556
2.1463
2.14602
2.14596
2.14596
2.14572
2.14608
2.14586
2.14614
2.14574
2.14594
2.14604
2.1457
2.14566
2.14592
2.14576
2.14562
2.1456
2.14602
2.14618
2.14594
2.14594
2.14578
2.14532
2.14576
2.14618
2.1463
2.14614
2.14594
2.1461
2.1464
2.14592
2.1464
2.14568
2.146
2.1463
2.14608
2.14606
2.1463
2.14604
2.14616
2.14592
2.14604
2.14612
2.14594
2.1459
2.14616
2.1463
2.14612
2.14568
2.14634
2.1462
2.14608
2.14622
2.14554
2.14588
2.14642
2.14622
2.1465
2.14654
2.14616
2.14652
2.14606
2.14616
2.14654
2.14604
2.14696
2.14642
2.1462
2.14644
2.14664
2.14648
2.14658
2.14634
2.1465
2.14606
2.14608
2.14636
2.14612
2.14662
2.1461
2.14606
2.14644
2.14616
2.1466
2.14624
2.1459
2.14662
2.14654
2.14646
2.14666
2.14658
2.14666
2.1467
2.14642
2.14642
2.14602
2.14646
2.14656
2.14612
2.14642
2.14636
2.14654
2.14644
2.14622
2.14638
2.14632
2.14632
2.14618
2.14614
2.14616
2.14608
2.1464
2.14614
2.14642
2.14622
2.1463
2.1459
2.14628
2.146
2.14616
2.14622
2.14648
2.14624
2.14628
2.14592
2.1461
2.1459
2.14618
2.146
2.14636
2.14612
2.14612
2.146
2.14604
2.14616
2.14588
2.14612
2.14564
2.14588
2.14586
2.14598
2.14618
2.14572
2.146
2.14622
2.146
2.14628
2.1458
2.14572
2.14614
2.14646
2.14604
2.14568
2.14626
2.14576
2.14578
2.14596
2.14574
2.14578
2.14616
2.14546
2.1459
2.1457
2.14522
2.14588
2.14572
2.14542
2.14586
2.14534
2.14566
2.14588
2.14556
2.14614
2.14586
2.14616
2.1457
2.1456
2.14554
2.1452
2.14564
2.14584
2.14552
2.146
2.14586
2.14586
2.14592
2.14566
2.14566
2.14556
2.14566
2.14562
2.1458
2.14568
2.14598
2.1458
2.14584
2.14574
2.14576
2.14568
2.14592
2.14554
2.14566
2.1454
2.14552
2.14548
2.1458
2.14608
2.14584
2.1459
2.1453
2.1453
2.14556
2.14586
2.14584
2.14598
2.14582
2.14612
2.14586
2.14572
2.14586
2.14564
2.14584
2.14588
2.14558
2.14588
2.14606
2.14594
2.14618
2.14588
2.14602
2.14602
2.14608
2.14582
2.146
2.14634
2.14638
2.1463
2.14646
2.14614
2.14608
2.1462
2.14578
2.14622
2.14658
2.14604
2.14648
2.14636
2.14626
2.14636
2.14634
2.14624
2.14628
2.14616
2.14626
2.146
2.14642
2.1463
2.14626
2.1465
2.14642
2.14644
2.14602
2.14636
2.14652
2.14618
2.14662
2.14604
2.14626
2.14666
2.14614
2.14652
2.14642
2.14604
2.14624
2.14662
2.14642
2.14642
2.14638
2.14648
2.1467
2.14612
2.14658
2.14614
2.14624
2.14644
2.1466
2.14648
2.14632
2.14618
2.14702
2.1462
2.14594
2.14634
2.1462
2.14636
2.14644
2.14636
2.1468
2.14622
2.14652
2.1464
2.1463
2.14656
2.14588
2.146
2.14666
2.14658
2.14634
2.14638
2.14658
2.14638
2.14618
2.14642
2.14614
2.14596
2.14658
2.14578
2.14616
2.14634
2.1463
2.14632
2.14656
2.14638
2.1464
2.14604
2.14642
2.1465
2.14624
2.14652
2.1463
2.14626
2.14678
2.14598
2.14662
2.14636
2.14574
2.1464
2.14636
2.1462
2.14628
2.14618
2.14612
2.1464
2.14598
2.14614
2.14628
2.14614
2.14644
2.1463
2.1466
2.14628
2.14638
2.14658
2.14628
2.14644
2.14654
2.14618
2.14644
2.14622
2.14648
2.14626
2.14632
2.14676
2.14606
2.14612
2.1464
2.14558
2.14626
2.14626
2.14596
2.14646
2.14638
2.14648
2.14638
2.14612
2.14664
2.14622
2.1464
2.14666
2.14622
2.14632
2.14664
2.14644
2.14678
2.14624
2.1463
2.14608
2.14626
2.14678
2.14646
2.14636
2.1465
2.1461
2.1465
2.1465
2.14622
2.14636
2.14622
2.14628
2.14684
2.14654
2.14672
2.1467
2.14658
2.14656
2.14642
2.14648
2.14668
2.1464
2.14694
2.1466
2.14664
2.14688
2.14656
2.14692
2.14682
2.14624
2.1466
2.14624
2.1463
2.14636
2.14614
2.14648
2.14628
2.14614
2.14698
2.14612
2.14626
2.1465
2.14606
2.14674
2.14684
2.1462
2.1468
2.14656
2.14658
2.14626
2.14656
2.14686
2.14654
2.14672
2.14672
2.14636
2.14656
2.14612
2.1465
2.14668
2.14626
2.14622
2.14604
2.14622
2.14668
2.14604
2.14648
2.14652
2.14658
2.14644
2.14642
2.14636
2.14664
2.14574
2.14666
2.14676
2.14646
2.1465
2.14644
2.14648
2.14648
2.1465
2.1465
2.14624
2.14628
2.1466
2.146
2.1465
2.14624
2.14632
2.1469
2.14628
2.14628
2.14618
2.14622
2.14628
2.14634
2.1461
2.1465
2.1459
2.14598
2.14634
2.146
2.14608
2.14588
2.14602
2.14606
2.14614
2.14584
2.14608
2.14598
2.14588
2.1461
2.14592
2.14598
2.1461
2.14558
2.14554
2.1458
2.14598
2.14548
2.1455
2.14526
2.14542
2.14564
2.14494
2.14514
2.1457
2.14514
2.14532
2.14528
2.14492
2.14496
2.14484
2.14488
2.14446
2.14442
2.14518
2.14498
2.14442
2.145
2.14468
2.14466
2.1448
2.14452
2.14426
2.14406
2.1444
2.14434
2.1438
2.14426
2.14424
2.14408
2.14408
2.14384
2.14366
2.14386
2.14338
2.14404
2.14354
2.1437
2.14396
2.14362
2.1438
2.14354
2.1434
2.14328
2.14302
2.14342
2.1435
2.143
2.14354
2.14316
2.14262
2.14294
2.1428
2.14274
2.1429
2.14246
2.1426
2.14226
2.14238
2.14266
2.14206
2.14246
2.14218
2.1421
2.14204
2.14202
2.1419
2.142
2.14194
2.14186
2.14184
2.14194
2.14188
2.14144
2.14158
2.14128
2.14124
2.1417
2.14124
2.14142
2.1413
2.14126
2.1413
2.14128
2.14082
2.14098
2.14084
2.14116
2.1408
2.14088
2.14096
2.1409
2.1409
2.14054
2.1407
2.1404
2.14052
2.14024
2.14004
2.14038
2.14054
2.14024
2.14026
2.1402
2.13968
2.13994
2.13954
2.13962
2.14026
2.13994
2.13982
2.1404
2.1397
2.13986
2.13986
2.13952
2.13992
2.13946
2.1399
2.13958
2.13926
2.13992
2.13944
2.13986
2.13964
2.13922
2.13924
2.13912
2.1394
2.13926
2.13914
2.13926
2.13946
2.13926
2.1397
2.13958
2.1393
2.13944
2.139
2.1397
2.13958
2.1393
2.13936
2.1392
2.13922
2.13894
2.13954
2.13926
2.13896
2.1395
2.1392
2.13916
2.13932
2.139
2.13958
2.13906
2.13914
2.1392
2.1391
2.13928
2.13934
2.13916
2.13916
2.13954
2.13926
2.1396
2.13952
2.13916
2.13924
2.13932
2.1396
2.13986
2.13932
2.1394
2.13978
2.13964
2.1394
2.13966
2.13936
2.13952
2.13988
2.13948
2.13964
2.13982
2.13956
2.13944
2.1397
2.1397
2.13966
2.13998
2.13904
2.14002
2.13984
2.13978
2.14022
2.13994
2.1399
2.14034
2.14006
2.13984
2.14012
2.14008
2.14026
2.14038
2.14022
2.1401
2.14056
2.14046
2.14018
2.14056
2.14028
2.14024
2.14046
2.14002
2.14054
2.14054
2.14022
2.14056
2.1404
2.14014
2.1408
2.14034
2.14064
2.1408
2.1404
2.14106
2.14092
2.14094
2.14104
2.14076
2.14062
2.14088
2.1409
2.14134
2.14102
2.14128
2.14132
2.14136
2.14104
2.1411
2.1414
2.1408
2.1412
2.14186
2.14116
2.14144
2.14172
2.14146
2.1414
2.1419
2.14136
2.14146
2.14178
2.14152
2.14216
2.14172
2.14206
2.14218
2.14196
2.14226
2.14192
2.14198
2.14168
2.14158
2.14238
2.1423
2.14158
2.14232
2.14214
2.1427
2.14238
2.1425
2.14256
2.14208
2.1424
2.14274
2.14226
2.14286
2.14248
2.14286
2.14312
2.14246
2.14252
2.143
2.14216
2.1428
2.14256
2.14272
2.1432
2.1426
2.14312
2.14298
2.14304
2.14316
2.14268
2.14324
2.14324
2.14296
2.14324
2.1436
2.14328
2.14316
2.14296
2.1431
2.14326
2.1433
2.14334
2.14292
2.14344
2.14346
2.14326
2.14362
2.14338
2.14312
2.14334
2.14338
2.14356
2.1436
2.14314
2.1435
2.14352
2.14356
2.14348
2.14344
2.14342
2.14348
2.14316
2.1438
2.14362
2.14346
2.14364
2.14356
2.14346
2.14356
2.14356
2.14362
2.14372
2.14362
2.14368
2.14356
2.14364
2.14386
2.14366
2.14396
2.1435
2.14376
2.1438
2.14362
2.14388
2.14372
2.14372
2.14392
2.14374
2.144
2.14384
2.14372
2.14376
2.14402
2.14414
2.14436
2.1438
2.14456
2.14398
2.1442
2.14382
2.144
2.14368
2.14392
2.14412
2.1442
2.144
2.14452
2.14414
2.14414
2.14418
2.14424
2.1438
2.14432
2.14402
2.14436
2.14422
2.1445
2.14464
2.14434
2.14436
2.14464
2.1443
2.14418
2.14394
2.14434
2.14462
2.14458
2.14478
2.1446
2.14432
2.14484
2.1445
2.14482
2.14444
2.14478
2.1447
2.14444
2.14468
2.14486
2.1449
2.14482
2.14474
2.14468
2.14452
2.14472
2.14452
2.14476
2.14462
2.14454
2.14454
2.14472
2.14466
2.14448
2.1443
2.14452
2.14484
2.14492
2.14458
2.14496
2.14514
2.14476
2.14494
2.14512
2.14482
2.145
2.14478
2.14488
2.14488
2.14506
2.14502
2.14496
2.1451
2.14488
2.1447
2.14472
2.14466
2.1448
2.14492
2.14506
2.1449
2.14496
2.14524
2.14526
2.14512
2.14498
2.14468
2.14508
2.14534
2.14508
2.14484
2.14536
2.14516
2.14496
2.1451
2.14512
2.14498
2.14496
2.1453
2.1452
2.14512
2.14542
2.14502
2.14518
2.14524
2.14492
2.14526
2.14512
2.14494
2.14536
2.1449
2.14548
2.14498
2.14508
2.14502
2.14518
2.14506
2.1447
2.145
2.14544
2.14514
2.14538
2.14542
2.1453
2.14544
2.14562
2.14542
2.14572
2.14536
2.14556
2.14532
2.14536
2.1456
2.14534
2.14528
2.14564
2.14508
2.14486
2.14522
2.14482
2.14578
2.1453
2.14514
2.14576
2.14514
2.14584
2.14574
2.14528
2.14528
2.14544
2.14564
2.14634
2.14556
2.14576
2.14566
2.14562
2.14586
2.1458
2.14578
2.1455
2.14584
2.14604
2.14538
2.14588
2.1462
2.1458
2.1459
2.14578
2.14536
2.14544
2.14546
2.14572
2.14618
2.1457
2.1461
2.1463
2.14566
2.14598
2.1457
2.14586
2.1458
2.14612
2.14642
2.1461
2.1462
2.1464
2.14602
2.14634
2.14626
2.146
2.14622
2.14622
2.14616
2.14632
2.14608
2.14648
2.14618
2.14624
2.14604
2.14602
2.14604
2.14614
2.14618
2.14622
2.14634
2.1459
2.14628
2.14644
2.14622
2.14622
2.14604
2.1463
2.1462
2.14672
2.14622
2.14652
2.1466
2.14684
2.14662
2.14622
2.14628
2.14628
2.14612
2.1466
2.1464
2.14634
2.14652
2.14622
2.1466
2.14654
2.14596
2.1464
2.14644
2.1461
2.14644
2.14654
2.14618
2.14652
2.14628
2.14682
2.14656
2.1462
2.14606
2.14626
2.14662
2.1465
2.14626
2.14694
2.14626
2.14628
2.1464
2.14658
2.14652
2.14646
2.14628
2.1466
2.14614
2.14674
2.14662
2.14626
2.14658
2.14626
2.14608
2.14632
2.14628
2.14606
2.14644
2.14632
2.14684
2.14644
2.1462
2.14652
2.14604
2.14618
2.14598
2.14626
2.14622
2.14638
2.14614
2.14618
2.1462
2.1461
2.14588
2.1459
2.1463
2.14586
2.146
2.14622
2.14626
2.14658
2.14626
2.14656
2.14596
2.14664
2.14612
2.14608
2.14632
2.14646
2.14582
2.14604
2.1462
2.14626
2.14606
2.1461
2.14594
2.14562
2.14598
2.14664
2.1458
2.1464
2.14626
2.14598
2.1464
2.14634
2.14602
2.14626
2.14618
2.14646
2.14614
2.14636
2.1465
2.1461
2.1461
2.14626
2.14606
2.14562
2.14598
2.14616
2.14562
2.14602
2.1458
2.14574
2.14602
2.14592
2.14552
2.14602
2.14528
2.1454
2.14584
2.14602
2.1459
2.14568
2.14578
2.14564
2.14556
2.14596
2.14588
2.14554
2.14576
2.14566
2.1456
2.14576
2.1454
2.14578
2.1452
2.1456
2.1454
2.14568
2.14522
2.14582
2.14548
2.14554
2.1455
2.1456
2.14568
2.14536
2.14552
2.1454
2.14544
2.1458
2.14576
2.14554
2.14586
2.14586
2.14536
2.1456
2.1458
2.14552
2.14544
2.14576
2.14552
2.14548
2.14592
2.14558
2.1458
2.14604
2.1456
2.1452
2.14584
2.14572
2.14556
2.14576
2.14572
2.14564
2.14572
2.146
2.14604
2.14572
2.14508
2.1453
2.14574
2.14602
2.14546
2.14558
2.14584
2.14604
2.14576
2.14592
2.14592
2.14598
2.14576
2.1458
2.14586
2.14622
2.14596
2.14594
2.14608
2.14582
2.14572
2.14602
2.14554
2.14594
2.14598
2.146
2.14606
2.14606
2.14632
2.14586
2.14602
2.14574
2.1458
2.1462
2.14616
2.14576
2.14614
2.14644
2.1457
2.14598
2.14586
2.1461
2.14626
2.1458
2.14604
2.1464
2.1457
2.14648
2.14608
2.14616
2.14654
2.14602
2.14592
2.1465
2.14584
2.14632
2.1459
2.14612
2.14628
2.14604
2.14628
2.14628
2.14608
2.1459
2.14604
2.14674
2.14604
2.14632
2.14668
2.14608
2.14634
2.14638
2.14628
2.14674
2.14648
2.1467
2.14676
2.14632
2.14666
2.14684
2.14662
2.14698
2.14646
2.14658
2.14674
2.14648
2.147
2.1466
2.14664
2.14692
2.147
2.14686
2.14688
2.14658
2.14678
2.14678
2.1469
2.14756
2.14714
2.14742
2.1472
2.14682
2.14726
2.14684
2.14718
2.14744
2.14686
2.14746
2.14688
2.14736
2.14736
2.14704
2.1475
2.14746
2.14672
2.14744
2.14694
2.14728
2.14728
2.14696
2.14728
2.14738
2.14734
2.14728
2.14732
2.14706
2.147
2.14738
2.14756
2.14708
2.14776
2.14748
2.14692
2.1474
2.1469
2.14684
2.1473
2.1468
2.14734
2.14738
2.14704
2.1474
2.14734
2.14698
2.14716
2.14692
2.14706
2.1471
2.14708
2.14714
2.14702
2.14708
2.14706
2.14708
2.14718
2.14706
2.14658
2.14696
2.1467
2.14712
2.147
2.14682
2.14732
2.1469
2.14666
2.14726
2.14638
2.14712
2.14684
2.14664
2.14694
2.14668
2.14702
2.14684
2.14676
2.14674
2.14648
2.14646
2.14686
2.14656
2.14678
2.14666
2.1464
2.1468
2.14662
2.1466
2.1466
2.14642
2.14604
2.14634
2.14658
2.14656
2.14606
2.1468
2.14652
2.1464
2.14638
2.14634
2.1461
2.14656
2.14612
2.14642
2.14626
2.146
2.14616
2.14656
2.14606
2.14622
2.1459
2.1461
2.1462
2.14668
2.1462
2.14662
2.1463
2.14642
2.14626
2.14664
2.146
2.14602
2.14638
2.1465
2.14642
2.1461
2.1462
2.14658
2.14594
2.14606
2.1461
2.14568
2.14642
2.1459
2.14618
2.14642
2.14634
2.1464
2.1462
2.14662
2.14642
2.14626
2.14604
2.1464
2.14658
2.14656
2.14656
2.1468
2.1466
2.1465
2.14688
2.14626
2.14588
2.146
2.14614
2.14688
2.14616
2.14624
2.14698
2.14642
2.14654
2.14698
2.1463
2.14706
2.14658
2.14672
2.1466
2.14658
2.1469
2.14718
2.14672
2.14702
2.14682
2.1468
2.14676
2.14716
2.14694
2.14688
2.14712
2.14712
2.14678
2.14692
2.14688
2.14644
2.14686
2.1472
2.14732
2.14712
2.1472
2.14726
2.1469
2.14692
2.14716
2.14724
2.14716
2.1473
2.14692
2.14724
2.14722
2.14748
2.1472
2.14752
2.1474
2.1471
2.14702
2.14736
2.14736
2.1473
2.14746
2.14712
2.14738
2.14696
2.14734
2.1474
2.14742
2.1473
2.14716
2.14738
2.14724
2.14718
2.14778
2.1474
2.14728
2.1472
2.14714
2.14758
2.14706
2.14778
2.14764
2.1474
2.1477
2.14746
2.14742
2.14744
2.14746
2.14728
2.1472
2.14732
2.14738
2.14758
2.14754
2.1476
2.14706
2.1474
2.14722
2.14714
2.14686
2.14744
2.1474
2.14746
2.1474
2.14782
2.14758
2.14722
2.14772
2.14738
2.14746
2.14772
2.14712
2.1476
2.14756
2.14738
2.14742
2.14776
2.1474
2.14776
2.14702
2.14742
2.14746
2.14728
2.1474
2.14686
2.14744
2.14702
2.14698
2.1472
2.14712
2.14692
2.14714
2.14728
2.14776
2.14724
2.14716
2.14748
2.14722
2.14728
2.14732
2.14704
2.14728
2.1473
2.14736
2.14738
2.14686
2.14684
2.14716
2.14706
2.147
2.14722
2.14708
2.14688
2.14732
2.14716
2.14684
2.14728
2.14722
2.14696
2.1471
2.14712
2.14668
2.14698
2.14684
2.14762
2.14736
2.14706
2.1473
2.14738
2.14702
2.14726
2.14722
2.1474
2.14746
2.14714
2.14724
2.14722
2.14712
2.1475
2.14706
2.1474
2.14706
2.1469
2.1473
2.14726
2.14714
2.14706
2.14726
2.14754
2.1472
2.14748
2.14702
2.14712
2.14714
2.1472
2.14744
2.14734
2.14712
2.14752
2.14746
2.1474
2.14742
2.14686
2.14714
2.14714
2.14736
2.1474
2.14698
2.14748
2.14758
2.14722
2.1475
2.14694
2.14684
2.14728
2.14696
2.1471
2.14732
2.14716
2.14692
2.14732
2.14722
2.1472
2.14692
2.14674
2.14716
2.14726
2.14728
2.14744
2.14738
2.14746
2.14724
2.14752
2.14756
2.14728
2.14746
2.14734
2.14726
2.14752
2.14742
2.14756
2.1473
2.14708
2.14768
2.14696
2.14746
2.14732
2.14698
2.14752
2.147
2.14736
2.14738
2.147
2.1473
2.1477
2.14672
2.14732
2.14718
2.14756
2.14728
2.14734
2.14752
2.14736
2.14724
2.14762
2.14714
2.14738
2.14732
2.14706
2.14742
2.14724
2.14722
2.14754
2.147
2.14738
2.14704
2.14702
2.14748
2.14682
2.14716
2.1473
2.14704
2.14744
2.1471
2.14706
2.14726
2.14642
2.14698
2.14716
2.14738
2.1472
2.14704
2.1476
2.14686
2.14698
2.14718
2.1469
2.14714
2.14678
2.1469
2.14708
2.14684
2.14726
2.14694
2.1469
2.14678
2.1469
2.14686
2.14698
2.14704
2.14666
2.14696
2.14684
2.14678
2.14696
2.14692
2.14708
2.14676
2.1465
2.14674
2.1473
2.14676
2.14688
2.14696
2.147
2.14688
2.14672
2.1467
2.14656
2.14674
2.14672
2.147
2.14684
2.14656
2.14694
2.14638
2.14656
2.1466
2.14626
2.14656
2.1467
2.14634
2.1471
2.14678
2.14654
2.14678
2.14666
2.1466
2.14676
2.14596
2.1467
2.14664
2.1468
2.14662
2.14672
2.14688
2.14664
2.1467
2.14678
2.1464
2.14682
2.14646
2.1465
2.14666
2.1467
2.14676
2.1468
2.14652
2.14714
2.14624
2.14656
2.14672
2.14662
2.14676
2.14692
2.14678
2.1469
2.14644
2.1466
2.14666
2.14642
2.14648
2.14658
2.14656
2.14652
2.14676
2.14664
2.14656
2.14674
2.14674
2.14642
2.14668
2.14674
2.14628
2.14666
2.14658
2.14664
2.1469
2.14646
2.14658
2.14666
2.14636
2.14674
2.14634
2.14672
2.14676
2.14662
2.14684
2.14652
2.14666
2.1464
2.14598
2.14612
2.14648
2.14636
2.14608
2.14654
2.14634
2.14644
2.14598
2.14626
2.14632
2.14602
2.14628
2.146
2.1464
2.1461
2.14646
2.1465
2.14616
2.1466
2.14604
2.14636
2.14658
2.14602
2.1461
2.14612
2.14592
2.14596
2.14606
2.14606
2.1461
2.1459
2.14552
2.14598
2.14626
2.14614
2.14606
2.1461
2.14644
2.14592
2.14622
2.14606
2.14566
2.14598
2.14576
2.14598
2.14606
2.14602
2.14614
2.14634
2.1458
2.14594
2.14584
2.14578
2.14604
2.14578
2.14598
2.14594
2.14582
2.14618
2.14534
2.14574
2.14578
2.14518
2.14588
2.14604
2.14574
2.1461
2.14608
2.14602
2.14552
2.14612
2.14574
2.14556
2.14582
2.14564
2.14514
2.14582
2.14542
2.14572
2.14616
2.14572
2.14588
2.14578
2.14538
2.14604
2.1456
2.14586
2.14584
2.1456
2.14588
2.14594
2.1455
2.146
2.14508
2.14532
2.14586
2.14556
2.14524
2.14528
2.14564
2.14594
2.14574
2.14582
2.1455
2.14534
2.14588
2.14564
2.14584
2.14614
2.14532
2.1457
2.14544
2.14564
2.1455
2.14526
2.1455
2.1457
2.14586
2.14584
2.1454
2.14562
2.1458
2.1455
2.14552
2.14516
2.1452
2.1456
2.14558
2.14548
2.14556
2.14572
2.14542
2.14536
2.14576
2.14552
2.14548
2.14564
2.14542
2.14546
2.14552
2.14582
2.1458
2.14558
2.14534
2.1459
2.14514
2.14586
2.14582
2.14566
2.14576
2.14594
2.14578
2.1461
2.14562
2.14602
2.14568
2.14554
2.14578
2.1456
2.1457
2.14574
2.14582
2.146
2.14552
2.14558
2.1458
2.1454
2.14572
2.14576
2.14566
2.14578
2.14554
2.14568
2.14594
2.1455
2.14568
2.14558
2.14596
2.14574
2.14576
2.14582
2.14594
2.14566
2.14582
2.1457
2.1455
2.14558
2.14548
2.14538
2.14592
2.14574
2.14536
2.14578
2.1458
2.14548
2.14592
2.14584
2.14546
2.14572
2.14556
2.14554
2.14576
2.14562
2.14602
2.146
2.14564
2.14588
2.14548
2.14524
2.14564
2.14558
2.14538
2.1456
2.1456
2.14578
2.14572
2.14546
2.14574
2.1454
2.1452
2.1456
2.14568
2.14522
2.14568
2.1458
2.1453
2.14564
2.14554
2.1456
2.14562
2.14584
2.1452
2.14576
2.14556
2.14544
2.14568
2.14576
2.14564
2.14574
2.14536
2.14582
2.14578
2.1457
2.1458
2.1455
2.14568
2.14586
2.14534
2.14572
2.14564
2.14548
2.14564
2.14578
2.14554
2.14584
2.14592
2.1458
2.14542
2.1456
2.14556
2.14562
2.14578
2.14584
2.14578
2.14608
2.1457
2.1457
2.14544
2.14562
2.14552
2.1452
2.14572
2.14582
2.1457
2.14572
2.14562
2.14592
2.14602
2.14584
2.14582
2.14586
2.14538
2.14562
2.14614
2.14608
2.1459
2.14604
2.1458
2.14554
2.1459
2.1457
2.14546
2.1457
2.14596
2.14584
2.14588
2.14586
2.14572
2.14582
2.14556
2.1459
2.1459
2.14566
2.14606
2.1462
2.14614
2.1462
2.14612
2.1462
2.14626
2.14624
2.1458
2.14584
2.14604
2.14618
2.1462
2.14598
2.1463
2.14628
2.14592
2.1463
2.1461
2.14592
2.1463
2.14616
2.14618
2.14626
2.146
2.14658
2.1466
2.14644
2.14636
2.14626
2.14616
2.1468
2.14614
2.1468
2.14642
2.14624
2.1466
2.14668
2.14674
2.14662
2.1461
2.1464
2.14674
2.14678
2.14654
2.14662
2.14684
2.14666
2.1465
2.14686
2.14624
2.14682
2.14694
2.14678
2.14676
2.14684
2.14656
2.1472
2.14672
2.1471
2.1471
2.1467
2.14708
2.14702
2.14684
2.14734
2.14698
2.14686
2.14726
2.14658
2.14684
2.14632
2.14662
2.14696
2.14696
2.14728
2.14654
2.14722
2.1471
2.1471
2.1472
2.14686
2.14692
2.14714
2.14682
2.1472
2.14738
2.14704
2.1474
2.1474
2.1469
2.14736
2.14712
2.14732
2.14748
2.1471
2.14722
2.14734
2.14724
2.14746
2.14742
2.14738
2.14746
2.1473
2.14708
2.14746
2.14738
2.14726
2.14726
2.14774
2.14734
2.14746
2.14784
2.1474
2.14768
2.14776
2.1475
2.14766
2.1474
2.14762
2.14806
2.14766
2.14782
2.1477
2.1472
2.14774
2.14774
2.14778
2.1477
2.14784
2.14784
2.1479
2.14776
2.14752
2.14738
2.14776
2.14778
2.1477
2.14794
2.14792
2.14788
2.14786
2.14804
2.14804
2.14774
2.14804
2.14816
2.14756
2.14778
2.14816
2.1479
2.14786
2.14786
2.148
2.14764
2.1474
2.14764
2.14772
2.14768
2.14778
2.14752
2.14738
2.14788
2.14758
2.14708
2.14748
2.14696
2.14744
2.14742
2.14754
2.1473
2.1476
2.14744
2.14708
2.14756
2.14714
2.1472
2.14746
2.14718
2.14722
2.14748
2.14714
2.14732
2.14724
2.14674
2.14722
2.14668
2.14676
2.14698
2.14678
2.1466
2.1468
2.14672
2.14688
2.14662
2.14672
2.1463
2.14614
2.14678
2.14668
2.14622
2.14688
2.14648
2.14642
2.14614
2.1464
2.14638
2.14618
2.14646
2.14592
2.14604
2.14648
2.14622
2.14602
2.14634
2.14608
2.146
2.146
2.14624
2.14624
2.14596
2.14618
2.14652
2.14598
2.14612
2.14604
2.14584
2.1458
2.1457
2.14622
2.14626
2.14614
2.146
2.14568
2.14648
2.14554
2.14592
2.1459
2.1457
2.14602
2.14584
2.14558
2.14624
2.14582
2.14598
2.1465
2.14566
2.14592
2.14582
2.14574
2.14576
2.14572
2.14588
2.14588
2.14598
2.14578
2.14574
2.1458
2.14552
2.1454
2.14552
2.14568
2.14574
2.14574
2.1461
2.14586
2.14592
2.14566
2.14576
2.14588
2.14592
2.14572
2.14562
2.1458
2.14594
2.14596
2.14582
2.14608
2.14572
2.1457
2.14542
2.1456
2.14584
2.14576
2.1457
2.14562
2.14574
2.14578
2.14568
2.14558
2.14554
2.14514
2.1461
2.14586
2.14582
2.14566
2.14586
2.14558
2.14572
2.146
2.14542
2.1457
2.14576
2.1459
2.14558
2.14594
2.14576
2.14572
2.14584
2.1456
2.14552
2.14536
2.1453
2.14544
2.14552
2.14546
2.14578
2.14552
2.14574
2.14558
2.1455
2.14544
2.14564
2.14572
2.14578
2.14582
2.14572
2.146
2.1455
2.14562
2.14574
2.14554
2.14544
2.1458
2.14542
2.14538
2.14566
2.1454
2.14562
2.14558
2.1454
2.14534
2.14524
2.14534
2.14524
2.1455
2.1453
2.14534
2.14532
2.14544
2.14538
2.14542
2.14504
2.1451
2.1454
2.14546
2.14562
2.14548
2.14544
2.14544
2.14532
2.14556
2.14516
2.14516
2.14542
2.14534
2.14526
2.14552
2.1452
2.1455
2.14506
2.14524
2.1451
2.14504
2.14518
2.14504
2.14504
2.1457
2.14544
2.14556
2.14532
2.14556
2.14558
2.14522
2.1448
2.14544
2.1453
2.14556
2.14554
2.1456
2.14602
2.14516
2.14528
2.14568
2.14538
2.14572
2.14556
2.14534
2.14546
2.14544
2.1454
2.14592
2.1456
2.14584
2.14548
2.14558
2.14576
2.14572
2.14568
2.14584
2.14572
2.14568
2.14598
2.146
2.14576
2.1455
2.1458
2.14632
2.146
2.1461
2.14602
2.146
2.1462
2.14562
2.1461
2.14576
2.1457
2.14628
2.1456
2.14608
2.14626
2.14572
2.14612
2.14628
2.14608
2.14602
2.14576
2.1466
2.1464
2.1464
2.14618
2.14616
2.14604
2.14646
2.1462
2.1465
2.14626
2.14594
2.1464
2.1463
2.14634
2.1468
2.14654
2.14648
2.1462
2.1464
2.1467
2.14636
2.14648
2.14614
2.14612
2.14682
2.1466
2.14652
2.14656
2.14652
2.14654
2.14662
2.14626
2.14674
2.14632
2.14666
2.14656
2.14682
2.14658
2.1464
2.14664
2.14664
2.1464
2.14656
2.1467
2.14662
2.14674
2.1467
2.14684
2.14656
2.14654
2.14656
2.14636
2.147
2.147
2.14662
2.14662
2.147
2.14668
2.14688
2.14668
2.14678
2.14656
2.14634
2.14672
2.14688
2.14664
2.1468
2.14638
2.14706
2.14658
2.14682
2.14674
2.14638
2.14658
2.1469
2.14692
2.1469
2.14696
2.14682
2.1469
2.14684
2.14702
2.14694
2.14682
2.147
2.14668
2.14716
2.147
2.14676
2.14706
2.14718
2.14668
2.14682
2.1469
2.14658
2.1467
2.14674
2.14704
2.14696
2.14704
2.14686
2.14668
2.14706
2.14648
2.14626
2.14686
2.14706
2.14682
2.14732
2.14718
2.14732
2.14688
2.14696
2.147
2.14698
2.1472
2.14704
2.14706
2.14714
2.1468
2.1474
2.14702
2.14684
2.14714
2.14676
2.1467
2.1472
2.14654
2.14738
2.14708
2.14686
2.1475
2.1468
2.14712
2.14708
2.1467
2.14752
2.14748
2.1471
2.14718
2.14756
2.14708
2.14712
2.14698
2.14714
2.14692
2.14716
2.1471
2.14676
2.14734
2.1469
2.14692
2.14744
2.14688
2.147
2.14666
2.1469
2.14732
2.14716
2.14706
2.14698
2.1467
2.14686
2.14698
2.14678
2.14688
2.14636
2.14622
2.14704
2.14682
2.14688
2.14684
2.147
2.1468
2.1465
2.14668
2.14674
2.14648
2.14682
2.14656
2.14682
2.14678
2.14664
2.14644
2.14656
2.14656
2.14666
2.14622
2.14652
2.1465
2.14656
2.14674
2.14636
2.14668
2.1468
2.1462
2.1463
2.14628
2.14628
2.14716
2.14662
2.14644
2.14684
2.1467
2.1464
2.14638
2.14668
2.14626
2.14668
2.1463
2.1463
2.1465
2.14686
2.14642
2.1466
2.1467
2.14642
2.14632
2.14624
2.1465
2.14644
2.14654
2.1466
2.14632
2.14644
2.14668
2.14612
2.14628
2.14632
2.14572
2.14636
2.1465
2.14624
2.14628
2.14628
2.14646
2.14642
2.14662
2.14612
2.14618
2.14664
2.1465
2.14644
2.14662
2.1465
2.14662
2.1462
2.14622
2.14664
2.14638
2.14622
2.14632
2.14634
2.1465
2.14686
2.146
2.14648
2.1462
2.14626
2.1462
2.14598
2.1461
2.14672
2.14604
2.1468
2.14688
2.14658
2.14638
2.14656
2.14654
2.1461
2.14634
2.1463
2.14624
2.14636
2.14628
2.1465
2.14664
2.14646
2.1464
2.14674
2.1461
2.14684
2.1461
2.14646
2.14646
2.14628
2.14666
2.14654
2.14634
2.14642
2.14618
2.14648
2.14666
2.14654
2.14632
2.1465
2.14668
2.14636
2.14648
2.14658
2.14616
2.14666
2.14686
2.1465
2.14646
2.1465
2.14614
2.14666
2.14652
2.14636
2.1464
2.1465
2.1465
2.14668
2.14626
2.14638
2.14646
2.14636
2.14634
2.14666
2.146
2.14586
2.14616
2.1467
2.14668
2.14674
2.14644
2.14642
2.14652
2.1466
2.14688
2.1463
2.14634
2.14666
2.14636
2.14646
2.14674
2.1467
2.14674
2.14642
2.1464
2.14632
2.14596
2.14654
2.14652
2.14636
2.1464
2.14658
2.14626
2.14682
2.14654
2.14644
2.1462
2.14576
2.14654
2.14646
2.14618
2.14646
2.14652
2.14684
2.14664
2.14636
2.1463
2.14626
2.14652
2.14622
2.14624
2.1466
2.14604
2.14646
2.14594
2.14606
2.14608
2.14614
2.14598
2.14608
2.14594
2.14638
2.14606
2.14578
2.14626
2.14622
2.14586
2.14612
2.14574
2.14618
2.1465
2.14584
2.14606
2.14646
2.14636
2.14622
2.14628
2.14616
2.14604
2.14626
2.14622
2.14598
2.14612
2.1464
2.14588
2.14616
2.1458
2.14606
2.14586
2.14576
2.14646
2.1457
2.14614
2.14626
2.14562
2.14652
2.1464
2.14582
2.14598
2.14578
2.14608
2.14658
2.14606
2.14636
2.14624
2.14626
2.14592
2.14626
2.14622
2.14576
2.14584
2.1462
2.14592
2.14604
2.14654
2.1464
2.1462
2.14588
2.14588
2.14632
2.1458
2.14594
2.14594
2.14588
2.1463
2.14618
2.14608
2.14642
2.14592
2.14598
2.14616
2.14622
2.1466
2.1461
2.14634
2.14652
2.14642
2.14614
2.14594
2.1461
2.14632
2.14622
2.14616
2.14622
2.14622
2.14602
2.1461
2.14646
2.14628
2.14626
2.14602
2.1461
2.14614
2.1469
2.146
2.1463
2.14652
2.1458
2.1463
2.1468
2.14602
2.14622
2.1459
2.14626
2.14672
2.1463
2.14618
2.14688
2.14638
2.14624
2.14662
2.14626
2.14644
2.14668
2.14642
2.14646
2.14674
2.14664
2.1463
2.14736
2.1464
2.14664
2.14668
2.1463
2.14692
2.14668
2.1466
2.1471
2.1467
2.1469
2.14682
2.1466
2.1468
2.14656
2.14658
2.14728
2.14686
2.147
2.14724
2.14702
2.14658
2.14706
2.1467
2.14708
2.14658
2.14694
2.14624
2.14694
2.14696
2.14656
2.14688
2.14674
2.14652
2.14696
2.14674
2.14688
2.14676
2.1465
2.14648
2.14712
2.1468
2.14718
2.1469
2.1466
2.147
2.14646
2.14712
2.14704
2.14666
2.1472
2.14674
2.14694
2.14676
2.14668
2.14672
2.1466
2.14694
2.14632
2.14654
2.14696
2.1467
2.1466
2.14666
2.14636
2.1466
2.14656
2.14652
2.14728
2.1468
2.14666
2.14662
2.1463
2.14684
2.14698
2.14636
2.14656
2.14678
2.1469
2.14678
2.14676
2.14696
2.1469
2.14644
2.1469
2.14668
2.14686
2.14666
2.14682
2.1466
2.14692
2.1469
2.14676
2.14682
2.14694
2.14694
2.1467
2.14688
2.1465
2.14712
2.14686
2.14704
2.14728
2.14706
2.1472
2.14708
2.14722
2.14662
2.14688
2.1471
2.1471
2.1469
2.14694
2.14694
2.14716
2.14648
2.14676
2.14706
2.1468
2.14696
2.14708
2.14664
2.14684
2.1474
2.14714
2.14738
2.14708
2.14678
2.14698
2.14708
2.14728
2.147
2.14704
2.14734
2.14718
2.14698
2.14734
2.14718
2.14668
2.14676
2.14736
2.14718
2.14684
2.14694
2.14736
2.14682
2.14712
2.14694
2.14702
2.14672
2.14676
2.1468
2.1469
2.14706
2.14714
2.14662
2.14716
2.14688
2.14674
2.14664
2.14674
2.14666
2.14668
2.14644
2.1463
2.14666
2.14678
2.14648
2.1469
2.14656
2.14626
2.1463
2.14684
2.14668
2.1466
2.14672
2.14682
2.1469
2.14666
2.14654
2.14664
2.14632
2.14646
2.14646
2.14628
2.14666
2.14652
2.14674
2.1467
2.14632
2.14664
2.14652
2.14628
2.14656
2.1464
2.14632
2.14682
2.14628
2.14646
2.14646
2.14646
2.14614
2.14644
2.14662
2.14662
2.14652
2.14666
2.14624
2.14646
2.14608
2.14624
2.14634
2.14616
2.14652
2.14654
2.14618
2.14658
2.1462
2.14612
2.14632
2.14642
2.146
2.14656
2.14618
2.14628
2.1463
2.14654
2.14652
2.14622
2.14652
2.14656
2.146
2.14598
2.14618
2.14662
2.14642
2.14646
2.14652
2.1464
2.14646
2.14654
2.14646
2.14624
2.1462
2.14654
2.14628
2.14592
2.14608
2.14626
2.14648
2.14688
2.146
2.14636
2.1465
2.14588
2.14588
2.14672
2.14616
2.14656
2.14648
2.14632
2.14616
2.14658
2.14598
2.14604
2.14634
2.14622
2.14622
2.1464
2.14644
2.14624
2.14636
2.14656
2.14638
2.14652
2.14622
2.14636
2.1465
2.14632
2.14662
2.1462
2.14634
2.1464
2.14594
2.1463
2.14626
2.1463
2.14618
2.14626
2.1465
2.1464
2.14634
2.1465
2.14634
2.14638
2.146
2.14642
2.14658
2.14658
2.14634
2.14656
2.14676
2.14676
2.14652
2.14644
2.14624
2.14652
2.14682
2.1467
2.14662
2.1469
2.14628
2.14668
2.14642
2.14646
2.14628
2.14656
2.14614
2.14662
2.14652
2.1463
2.14668
2.14676
2.14666
2.14718
2.14652
2.14646
2.14634
2.14692
2.1465
2.14662
2.14662
2.1464
2.14706
2.14644
2.14678
2.1469
2.14646
2.14664
2.14658
2.14644
2.1468
2.14662
2.14614
2.14688
2.14656
2.14642
2.14668
2.14638
2.14672
2.1468
2.1464
2.14668
2.14656
2.14672
2.14648
2.14678
2.14618
2.14622
2.14712
2.1466
2.14674
2.14674
2.14662
2.14632
2.1466
2.1464
2.14652
2.14652
2.14636
2.14658
2.14628
2.14636
2.1465
2.1464
2.14652
2.14654
2.14612
2.14656
2.14624
2.1465
2.1467
2.14642
2.14664
2.14652
2.14658
2.14616
2.14622
2.14654
2.1461
2.147
2.14652
2.14626
2.14662
2.1467
2.14622
2.14652
2.14658
2.14634
2.14648
2.14642
2.1461
2.14618
2.14626
2.14656
2.14616
2.14624
2.14658
2.14604
2.14608
2.14642
2.14616
2.14644
2.14616
2.14612
2.1464
2.14646
2.14638
2.14652
2.14592
2.14586
2.14594
2.14646
2.14612
2.1462
2.14602
2.14588
2.14604
2.14602
2.14626
2.14602
2.14592
2.14608
2.14598
2.14578
2.146
2.14608
2.14564
2.14578
2.14572
2.14558
2.14606
2.1458
2.14578
2.14622
2.1458
2.14582
2.14582
2.1458
2.14576
2.14588
2.1454
2.14562
2.14594
2.1457
2.14562
2.14602
2.1456
2.1454
2.14568
2.14548
2.14562
2.14552
2.14516
2.14554
2.14544
2.14536
2.14578
2.14532
2.14578
2.1453
2.14534
2.1449
2.14528
2.14556
2.14502
2.14564
2.14542
2.14562
2.1456
2.14534
2.14538
2.14488
2.14502
2.14546
2.14526
2.1451
2.14494
2.14506
2.1453
2.14506
2.14524
2.14502
2.14508
2.14496
2.14516
2.14494
2.14518
2.14504
2.14536
2.1453
2.14506
2.14528
2.14488
2.14516
2.1451
2.14518
2.14512
2.1452
2.14512
2.1453
2.14508
2.14526
2.14502
2.14476
2.1453
2.14536
2.14506
2.14564
2.1454
2.14492
2.14536
2.14532
2.14514
2.14556
2.14524
2.1454
2.14524
2.14538
2.14582
2.14486
2.1456
2.14544
2.14514
2.14536
2.14544
2.1455
2.1454
2.14532
2.1452
2.14544
2.14548
2.14572
2.14518
2.14558
2.1451
2.14518
2.1459
2.14538
2.14552
2.14576
2.14564
2.14588
2.1455
2.1455
2.14568
2.14542
2.1458
2.1457
2.14534
2.14608
2.1455
2.14572
2.14576
2.14554
2.14566
2.14554
2.14532
2.14568
2.14586
2.14574
2.14564
2.1454
2.14608
2.14608
2.14556
2.1454
2.1451
2.14604
2.14596
2.1456
2.14598
2.14568
2.1458
2.14612
2.14612
2.14624
2.1459
2.14606
2.14584
2.14592
2.14586
2.14608
2.14578
2.14618
2.14582
2.1456
2.1461
2.1457
2.14584
2.14622
2.14596
2.14606
2.14586
2.1458
2.14624
2.14586
2.14576
2.14586
2.14592
2.1461
2.146
2.14648
2.14642
2.14616
2.1462
2.14612
2.14638
2.1466
2.14616
2.14652
2.14624
2.14656
2.1465
2.14656
2.14632
2.14626
2.14628
2.14632
2.14638
2.14646
2.1466
2.14668
2.14656
2.1469
2.1468
2.1464
2.1464
2.14646
2.14616
2.14684
2.14688
2.14664
2.14658
2.14722
2.14678
2.14666
2.14668
2.14648
2.14668
2.1465
2.14658
2.14652
2.14646
2.14692
2.14656
2.1467
2.14714
2.14618
2.14624
2.14668
2.14624
2.1468
2.14636
2.14658
2.14666
2.14612
2.14664
2.1466
2.14668
2.14622
2.14614
2.14688
2.1465
2.14654
2.14652
2.1468
2.14662
2.1466
2.14626
2.14682
2.14664
2.14642
2.14672
2.14624
2.14652
2.14678
2.14632
2.14664
2.1464
2.14634
2.14636
2.14616
2.1466
2.14668
2.14648
2.14662
2.14658
2.14654
2.14662
2.14646
2.14616
2.14654
2.14654
2.14662
2.14642
2.1469
2.14652
2.1462
2.14682
2.1464
2.14642
2.14674
2.14624
2.14656
2.14622
2.14664
2.1471
2.1465
2.14662
2.1465
2.1463
2.14648
2.1464
2.14674
2.1464
2.1464
2.14644
2.14658
2.1466
2.14634
2.14644
2.14626
2.14604
2.14654
2.14668
2.14646
2.14628
2.1466
2.14602
2.14662
2.14634
2.14648
2.14672
2.14642
2.14662
2.14662
2.1462
2.14672
2.14654
2.14648
2.1465
2.14608
2.1464
2.14642
2.14654
2.14666
2.14648
2.14674
2.1464
2.1466
2.1467
2.14642
2.14624
2.14638
2.1461
2.14642
2.14612
2.14632
2.14656
2.14618
2.1461
2.1463
2.14616
2.14624
2.14614
2.14608
2.14592
2.14606
2.14606
2.14628
2.14596
2.14616
2.14596
2.14606
2.14572
2.14622
2.1462
2.14564
2.14592
2.14572
2.14558
2.14622
2.14576
2.14586
2.1457
2.14546
2.14638
2.14602
2.14558
2.14638
2.14582
2.14562
2.14572
2.1458
2.14568
2.14604
2.14572
2.1457
2.14596
2.14566
2.14566
2.14576
2.14548
2.1455
2.14536
2.14574
2.14542
2.14568
2.14548
2.14572
2.14542
2.14538
2.14554
2.14572
2.14514
2.14538
2.14512
2.14546
2.14564
2.14528
2.14558
2.14544
2.14532
2.14528
2.1452
2.1451
2.14552
2.14518
2.14532
2.14534
2.14538
2.14568
2.14538
2.14536
2.14536
2.14518
2.1449
2.14498
2.14508
2.14522
2.14486
2.1455
2.1451
2.14512
2.14548
2.14498
2.1447
2.1449
2.1451
2.1456
2.14508
2.14514
2.14536
2.14544
2.14522
2.14526
2.14496
2.1455
2.14492
2.14536
2.14524
2.14506
2.14538
2.1453
2.14526
2.14538
2.14518
2.14496
2.1454
2.14542
2.1454
2.14544
2.14528
2.1456
2.14584
2.14548
2.14526
2.1453
2.1452
2.14504
2.1456
2.14542
2.14554
2.14568
2.14562
2.14566
2.14592
2.14528
2.14566
2.1458
2.14536
2.14606
2.14548
2.1459
2.14592
2.14596
2.14598
2.14588
2.1456
2.14596
2.14556
2.14604
2.14598
2.14612
2.14598
2.14582
2.14596
2.14586
2.1457
2.1457
2.14576
2.14576
2.14592
2.14574
2.14616
2.14606
2.14564
2.14614
2.14582
2.14562
2.14604
2.14602
2.14586
2.1461
2.14578
2.1462
2.14578
2.146
2.14574
2.1458
2.1456
2.14548
2.14576
2.14558
2.14562
2.14594
2.14564
2.146
2.1458
2.14552
2.14544
2.14552
2.14594
2.14558
2.14566
2.14604
2.14592
2.14588
2.146
2.14578
2.1459
2.14626
2.14572
2.14594
2.1462
2.14538
2.14614
2.14566
2.14598
2.14616
2.1455
2.14614
2.1458
2.14586
2.14582
2.14562
2.14584
2.14562
2.14584
2.146
2.14574
2.14564
2.14572
2.14598
2.14664
2.146
2.14566
2.14634
2.14586
2.14592
2.14608
2.14602
2.14602
2.14632
2.14596
2.14604
2.14622
2.14636
2.14612
2.14618
2.14624
2.14572
2.14624
2.14574
2.14586
2.1461
2.14592
2.14618
2.14604
2.1457
2.1459
2.14614
2.14554
2.14606
2.14588
2.14654
2.1464
2.1461
2.14662
2.14588
2.14574
2.1461
2.14576
2.14612
2.14606
2.14588
2.14598
2.14586
2.146
2.14618
2.14562
2.14604
2.14566
2.14556
2.14588
2.14598
2.14592
2.1461
2.1458
2.14614
2.146
2.14612
2.14588
2.14572
2.14566
2.14578
2.1461
2.14594
2.14564
2.14626
2.14606
2.1458
2.14604
2.14602
2.14592
2.14598
2.14602
2.14632
2.1459
2.14606
2.14604
2.14608
2.14586
2.14616
2.14568
2.14584
2.14578
2.14612
2.14604
2.14576
2.14586
2.14612
2.1459
2.14624
2.14564
2.14568
2.1459
2.14612
2.14616
2.14578
2.14632
2.14602
2.14582
2.14616
2.14602
2.14552
2.14602
2.14596
2.14588
2.14636
2.14574
2.14614
2.1458
2.1461
2.14626
2.14582
2.14614
2.14614
2.14598
2.14642
2.14588
2.14618
2.14592
2.1461
2.14606
2.14582
2.14548
2.14562
2.1454
2.14606
2.146
2.14568
2.14618
2.14606
2.14584
2.14626
2.14588
2.14594
2.14614
2.14592
2.1459
2.14582
2.14628
2.14626
2.14624
2.14618
2.14566
2.14584
2.14582
2.14572
2.14614
2.14574
2.1456
2.14636
2.1457
2.14608
2.14624
2.14562
2.14578
2.14598
2.14634
2.14602
2.1459
2.1465
2.14602
2.14602
2.1465
2.14628
2.14642
2.14658
2.14612
2.1464
2.14652
2.14594
2.14624
2.14624
2.1463
2.14624
2.14604
2.14646
2.1463
2.1466
2.14648
2.14652
2.14654
2.14666
2.14662
2.14666
2.14658
2.14638
2.1468
2.14698
2.14682
2.14686
2.14684
2.1469
2.14672
2.14698
2.14632
2.14678
2.1464
2.14662
2.14686
2.1471
2.14682
2.147
2.14714
2.14698
2.14686
2.14678
2.14674
2.14702
2.14684
2.14726
2.14682
2.14724
2.147
2.14708
2.14698
2.14684
2.1468
2.14706
2.14708
2.1473
2.14676
2.14682
2.14704
2.1468
2.14692
2.14676
2.14662
2.1472
2.14714
2.1467
2.14704
2.1469
2.14728
2.14682
2.1468
2.14706
2.14658
2.14676
2.14702
2.14694
2.14702
2.14676
2.14684
2.1469
2.14692
2.14688
2.14656
2.1466
2.14672
2.14706
2.14704
2.1468
2.14682
2.14726
2.14676
2.14676
2.14704
2.14664
2.14656
2.14712
2.14676
2.14684
2.14666
2.1469
2.1471
2.14684
2.14692
2.14702
2.14662
2.14682
2.1467
2.14662
2.14724
2.14662
2.14698
2.14706
2.14648
2.147
2.1464
2.14632
2.14664
2.14656
2.1466
2.14664
2.14662
2.14636
2.1465
2.14658
2.14632
2.14676
2.14646
2.14664
2.14664
2.14656
2.14622
2.14668
2.14646
2.14644
2.14648
2.1461
2.14654
2.1462
2.14618
2.14642
2.1463
2.14614
2.14636
2.1464
2.14634
2.1464
2.14578
2.14622
2.14622
2.14622
2.14608
2.1464
2.14642
2.14604
2.14634
2.14638
2.14606
2.14628
2.14604
2.14608
2.14598
2.14606
2.1462
2.14602
2.14644
2.14614
2.14592
2.14634
2.14624
2.14596
2.14616
2.14622
2.14604
2.14632
2.14592
2.14634
2.14596
2.14596
2.14578
2.14608
2.14614
2.1461
2.1463
2.14614
2.14576
2.1461
2.14618
2.14614
2.14632
2.14644
2.14622
2.14662
2.14618
2.14666
2.14618
2.14644
2.14634
2.14592
2.1459
2.14612
2.14614
2.14638
2.14658
2.14618
2.14616
2.14626
2.1461
2.14644
2.14566
2.14556
2.14632
2.1465
2.14616
2.14618
2.14652
2.1465
2.14622
2.14646
2.14598
2.14654
2.14654
2.14606
2.14614
2.14636
2.14612
2.14656
2.14612
2.14642
2.14624
2.14614
2.14628
2.14624
2.14626
2.14654
2.1462
2.14618
2.14676
2.14634
2.14652
2.14626
2.14604
2.14654
2.14642
2.14656
2.1467
2.14688
2.14654
2.14638
2.14682
2.14624
2.14634
2.14654
2.14594
2.14664
2.14636
2.1462
2.14688
2.1461
2.1464
2.14678
2.14614
2.1471
2.1465
2.14656
2.14694
2.14678
2.1466
2.1471
2.1468
2.14686
2.14678
2.14618
2.14642
2.1469
2.14666
2.14626
2.14704
2.14672
2.14654
2.147
2.1467
2.14662
2.14654
2.14648
2.14696
2.14692
2.1467
2.14714
2.14712
2.14668
2.14674
2.14646
2.14672
2.14686
2.14658
2.14698
2.14668
2.1467
2.14688
2.14672
2.14672
2.1467
2.14632
2.14674
2.14738
2.14684
2.14672
2.14712
2.14686
2.1465
2.14684
2.14718
2.1467
2.14716
2.1468
2.14656
2.14702
2.14688
2.14682
2.14744
2.14682
2.14716
2.1467
2.14654
2.14728
2.1468
2.14698
2.14708
2.14692
2.14734
2.1471
2.14694
2.14676
2.14664
2.14684
2.14706
2.14738
2.14698
2.14694
2.14704
2.14714
2.14698
2.1472
2.14672
2.14716
2.14686
2.14662
2.1477
2.14704
2.1468
2.14734
2.1467
2.14698
2.14706
2.14656
2.14726
2.14724
2.14692
2.14702
2.14682
2.14662
2.14732
2.14692
2.1469
2.14656
2.14636
2.14704
2.14742
2.1467
2.14682
2.147
2.14664
2.14654
2.14698
2.1463
2.1468
2.14668
2.14656
2.14678
2.14662
2.14674
2.14664
2.14626
2.14664
2.14682
2.14618
2.14656
2.14664
2.14624
2.14662
2.14662
2.14644
2.1467
2.1464
2.1465
2.14668
2.14604
2.14656
2.14634
2.14664
2.14644
2.14626
2.14646
2.14586
2.14638
2.14654
2.1458
2.14622
2.14598
2.14592
2.1461
2.14606
2.14634
2.14616
2.14602
2.14646
2.14586
2.14626
2.14622
2.14594
2.14622
2.14632
2.14594
2.14616
2.14572
2.14606
2.14592
2.1458
2.1459
2.146
2.14604
2.146
2.1463
2.14604
2.14572
2.14618
2.14574
2.14586
2.14604
2.14612
2.14552
2.14618
2.14598
2.14642
2.14636
2.14608
2.14622
2.14596
2.14572
2.14628
2.14606
2.14584
2.14622
2.14604
2.14602
2.14656
2.14614
2.1463
2.14562
2.1454
2.14606
2.14586
2.14598
2.14598
2.14624
2.14592
2.14578
2.1462
2.14612
2.14594
2.14622
2.14594
2.14586
2.14608
2.14594
2.14648
2.146
2.14618
2.14596
2.14616
2.146
2.1461
2.14592
2.14652
2.14606
2.1458
2.1463
2.1461
2.14592
2.14586
2.14554
2.14618
2.14674
2.14586
2.14618
2.14638
2.14616
2.14602
2.14628
2.14626
2.14608
2.14608
2.14592
2.1461
2.14632
2.14632
2.14622
2.14616
2.14608
2.14624
2.14592
2.14622
2.14638
2.14618
2.1461
2.14624
2.14608
2.14632
2.14638
2.14602
2.14616
2.14564
2.14584
2.14646
2.14592
2.14596
2.14612
2.14594
2.14598
2.14616
2.14612
2.1459
2.14602
2.14608
2.14596
2.14604
2.14608
2.14604
2.14658
2.14616
2.14618
2.14626
2.14582
2.14634
2.14614
2.14594
2.14654
2.14616
2.14568
2.14632
2.14588
2.146
2.14586
2.14594
2.14618
2.14636
2.146
2.14654
2.146
2.14598
2.14608
2.14612
2.14622
2.14634
2.14616
2.14608
2.1463
2.14628
2.14626
2.1465
2.14596
2.14608
2.1461
2.14578
2.14624
2.14624
2.14584
2.14616
2.146
2.14574
2.14602
2.14596
2.14584
2.14592
2.14586
2.14612
2.14636
2.1461
2.14622
2.14666
2.1462
2.14628
2.14652
2.1459
2.1461
2.14628
2.14606
2.14628
2.14626
2.14602
2.14662
2.14616
2.14592
2.14614
2.14582
2.14602
2.1462
2.14612
2.14626
2.14644
2.14602
2.1464
2.1459
2.14598
2.14588
2.14596
2.1461
2.14616
2.14592
2.14616
2.14634
2.14654
2.14582
2.14636
2.14608
2.14578
2.1465
2.14598
2.14594
2.14654
2.14604
2.1463
2.14652
2.1461
2.14634
2.14622
2.14628
2.14648
2.14584
2.14612
2.14604
2.14632
2.14622
2.14632
2.1462
2.14618
2.14582
2.1463
2.14654
2.14654
2.14616
2.14654
2.14666
2.14628
2.14644
2.14666
2.14618
2.14656
2.14652
2.14642
2.1465
2.14654
2.14622
2.14698
2.14642
2.14652
2.14608
2.14602
2.14654
2.14662
2.14666
2.14656
2.14672
2.14642
2.1464
2.14666
2.1464
2.1461
2.14652
2.14688
2.14666
2.14674
2.14658
2.14656
2.14626
2.14672
2.14642
2.1462
2.14644
2.14648
2.14628
2.14658
2.14658
2.14666
2.14654
2.14668
2.14652
2.1465
2.1463
2.14632
2.14668
2.14644
2.14618
2.14638
2.1467
2.14652
2.14636
2.14628
2.14574
2.14568
2.14634
2.14648
2.14616
2.1465
2.14646
2.14646
2.14592
2.14654
2.14616
2.14628
2.14652
2.14616
2.14616
2.14656
2.14602
2.1465
2.14656
2.1461
2.14622
2.14618
2.14594
2.14602
2.1465
2.1462
2.14602
2.14586
2.14632
2.14618
2.14606
2.14574
2.14548
2.14618
2.1461
2.1463
2.1463
2.1463
2.14606
2.14608
2.14642
2.1461
2.14598
2.1463
2.146
2.14606
2.14616
2.14608
2.14596
2.14642
2.14598
2.14604
2.14594
2.14586
2.146
2.14602
2.14604
2.14626
2.14564
2.14618
2.14588
2.14596
2.14588
2.14558
2.14564
2.14608
2.14564
2.1459
2.14606
2.1459
2.1456
2.14586
2.14592
2.1457
2.14572
2.14568
2.14574
2.14572
2.14542
2.14592
2.1458
2.14522
2.1456
2.1456
2.14504
2.14586
2.14532
2.14558
2.14548
2.1456
2.14532
2.14544
2.14564
2.14538
2.1451
2.1455
2.1457
2.14552
2.14556
2.1457
2.14594
2.1455
2.1452
2.1456
2.14502
2.14506
2.14524
2.14498
2.14516
2.14524
2.14484
2.14524
2.145
2.14502
2.14514
2.14488
2.1451
2.1453
2.14486
2.14522
2.145
2.14474
2.1454
2.14502
2.14476
2.14494
2.14466
2.1453
2.14492
2.14492
2.14468
2.14494
2.14496
2.14458
2.1451
2.14468
2.1449
2.1452
2.14462
2.1448
2.145
2.14458
2.14464
2.14498
2.1444
2.1448
2.14468
2.1444
2.14474
2.14452
2.14466
2.14502
2.14476
2.14482
2.14472
2.14464
2.14432
2.14466
2.14508
2.14498
2.1445
2.14504
2.145
2.14512
2.14508
2.14514
2.14488
2.1447
2.14504
2.14474
2.14474
2.14506
2.14488
2.14488
2.14498
2.1449
2.1446
2.14496
2.14482
2.145
2.14514
2.14494
2.14512
2.14522
2.14508
2.14524
2.14482
2.1448
2.14508
2.14492
2.14518
2.1451
2.14494
2.1453
2.1453
2.14532
2.14506
2.14516
2.14502
2.14514
2.14568
2.14496
2.1453
2.14546
2.14498
2.14528
2.14524
2.14544
2.14554
2.14522
2.14508
2.14554
2.1457
2.1452
2.1454
2.14564
2.14572
2.14552
2.14506
2.14518
2.14502
2.14544
2.1456
2.1455
2.14578
2.14542
2.1454
2.14524
2.1458
2.14538
2.14552
2.14556
2.14542
2.14544
2.1457
2.14554
2.1457
2.14592
2.14562
2.14554
2.1457
2.14554
2.14574
2.14558
2.1456
2.14576
2.1454
2.1456
2.14558
2.14562
2.14528
2.14512
2.14596
2.14572
2.14544
2.14582
2.14534
2.14592
2.14564
2.14576
2.14582
2.14568
2.14584
2.14612
2.14552
2.14608
2.14592
2.14578
2.14612
2.14588
2.14564
2.1456
2.14534
2.14576
2.14592
2.14584
2.1459
2.1458
2.14624
2.14608
2.14592
2.1458
2.14554
2.14628
2.14614
2.14578
2.14616
2.14606
2.14598
2.14608
2.14574
2.14602
2.14606
2.14586
2.14594
2.14582
2.14592
2.1461
2.1459
2.14612
2.146
2.14602
2.1458
2.14584
2.14584
2.14624
2.14594
2.1463
2.14614
2.14608
2.14578
2.1459
2.14588
2.14542
2.14598
2.14622
2.14576
2.14602
2.14616
2.14616
2.14588
2.146
2.14608
2.14606
2.14596
2.14612
2.14592
2.14572
2.1464
2.14596
2.1458
2.14606
2.1458
2.146
2.146
2.146
2.14606
2.1464
2.14588
2.1462
2.14608
2.14596
2.14592
2.14592
2.14578
2.14584
2.14618
2.14628
2.14608
2.14638
2.14594
2.14608
2.14578
2.1461
2.1459
2.146
2.14614
2.14582
2.14598
2.14634
2.1463
2.14646
2.14644
2.14642
2.14598
2.1461
2.1461
2.14638
2.14638
2.14584
2.14634
2.1462
2.1462
2.14602
2.14598
2.14594
2.14572
2.14642
2.1462
2.14632
2.14612
2.14636
2.14638
2.14626
2.14656
2.14622
2.14628
2.14642
2.1463
2.14624
2.14664
2.14656
2.14666
2.14666
2.14628
2.14654
2.14628
2.14632
2.14652
2.14638
2.1466
2.14658
2.14654
2.1466
2.1467
2.1467
2.14644
2.14622
2.14674
2.14668
2.14638
2.14744
2.1465
2.14704
2.14652
2.14678
2.14668
2.14642
2.14692
2.1466
2.14646
2.14672
2.14686
2.14684
2.14684
2.1468
2.14654
2.14684
2.14666
2.14672
2.14636
2.14662
2.14708
2.1465
2.14672
2.14664
2.14646
2.14678
2.1463
2.14654
2.14698
2.14648
2.14696
2.14688
2.14676
2.14682
2.1464
2.147
2.14662
2.14686
2.147
2.14654
2.14666
2.14658
2.14642
2.14666
2.14686
2.1464
2.14684
2.1466
2.14624
2.14704
2.14648
2.14678
2.14672
2.1469
2.1465
2.1468
2.14658
2.14626
2.14652
2.14684
2.1468
2.147
2.1472
2.14674
2.14684
2.14686
2.14628
2.1468
2.14624
2.14678
2.14654
2.14664
2.14662
2.1464
2.14626
2.147
2.14662
2.1465
2.14636
2.14602
2.14656
2.14652
2.1465
2.1466
2.14632
2.14668
2.1467
2.14636
2.14606
2.1464
2.14656
2.14674
2.14638
2.1466
2.14646
2.14674
2.14672
2.14626
2.14672
2.1463
2.14646
2.14674
2.14622
2.14692
2.14662
2.14664
2.1467
2.14604
2.1462
2.14656
2.14622
2.14676
2.1465
2.14674
2.14642
2.14678
2.14664
2.14628
2.14638
2.14626
2.14632
2.14678
2.14632
2.14622
2.14672
2.1466
2.14642
2.14672
2.14642
2.14644
2.1464
2.14634
2.14652
2.14618
2.14626
2.14674
2.14616
2.14658
2.14656
2.14634
2.14606
2.1466
2.1463
2.14634
2.14626
2.14638
2.14628
2.14642
2.1466
2.14618
2.14662
2.14624
2.14652
2.14682
2.14634
2.14646
2.1469
2.14642
2.14638
2.14648
2.14648
2.14636
2.14632
2.14626
2.1463
2.14614
2.14636
2.14646
2.14662
2.14646
2.1461
2.14628
2.14614
2.146
2.14634
2.1464
2.14654
2.1464
2.14648
2.14666
2.14658
2.14654
2.14618
2.14642
2.1469
2.14622
2.1462
2.1467
2.14656
2.14656
2.14678
2.14634
2.14626
2.14672
2.1463
2.14644
2.14618
2.14618
2.14612
2.14632
2.14662
2.14624
2.14592
2.14612
2.14612
2.14616
2.14586
2.14638
2.1463
2.14632
2.1462
2.1462
2.14612
2.14604
2.14582
2.14606
2.14634
2.14602
2.14612
2.14636
2.14604
2.14624
2.14596
2.14628
2.14606
2.14604
2.14598
2.1458
2.14604
2.14564
2.14596
2.14616
2.1458
2.14582
2.14592
2.14566
2.14592
2.14604
2.14572
2.14628
2.14584
2.14602
2.14602
2.14588
2.14586
2.14556
2.1458
2.14624
2.14578
2.1461
2.14624
2.14582
2.14582
2.14578
2.14574
2.14616
2.14582
2.14592
2.14564
2.14588
2.146
2.14556
2.14574
2.14564
2.14574
2.1456
2.1455
2.14592
2.14574
2.14554
2.14592
2.14592
2.14578
2.14618
2.14586
2.14556
2.1455
2.1457
2.1464
2.14578
2.14594
2.14598
2.1459
2.146
2.1458
2.1458
2.14592
2.14568
2.14612
2.14562
2.14538
2.14572
2.14574
2.14592
2.14606
2.14544
2.14604
2.1458
2.14556
2.14594
2.14574
2.14614
2.14594
2.14622
2.14618
2.14606
2.14606
2.14588
2.14578
2.14634
2.14604
2.14586
2.1462
2.14586
2.14618
2.14592
2.14572
2.14606
2.14586
2.14626
2.1458
2.14594
2.14614
2.14616
2.14602
2.14648
2.1459
2.14592
2.14606
2.14572
2.14662
2.14632
2.14604
2.14668
2.14588
2.14648
2.14636
2.14622
2.14588
2.14612
2.1466
2.1465
2.14604
2.1463
2.14616
2.14614
2.14632
2.14614
2.14648
2.14658
2.14604
2.14652
2.14616
2.14628
2.14624
2.14636
2.14646
2.14648
2.14586
2.14652
2.1462
2.1466
2.14646
2.1467
2.1467
2.14652
2.14654
2.14664
2.1461
2.14614
2.1462
2.1467
2.14696
2.14608
2.1469
2.14676
2.14626
2.14648
2.14612
2.14616
2.14658
2.1463
2.14618
2.14662
2.14648
2.14676
2.1464
2.14644
2.14688
2.14624
2.14656
2.14666
2.14618
2.14676
2.14646
2.14658
2.1466
2.1465
2.14694
2.14662
2.14636
2.14634
2.1462
2.1468
2.14646
2.14648
2.14692
2.14656
2.14632
2.14688
2.14632
2.14692
2.14678
2.14664
2.147
2.14658
2.14706
2.14678
2.1465
2.14692
2.14654
2.14668
2.14654
2.14668
2.147
2.14694
2.14684
2.14684
2.1467
2.14676
2.14656
2.1466
2.14656
2.14638
2.14692
2.14678
2.14652
2.1472
2.14662
2.14676
2.1471
2.14658
2.14644
2.14704
2.14672
2.14682
2.14654
2.14688
2.14664
2.1465
2.14674
2.14662
2.14628
2.14626
2.14642
2.14648
2.14636
2.14666
2.1463
2.14654
2.14682
2.1464
2.14664
2.14666
2.14626
2.1466
2.1469
2.14644
2.14654
2.14686
2.1465
2.14628
2.14652
2.1462
2.14654
2.14668
2.14642
2.14658
2.1464
2.14676
2.1468
2.14652
2.14658
2.14628
2.14622
2.14658
2.14652
2.14678
2.14654
2.14674
2.14676
2.14652
2.14656
2.14614
2.14614
2.14642
2.14614
2.14648
2.14614
2.14628
2.14658
2.14648
2.14602
2.14648
2.14594
2.1463
2.14648
2.1459
2.14618
2.14634
2.14632
2.14664
2.14654
2.14648
2.14604
2.14666
2.14642
2.14654
2.14632
2.14624
2.1466
2.1465
2.14634
2.14664
2.14616
2.14618
2.14622
2.14636
2.14656
2.14636
2.14648
2.14664
2.14648
2.14644
2.14618
2.14652
2.14642
2.14632
2.14668
2.1466
2.1465
2.14684
2.1463
2.14682
2.14638
2.1463
2.14632
2.14626
2.14624
2.14662
2.1463
2.1464
2.14668
2.14626
2.14654
2.1465
2.1464
2.14634
2.14638
2.14656
2.14638
2.14636
2.14658
2.14662
2.14636
2.14628
2.14664
2.14646
2.14636
2.1465
2.1466
2.14678
2.14674
2.14654
2.14642
2.14712
2.14676
2.14646
2.14676
2.14672
2.14694
2.14678
2.1467
2.147
2.14644
2.1467
2.14644
2.14678
2.1462
2.14612
2.14692
2.14676
2.1464
2.14702
2.14662
2.14698
2.14662
2.14652
2.14674
2.1465
2.14658
2.14686
2.14674
2.14696
2.1468
2.14712
2.14694
2.14666
2.1468
2.14698
2.14624
2.14686
2.14716
2.14658
2.14704
2.14704
2.14678
2.1471
2.1466
2.14674
2.14676
2.14706
2.14734
2.14678
2.14714
2.14732
2.14652
2.14716
2.14708
2.14678
2.14706
2.1471
2.14702
2.14712
2.14698
2.14774
2.14714
2.14716
2.14746
2.14692
2.14718
2.14716
2.14708
2.1475
2.14698
2.14746
2.14714
2.1471
2.14758
2.1473
2.14694
2.1474
2.14708
2.14768
2.14716
2.14748
2.1475
2.14728
2.14768
2.14764
2.14722
2.14724
2.14708
2.1474
2.1476
2.14712
2.14788
2.1474
2.147
2.1477
2.1468
2.14732
2.1474
2.14706
2.14748
2.1477
2.14718
2.14792
2.14704
2.14772
2.14748
2.14706
2.1474
2.1471
2.14772
2.1474
2.1471
2.14764
2.14754
2.14754
2.14776
2.1474
2.14752
2.14768
2.14712
2.14738
2.14734
2.14738
2.14746
2.14754
2.1478
2.1475
2.14708
2.14746
2.14746
2.14782
2.14734
2.14726
2.1477
2.14722
2.14746
2.148
2.1473
2.1473
2.1474
2.14746
2.14788
2.1471
2.14762
2.14776
2.14722
2.14784
2.14716
2.14724
2.14756
2.14734
2.14738
2.1478
2.14742
2.14762
2.14728
2.1475
2.1475
2.1473
2.1477
2.14778
2.14726
2.14802
2.14752
2.14786
2.14748
2.14734
2.14762
2.14746
2.14726
2.14754
2.14702
2.14774
2.14722
2.14724
2.148
2.14704
2.14724
2.14776
2.14692
2.14776
2.14726
2.147
2.1475
2.1471
2.14778
2.1478
2.14716
2.14776
2.14698
2.14724
2.1477
2.14718
2.14774
2.14718
2.14694
2.14762
2.14712
2.14712
2.14784
2.14686
2.1473
2.14708
2.14708
2.14728
2.14676
2.14742
2.1474
2.14728
2.147
2.1473
2.14692
2.14736
2.14722
2.14728
2.14686
2.14698
2.14716
2.14672
2.14716
2.14712
2.1467
2.14708
2.14662
2.14732
2.147
2.14684
2.14694
2.1466
2.14682
2.14698
2.14666
2.1468
2.14706
2.14684
2.14718
2.14696
2.14704
2.1472
2.14676
2.14716
2.14684
2.14708
2.14722
2.1469
2.14682
2.14684
2.14668
2.147
2.14664
2.14694
2.1469
2.14626
2.14706
2.14694
2.14682
2.14726
2.14666
2.1468
2.14698
2.14682
2.14704
2.14722
2.14664
2.14686
2.14668
2.14718
2.14674
2.14698
2.1472
2.1469
2.14674
2.14688
2.14676
2.14686
2.1466
2.14684
2.1467
2.14692
2.14716
2.14694
2.14714
2.14706
2.14652
2.14672
2.14692
2.1466
2.14688
2.147
2.147
2.14736
2.14704
2.14712
2.14696
2.14638
2.14664
2.1469
2.14696
2.1469
2.14688
2.14694
2.14664
2.14684
2.14662
2.14658
2.1467
2.14634
2.1467
2.14688
2.1466
2.14698
2.14654
2.14694
2.14706
2.14662
2.14666
2.14702
2.1464
2.147
2.14678
2.14648
2.14686
2.14674
2.14674
2.14688
2.14638
2.1463
2.1463
2.14658
2.14666
2.14662
2.14638
2.14686
2.14666
2.14658
2.14648
2.1465
2.14636
2.1465
2.14636
2.14646
2.14666
2.14662
2.14664
2.14654
2.1465
2.14626
2.14644
2.14648
2.14646
2.14658
2.14624
2.14632
2.14662
2.14608
2.1463
2.1463
2.14576
2.14638
2.14636
2.146
2.14612
2.14642
2.14606
2.14636
2.14644
2.14608
2.14656
2.14658
2.14632
2.14656
2.14586
2.14662
2.14616
2.14604
2.14642
2.146
2.14592
2.14608
2.1461
2.14586
2.14592
2.14594
2.14598
2.14608
2.14612
2.14618
2.14576
2.14566
2.14582
2.14628
2.14594
2.14598
2.1459
2.1461
2.14612
2.14616
2.14608
2.1461
2.14622
2.14574
2.14608
2.1461
2.14574
2.1461
2.14608
2.14588
2.14582
2.14574
2.146
2.14598
2.1457
2.14614
2.14578
2.14614
2.14596
2.146
2.14612
2.14612
2.14574
2.14586
2.14616
2.14622
2.14588
2.14646
2.1461
2.14558
2.1458
2.14608
2.1457
2.14626
2.14596
2.14584
2.14608
2.14592
2.1461
2.14652
2.146
2.1464
2.1457
2.14582
2.1462
2.14608
2.14588
2.1461
2.1459
2.14602
2.14588
2.14624
2.14594
2.14596
2.146
2.14582
2.14654
2.14606
2.14602
2.14644
2.14594
2.146
2.14614
2.14578
2.14628
2.1463
2.14584
2.14616
2.14578
2.14606
2.14606
2.14594
2.14612
2.1459
2.14552
2.146
2.14578
2.14576
2.14622
2.146
2.146
2.14634
2.14576
2.14622
2.14612
2.14566
2.14582
2.1465
2.14628
2.14628
2.14648
2.14674
2.14586
2.1466
2.1461
2.14598
2.146
2.14558
2.14582
2.146
2.14558
2.14638
2.1459
2.14602
2.14642
2.1455
2.14578
2.1461
2.14568
2.14612
2.1458
2.14618
2.14584
2.14564
2.14622
2.14596
2.14572
2.146
2.14586
2.14628
2.14564
2.14608
2.14608
2.14608
2.14596
2.14578
2.14556
2.14582
2.1456
2.14564
2.14594
2.14558
2.14564
2.14578
2.14564
2.14602
2.1455
2.14542
2.1457
2.14528
2.14562
2.14562
2.14562
2.14612
2.1457
2.14558
2.14574
2.14536
2.14576
2.14598
2.1455
2.14566
2.14564
2.14618
2.14558
2.14564
2.14596
2.14518
2.14558
2.14538
2.145
2.14566
2.14518
2.14532
2.1456
2.14498
2.14554
2.14526
2.14482
2.14574
2.14572
2.14558
2.14574
2.14552
2.14558
2.14588
2.14562
2.14582
2.14534
2.1453
2.14544
2.14574
2.14558
2.1456
2.14566
2.14566
2.1455
2.146
2.14508
2.14542
2.14572
2.14544
2.14558
2.14564
2.14552
2.14602
2.14592
2.14562
2.14582
2.14552
2.14592
2.14564
2.1457
2.14608
2.14594
2.14582
2.14594
2.14578
2.14594
2.14582
2.14552
2.14586
2.14594
2.14604
2.14564
2.14618
2.14572
2.1457
2.14618
2.14566
2.14604
2.14626
2.14576
2.14602
2.14608
2.14584
2.14632
2.14616
2.14584
2.14636
2.14566
2.14606
2.14642
2.14588
2.14606
2.14638
2.14586
2.1464
2.14632
2.14624
2.1464
2.14558
2.14596
2.14648
2.1464
2.14624
2.14628
2.1465
2.14622
2.14626
2.14622
2.14576
2.14618
2.1462
2.14598
2.14634
2.14638
2.14628
2.14648
2.14624
2.14628
2.1467
2.14604
2.14618
2.14624
2.14626
2.1465
2.14644
2.14634
2.14648
2.14596
2.1465
2.14626
2.14604
2.14628
2.1463
2.14628
2.1465
2.14656
2.1462
2.14642
2.14644
2.14584
2.14662
2.14648
2.14596
2.14634
2.1462
2.1464
2.14654
2.14624
2.14622
2.1462
2.14604
2.14618
2.146
2.14642
2.14608
2.1462
2.14646
2.14626
2.14636
2.14612
2.1462
2.14582
2.14596
2.14632
2.146
2.14626
2.14628
2.14604
2.14602
2.1461
2.14586
2.14586
2.1463
2.14564
2.1463
2.14578
2.14572
2.1466
2.14608
2.14616
2.14636
2.14582
2.1457
2.1462
2.14612
2.14592
2.14614
2.14582
2.14624
2.14576
2.1464
2.14592
2.14562
2.14588
2.1461
2.14564
2.14608
2.14646
2.14598
2.14572
2.14614
2.14602
2.14572
2.14588
2.14606
2.14584
2.14618
2.14612
2.14582
2.146
2.1461
2.14618
2.14574
2.14598
2.14608
2.14562
2.14602
2.14614
2.14568
2.14618
2.1461
2.14612
2.14608
2.14536
2.1453
2.14598
2.14628
2.14576
2.14592
2.14618
2.14594
2.14592
2.1461
2.1456
2.14626
2.14606
2.14594
2.14634
2.1458
2.1461
2.1465
2.14596
2.14608
2.1459
2.1454
2.14602
2.146
2.14582
2.14608
2.14586
2.1462
2.14612
2.14584
2.1458
2.1454
2.14534
2.1457
2.14592
2.14558
2.14582
2.14644
2.14554
2.14566
2.14592
2.14552
2.14582
2.14602
2.14532
2.14626
2.14596
2.146
2.14612
2.14614
2.14592
2.14582
2.14536
2.14594
2.1456
2.14544
2.14586
2.1457
2.1458
2.14612
2.14574
2.14584
2.1456
2.14534
2.14588
2.14568
2.14592
2.14592
2.14582
2.14616
2.14556
2.1458
2.14554
2.14558
2.14588
2.1457
2.14546
2.14612
2.14548
2.1463
2.14584
2.1455
2.1458
2.14564
2.14546
2.14592
2.14568
2.14618
2.14606
2.14596
2.14598
2.14582
2.14606
2.14576
2.14578
2.14596
2.1459
2.14604
2.14598
2.14616
2.14614
2.14574
2.14614
2.14648
2.14568
2.14666
2.14612
2.14572
2.14622
2.14596
2.1463
2.14626
2.14594
2.14642
2.14574
2.14572
2.14646
2.14622
2.14606
2.14642
2.146
2.14632
2.14656
2.14634
2.14626
2.146
2.14608
2.14652
2.14662
2.14626
2.14628
2.1467
2.1461
2.14646
2.14632
2.14574
2.1463
2.14664
2.14614
2.14644
2.14632
2.146
2.14658
2.14642
2.14622
2.1463
2.14612
2.1458
2.14574
2.14664
2.14634
2.14658
2.14646
2.14616
2.14648
2.14658
2.14606
2.14644
2.1464
2.14634
2.14604
2.14624
2.14686
2.14628
2.14598
2.14658
2.14644
2.14632
2.1464
2.14604
2.14614
2.14646
2.14612
2.1465
2.14598
2.14614
2.14608
2.14612
2.14654
2.14626
2.14608
2.14652
2.14656
2.14618
2.1464
2.14622
2.14622
2.14632
2.1458
2.14636
2.14648
2.14662
2.14618
2.14664
2.14666
2.14638
2.14624
2.14644
2.14568
2.1461
2.14618
2.1461
2.14604
2.14606
2.14602
2.14638
2.14618
2.14606
2.14572
2.1458
2.14612
2.14614
2.1461
2.14616
2.14612
2.14628
2.14608
2.1463
2.14586
2.1457
2.14606
2.14628
2.1461
2.14628
2.1462
2.14586
2.14594
2.14596
2.14586
2.14614
2.146
2.14612
2.14564
2.14612
2.14594
2.14574
2.14592
2.14568
2.14586
2.14606
2.14568
2.14584
2.1458
2.146
2.14604
2.14604
2.1461
2.14612
2.1459
2.14586
2.1454
2.14582
2.14584
2.146
2.14594
2.14588
2.14618
2.14584
2.1455
2.14636
2.14574
2.14576
2.146
2.14576
2.1458
2.1457
2.1459
2.14618
2.14582
2.14576
2.14562
2.14546
2.14562
2.14596
2.14534
2.14582
2.14568
2.14602
2.14596
2.14556
2.14568
2.14562
2.14536
2.14592
2.14578
2.1459
2.14588
2.14604
2.14588
2.14548
2.14616
2.14522
2.14538
2.14598
2.14544
2.14556
2.14594
2.14538
2.14566
2.1458
2.14564
2.1458
2.14498
2.14548
2.14568
2.14546
2.1458
2.14542
2.14548
2.14564
2.14564
2.14534
2.14594
