2.147
2.1494
2.1518
2.1478
2.1474
2.1518
2.1486
2.1478
2.1486
2.147
2.149
2.147
2.1466
2.1466
2.1514
2.1514
2.1474
2.1502
2.1502
2.1486
2.1498
2.145
2.149
2.1482
2.1454
2.149
2.1494
2.1498
2.1462
2.1486
2.1486
2.145
2.1506
2.1482
2.1502
2.1486
2.151
2.1482
2.1474
2.1462
2.1518
2.1494
2.1506
2.1506
2.1526
2.1494
2.1518
2.151
2.1502
2.1494
2.1506
2.151
2.1522
2.1518
2.1494
2.1466
2.149
2.1466
2.1498
2.1462
2.1474
2.1466
2.1486
2.1498
2.1458
2.151
2.1482
2.1498
2.147
2.1494
2.1486
2.1482
2.1478
2.1458
2.1498
2.1498
2.1502
2.1478
2.1498
2.153
2.1446
2.149
2.1506
2.1454
2.1494
2.1522
2.1514
2.1478
2.1474
2.1478
2.153
2.149
2.151
2.1522
2.1502
2.1494
2.1494
2.1458
2.149
2.149
2.1482
2.1482
2.1506
2.147
2.1438
2.1478
2.1494
2.1502
2.1478
2.1494
2.149
2.1506
2.1506
2.1478
2.1506
2.1478
2.1498
2.149
2.1506
2.1494
2.1498
2.1486
2.1518
2.1506
2.1502
2.1494
2.1514
2.149
2.1454
2.1474
2.149
2.151
2.1522
2.1522
2.1518
2.1502
2.1494
2.1474
2.1506
2.1514
2.1494
2.1494
2.1486
2.1498
2.1486
2.1486
2.1502
2.1442
2.1506
2.1454
2.1506
2.149
2.1458
2.1522
2.1498
2.1502
2.1478
2.1478
2.1514
2.1478
2.1498
2.145
2.1478
2.147
2.147
2.147
2.1506
2.149
2.149
2.149
2.1478
2.1474
2.1502
2.151
2.1538
2.1474
2.153
2.1466
2.1478
2.1486
2.1498
2.1478
2.1514
2.1482
2.1482
2.147
2.1494
2.1466
2.1506
2.1486
2.1506
2.1534
2.1474
2.1474
2.1514
2.1482
2.1518
2.1482
2.151
2.1486
2.1494
2.1482
2.1514
2.1486
2.1502
2.1478
2.1462
2.1498
2.1478
2.1458
2.1506
2.1466
2.1434
2.147
2.1466
2.1486
2.1474
2.147
2.1486
2.1478
2.1514
2.1498
2.1502
2.151
2.1502
2.149
2.1494
2.145
2.1462
2.1466
2.1494
2.1482
2.149
2.1486
2.147
2.1454
2.1482
2.1458
2.1494
2.149
2.151
2.1466
2.151
2.151
2.1498
2.1518
2.149
2.1458
2.1506
2.1486
2.151
2.147
2.1482
2.1482
2.1462
2.1462
2.1466
2.1454
2.1494
2.1482
2.1474
2.145
2.1494
2.147
2.145
2.145
2.1474
2.1482
2.1454
2.1446
2.1538
2.147
2.1454
2.1502
2.1486
2.1498
2.151
2.1462
2.149
2.1502
2.1506
2.1466
2.1478
2.1478
2.1482
2.1474
2.1506
2.1506
2.1458
2.1466
2.145
2.143
2.147
2.147
2.1498
2.1466
2.147
2.1466
2.1498
2.149
2.1494
2.149
2.1506
2.149
2.1474
2.1478
2.1486
2.1474
2.147
2.1446
2.1462
2.1498
2.1458
2.1482
2.1506
2.1482
2.1474
2.1502
2.1466
2.1498
2.1498
2.1486
2.1494
2.1502
2.149
2.149
2.1502
2.1486
2.1482
2.1494
2.1494
2.1482
2.1482
2.1498
2.1502
2.1498
2.1518
2.145
2.1494
2.1462
2.1478
2.1518
2.1502
2.1506
2.1514
2.1474
2.1486
2.1502
2.1494
2.1458
2.151
2.1478
2.1494
2.1466
2.149
2.1486
2.1494
2.1474
2.1522
2.1506
2.1482
2.1478
2.1474
2.1466
2.1518
2.149
2.1498
2.1486
2.1466
2.1458
2.1514
2.1486
2.1518
2.1466
2.1494
2.1502
2.1498
2.1478
2.1486
2.1486
2.1498
2.1474
2.149
2.1486
2.1506
2.1462
2.1514
2.153
2.1498
2.1486
2.1482
2.1474
2.1458
2.147
2.1494
2.1482
2.1458
2.149
2.1498
2.1486
2.149
2.1506
2.149
2.153
2.1474
2.1486
2.1502
2.1482
2.1486
2.1502
2.1506
2.1494
2.1514
2.1482
2.153
2.1474
2.1494
2.1506
2.1482
2.1502
2.151
2.1474
2.1498
2.1494
2.1478
2.1518
2.1474
2.1486
2.1478
2.151
2.149
2.1506
2.1514
2.147
2.1498
2.1478
2.149
2.1506
2.1522
2.151
2.1514
2.151
2.1522
2.1494
2.1478
2.1482
2.157
2.149
2.1538
2.1486
2.149
2.1498
2.151
2.1486
2.1526
2.1494
2.1486
2.1506
2.153
2.1506
2.151
2.151
2.1518
2.1522
2.1474
2.1478
2.147
2.1486
2.1466
2.1462
2.1502
2.1454
2.1478
2.149
2.1498
2.1478
2.149
2.147
2.1478
2.149
2.1494
2.1458
2.1522
2.1462
2.1498
2.1482
2.1478
2.147
2.1486
2.149
2.1534
2.1494
2.1522
2.1502
2.1518
2.1478
2.1474
2.1482
2.1494
2.145
2.1478
2.1474
2.1502
2.1462
2.1458
2.1466
2.1462
2.1494
2.147
2.1482
2.1486
2.1474
2.1498
2.1462
2.1482
2.1462
2.1494
2.1498
2.1506
2.1466
2.1498
2.145
2.149
2.1446
2.1458
2.1462
2.1486
2.1462
2.1438
2.1466
2.1498
2.1458
2.1498
2.1482
2.1494
2.147
2.1478
2.147
2.1466
2.1458
2.1494
2.1462
2.1498
2.1486
2.1482
2.1482
2.1506
2.1446
2.1486
2.147
2.149
2.149
2.1486
2.1494
2.1482
2.1502
2.149
2.1458
2.1466
2.1466
2.151
2.1474
2.1474
2.1458
2.1462
2.1446
2.147
2.147
2.1462
2.1474
2.1486
2.1466
2.145
2.1482
2.1486
2.147
2.149
2.1454
2.149
2.145
2.1482
2.1482
2.1474
2.1494
2.1438
2.147
2.1462
2.1458
2.149
2.1474
2.149
2.145
2.1482
2.1462
2.1494
2.1478
2.147
2.1462
2.149
2.1474
2.1462
2.1474
2.1506
2.1462
2.1514
2.147
2.1454
2.1454
2.149
2.145
2.1506
2.1494
2.1478
2.147
2.147
2.1462
2.1478
2.1478
2.1466
2.1474
2.1518
2.1474
2.1478
2.1466
2.1482
2.1486
2.1498
2.1446
2.1506
2.1486
2.1474
2.147
2.1494
2.1506
2.1502
2.1482
2.147
2.1486
2.1458
2.147
2.145
2.1462
2.1538
2.1454
2.1518
2.1434
2.151
2.1462
2.1474
2.1454
2.1482
2.1482
2.1534
2.1454
2.1514
2.1478
2.1498
2.1466
2.1486
2.1466
2.1458
2.1474
2.1482
2.1494
2.1474
2.1446
2.1486
2.1478
2.149
2.1446
2.149
2.1446
2.149
2.1494
2.1486
2.1502
2.1522
2.1478
2.1494
2.1478
2.1538
2.1478
2.1486
2.1478
2.1518
2.1502
2.149
2.1478
2.1474
2.147
2.1518
2.1466
2.1502
2.1454
2.149
2.1482
2.1506
2.1454
2.1458
2.1506
2.1462
2.1498
2.1486
2.1462
2.149
2.1466
2.1494
2.1514
2.1482
2.1474
2.1474
2.1498
2.1482
2.1478
2.1482
2.1462
2.1458
2.1494
2.1518
2.1466
2.1518
2.1478
2.1494
2.1518
2.1514
2.1478
2.1494
2.1482
2.1518
2.1506
2.1502
2.1482
2.147
2.1466
2.149
2.1474
2.1478
2.1478
2.149
2.1506
2.1474
2.145
2.1502
2.1458
2.1478
2.1502
2.1494
2.151
2.149
2.1474
2.1494
2.1502
2.1474
2.1486
2.1506
2.1482
2.1482
2.1502
2.1466
2.1486
2.149
2.1486
2.1506
2.151
2.149
2.151
2.149
2.1506
2.151
2.147
2.1538
2.147
2.1478
2.1486
2.153
2.1466
2.1486
2.1494
2.1514
2.1482
2.151
2.1494
2.1486
2.1514
2.1498
2.147
2.147
2.1506
2.1518
2.149
2.1506
2.149
2.149
2.147
2.1494
2.149
2.1502
2.1502
2.1506
2.1486
2.1498
2.1494
2.1562
2.1494
2.1526
2.1478
2.153
2.1478
2.1494
2.1498
2.1502
2.151
2.1538
2.1506
2.1478
2.147
2.1478
2.1486
2.1534
2.1518
2.1542
2.1486
2.1478
2.1518
2.1494
2.1474
2.151
2.1482
2.1502
2.1522
2.1518
2.149
2.1486
2.1514
2.1526
2.151
2.1482
2.1486
2.1498
2.1498
2.149
2.1502
2.151
2.1514
2.1494
2.147
2.1522
2.149
2.1482
2.147
2.1494
2.1498
2.153
2.1478
2.1498
2.1506
2.151
2.1506
2.1558
2.151
2.1522
2.149
2.147
2.1522
2.1494
2.1494
2.1538
2.149
2.1522
2.151
2.1506
2.1538
2.147
2.1482
2.1546
2.1514
2.1518
2.1498
2.1534
2.1506
2.1502
2.1522
2.1506
2.1542
2.153
2.1482
2.1518
2.1502
2.1542
2.153
2.1494
2.1518
2.1502
2.1482
2.1514
2.1474
2.151
2.1486
2.1478
2.1514
2.1506
2.1506
2.1486
2.151
2.151
2.1474
2.1514
2.1482
2.1462
2.1466
2.149
2.1542
2.1478
2.1482
2.151
2.1466
2.1514
2.1486
2.1514
2.1458
2.1518
2.147
2.1546
2.1514
2.1526
2.1502
2.1514
2.149
2.1506
2.1474
2.1486
2.149
2.1502
2.1502
2.153
2.1498
2.149
2.1502
2.1522
2.1474
2.1506
2.1502
2.1506
2.1498
2.147
2.1514
2.1538
2.1494
2.153
2.1438
2.1498
2.1502
2.149
2.1506
2.1514
2.1486
2.1494
2.1494
2.1498
2.1494
2.1514
2.1478
2.1506
2.1482
2.1506
2.147
2.1506
2.149
2.1474
2.1474
2.1486
2.1478
2.1478
2.1486
2.151
2.149
2.1462
2.1474
2.1482
2.1526
2.1498
2.1494
2.151
2.1494
2.1482
2.1466
2.1486
2.1462
2.1478
2.1454
2.1502
2.1466
2.1486
2.1478
2.1482
2.1498
2.149
2.149
2.1514
2.1506
2.1526
2.1502
2.1486
2.1522
2.1506
2.1458
2.1502
2.149
2.1514
2.1482
2.1482
2.147
2.1482
2.1474
2.149
2.1462
2.1498
2.1486
2.1518
2.149
2.1494
2.149
2.1478
2.1502
2.1498
2.1498
2.1518
2.1446
2.1462
2.1458
2.1494
2.1494
2.1498
2.1454
2.1458
2.1462
2.1478
2.1486
2.145
2.145
2.1506
2.145
2.1494
2.1462
2.1478
2.1478
2.1498
2.1446
2.1494
2.1482
2.151
2.1506
2.1502
2.151
2.1478
2.1478
2.1482
2.1474
2.1482
2.151
2.1482
2.1486
2.1498
2.1462
2.1486
2.1466
2.1498
2.147
2.1498
2.1462
2.149
2.1474
2.1478
2.1486
2.1506
2.1482
2.1506
2.1482
2.1486
2.1514
2.1518
2.1474
2.1534
2.147
2.1522
2.1514
2.1494
2.1514
2.1498
2.1454
2.1526
2.145
2.1478
2.1462
2.1462
2.1462
2.1514
2.1462
2.149
2.151
2.1474
2.1458
2.149
2.1466
2.1454
2.1526
2.1514
2.1518
2.1514
2.1474
2.1522
2.1506
2.145
2.149
2.1518
2.147
2.1498
2.1494
2.1522
2.1526
2.1498
2.1474
2.1494
2.1506
2.147
2.147
2.1478
2.1494
2.153
2.1506
2.1522
2.1506
2.1482
2.1466
2.151
2.147
2.1522
2.147
2.1498
2.1482
2.1502
2.1486
2.1486
2.1454
2.1526
2.1486
2.1482
2.1478
2.1466
2.1498
2.151
2.1478
2.1506
2.1474
2.149
2.1486
2.1502
2.1474
2.1522
2.151
2.1462
2.1494
2.1514
2.149
2.1478
2.1486
2.147
2.1466
2.1506
2.149
2.1498
2.145
2.1482
2.1534
2.1514
2.1438
2.1462
2.1518
2.1522
2.1506
2.151
2.1478
2.1534
2.1498
2.1486
2.1482
2.1522
2.1486
2.1482
2.149
2.1502
2.1474
2.1498
2.1502
2.1522
2.1506
2.1542
2.1494
2.1522
2.1494
2.1514
2.1482
2.1514
2.1498
2.1486
2.1498
2.1486
2.1522
2.1498
2.149
2.1498
2.1478
2.1506
2.1498
2.1478
2.1518
2.1474
2.1498
2.1494
2.147
2.1514
2.1482
2.1486
2.151
2.1522
2.1486
2.153
2.1474
2.1538
2.1526
2.1514
2.1502
2.155
2.1486
2.1518
2.1498
2.1498
2.1514
2.1506
2.1506
2.1506
2.1482
2.1518
2.151
2.1522
2.1538
2.1498
2.1478
2.1486
2.1474
2.1502
2.1502
2.1486
2.1482
2.149
2.1474
2.1486
2.1498
2.1526
2.147
2.1462
2.1486
2.1494
2.1502
2.1502
2.1486
2.151
2.1506
2.1526
2.147
2.149
2.151
2.1498
2.1458
2.1514
2.1482
2.1498
2.1498
2.1482
2.1482
2.1506
2.1478
2.1522
2.1482
2.1498
2.149
2.1514
2.1514
2.147
2.149
2.1494
2.1482
2.1506
2.1462
2.1518
2.1502
2.1498
2.1474
2.1482
2.151
2.1514
2.1482
2.1514
2.1486
2.1486
2.1522
2.1494
2.1482
2.1462
2.1502
2.1526
2.1498
2.1498
2.151
2.1526
2.1514
2.1482
2.1466
2.1506
2.1498
2.1514
2.151
2.1486
2.151
2.149
2.1494
2.1518
2.1486
2.1494
2.1494
2.153
2.1506
2.1482
2.1478
2.1486
2.1486
2.1502
2.1474
2.1522
2.1462
2.1506
2.1474
2.149
2.149
2.147
2.1478
2.149
2.1474
2.1514
2.151
2.1502
2.1514
2.1482
2.1486
2.1498
2.1514
2.1486
2.1478
2.1498
2.1474
2.1454
2.1446
2.1494
2.1478
2.1506
2.1442
2.151
2.1486
2.1486
2.1486
2.1486
2.1482
2.1482
2.1446
2.1498
2.1462
2.1446
2.1486
2.1498
2.1466
2.149
2.1462
2.1486
2.1466
2.1486
2.1474
2.149
2.1466
2.1498
2.1482
2.147
2.1486
2.1482
2.1478
2.1486
2.1478
2.1462
2.1462
2.1474
2.1466
2.1474
2.1494
2.149
2.1466
2.151
2.1454
2.1482
2.1502
2.151
2.1474
2.1462
2.1506
2.1498
2.1502
2.1482
2.1462
2.1542
2.1462
2.149
2.149
2.1466
2.1486
2.153
2.1474
2.1498
2.149
2.1462
2.1502
2.1506
2.1454
2.1534
2.147
2.1498
2.1494
2.1514
2.1498
2.1514
2.1482
2.1514
2.1486
2.1506
2.1498
2.151
2.1482
2.147
2.1494
2.1482
2.151
2.1482
2.149
2.1486
2.149
2.1474
2.151
2.1502
2.1494
2.1498
2.151
2.151
2.149
2.1514
2.1506
2.1506
2.151
2.1494
2.151
2.149
2.1498
2.1498
2.1454
2.1466
2.1474
2.1498
2.1498
2.1502
2.1486
2.1466
2.1486
2.1498
2.1506
2.1498
2.1498
2.1478
2.151
2.1502
2.1478
2.1542
2.1482
2.1502
2.1466
2.151
2.1502
2.1486
2.149
2.151
2.1482
2.1498
2.1466
2.1486
2.1502
2.1494
2.1486
2.1486
2.1454
2.1462
2.1454
2.1466
2.1478
2.1478
2.1474
2.1466
2.1502
2.1466
2.1458
2.1494
2.1482
2.1494
2.1506
2.1518
2.1474
2.149
2.1446
2.147
2.1486
2.1498
2.1514
2.149
2.1494
2.147
2.1478
2.149
2.147
2.1458
2.1474
2.149
2.149
2.1482
2.1486
2.1482
2.1446
2.1534
2.147
2.1538
2.1498
2.1466
2.147
2.1442
2.1446
2.149
2.147
2.151
2.1474
2.1494
2.1498
2.1502
2.1482
2.1482
2.1482
2.1466
2.1462
2.1462
2.1486
2.1486
2.147
2.1514
2.149
2.1502
2.1498
2.1506
2.1486
2.1502
2.1462
2.1502
2.1466
2.1494
2.1474
2.1466
2.1454
2.1478
2.1514
2.1522
2.1498
2.149
2.147
2.151
2.149
2.1482
2.1506
2.1506
2.1486
2.1494
2.1466
2.1482
2.1494
2.1514
2.1482
2.1454
2.1478
2.1486
2.151
2.1502
2.1466
2.151
2.147
2.1498
2.1494
2.1518
2.1498
2.1506
2.1498
2.1514
2.1502
2.1538
2.1526
2.1486
2.1518
2.151
2.147
2.1542
2.147
2.1542
2.1502
2.149
2.1482
2.1502
2.1506
2.1514
2.1482
2.149
2.1498
2.1502
2.1486
2.1494
2.1486
2.153
2.153
2.153
2.1486
2.151
2.1494
2.1514
2.1518
2.151
2.151
2.1518
2.149
2.1506
2.1498
2.151
2.1478
2.151
2.1514
2.1474
2.1466
2.1522
2.1506
2.1498
2.1514
2.1538
2.149
2.151
2.1506
2.1506
2.149
2.1478
2.1462
2.1506
2.147
2.1494
2.149
2.1506
2.147
2.1446
2.1494
2.1514
2.149
2.153
2.1474
2.1522
2.1502
2.1506
2.1506
2.151
2.1522
2.1546
2.1454
2.1494
2.1502
2.1494
2.1522
2.1506
2.149
2.1518
2.1446
2.1498
2.1494
2.1494
2.1514
2.1482
2.1474
2.1494
2.1458
2.151
2.1486
2.1522
2.147
2.1514
2.1506
2.1486
2.1498
2.1478
2.1498
2.1514
2.149
2.1518
2.1474
2.1522
2.1482
2.1494
2.1506
2.153
2.1502
2.1518
2.1502
2.151
2.1502
2.151
2.149
2.1522
2.1482
2.1542
2.1494
2.1494
2.1478
2.1514
2.1486
2.1558
2.1486
2.151
2.1526
2.1506
2.1478
2.1534
2.147
2.1502
2.1482
2.1494
2.1486
2.1462
2.1498
2.1482
2.1494
2.151
2.1502
2.1518
2.1498
2.1502
2.1518
2.1498
2.1482
2.1498
2.1482
2.151
2.151
2.1526
2.1522
2.1502
2.1486
2.1534
2.1478
2.1526
2.1498
2.1514
2.1498
2.1502
2.1474
2.1502
2.149
2.1494
2.151
2.1506
2.1486
2.1486
2.1482
2.1478
2.147
2.1522
2.1474
2.1522
2.1462
2.1506
2.1506
2.1506
2.1478
2.1526
2.1466
2.1478
2.1486
2.1506
2.1498
2.1498
2.1486
2.151
2.147
2.1474
2.1502
2.1526
2.1482
2.151
2.1486
2.1482
2.1514
2.1514
2.151
2.1506
2.1466
2.1518
2.149
2.149
2.1486
2.151
2.1486
2.1502
2.1506
2.1482
2.1474
2.151
2.151
2.1494
2.1502
2.1478
2.1502
2.1518
2.1506
2.1554
2.1514
2.1506
2.1482
2.1518
2.1478
2.151
2.149
2.149
2.1514
2.1506
2.1502
2.1498
2.1466
2.149
2.1466
2.1514
2.1518
2.1494
2.1502
2.151
2.1506
2.1522
2.1466
2.151
2.1522
2.1514
2.147
2.1498
2.1506
2.1526
2.1478
2.153
2.1486
2.1494
2.1486
2.153
2.1462
2.1478
2.1514
2.149
2.1506
2.1514
2.1486
2.1558
2.1506
2.1494
2.147
2.151
2.1466
2.1506
2.1478
2.1498
2.1506
2.1514
2.1466
2.1474
2.1482
2.1474
2.1458
2.1506
2.1498
2.1486
2.149
2.1506
2.149
2.1478
2.1474
2.149
2.1502
2.147
2.1466
2.149
2.147
2.1498
2.145
2.149
2.1474
2.147
2.1426
2.147
2.1458
2.1406
2.141
2.1426
2.1366
2.139
2.1358
2.137
2.1354
2.1326
2.1278
2.1306
2.1234
2.1246
2.1206
2.1206
2.115
2.111
2.109
2.1062
2.1034
2.0938
2.0914
2.0862
2.0798
2.075
2.0666
2.063
2.0566
2.053
2.043
2.0382
2.029
2.023
2.015
2.007
1.9974
1.991
1.9838
1.9762
1.9682
1.959
1.9506
1.9414
1.929
1.9218
1.9134
1.907
1.8942
1.8846
1.8754
1.8666
1.8554
1.8442
1.8362
1.8258
1.8174
1.8066
1.7986
1.789
1.773
1.7626
1.7554
1.7458
1.7334
1.7266
1.717
1.7066
1.6922
1.6842
1.6758
1.6722
1.6578
1.645
1.6362
1.631
1.6186
1.6102
1.5998
1.595
1.5866
1.5754
1.5682
1.5638
1.5498
1.5474
1.5374
1.5286
1.5218
1.513
1.5094
1.5034
1.4982
1.4914
1.4846
1.4822
1.4682
1.4662
1.463
1.4562
1.4522
1.445
1.4418
1.4418
1.4338
1.4266
1.427
1.4246
1.419
1.4158
1.4126
1.4158
1.407
1.405
1.4018
1.3982
1.3978
1.3962
1.3918
1.3922
1.389
1.3894
1.3854
1.3858
1.3846
1.3818
1.3826
1.383
1.3802
1.3842
1.3818
1.3862
1.3786
1.3806
1.383
1.381
1.3822
1.3822
1.3834
1.3878
1.383
1.3854
1.3854
1.3922
1.3882
1.3902
1.3946
1.3938
1.3914
1.3942
1.397
1.399
1.399
1.401
1.4046
1.407
1.4054
1.4106
1.4114
1.415
1.4146
1.4158
1.421
1.4242
1.4274
1.427
1.4338
1.4366
1.4366
1.4394
1.4426
1.4458
1.445
1.447
1.4518
1.4598
1.4574
1.4598
1.463
1.4698
1.4694
1.4746
1.4746
1.481
1.4846
1.4858
1.4898
1.4922
1.4966
1.497
1.5006
1.5066
1.509
1.5126
1.5118
1.5234
1.519
1.5242
1.5306
1.5322
1.5358
1.5394
1.5434
1.5474
1.551
1.5522
1.5546
1.5614
1.5586
1.5634
1.5666
1.5738
1.5734
1.5798
1.5814
1.5842
1.5858
1.5918
1.5954
1.6034
1.5978
1.6046
1.6086
1.609
1.6134
1.6166
1.621
1.6242
1.6242
1.6278
1.6334
1.6374
1.637
1.6426
1.6454
1.6526
1.6514
1.6522
1.6582
1.661
1.6626
1.665
1.6674
1.6726
1.6734
1.6762
1.681
1.683
1.6874
1.687
1.6922
1.6986
1.6994
1.7022
1.7054
1.7074
1.7086
1.7106
1.7154
1.7206
1.7182
1.7282
1.7322
1.7366
1.7346
1.7366
1.7418
1.7458
1.7454
1.747
1.7522
1.7566
1.7574
1.7642
1.7662
1.7738
1.7702
1.7754
1.7834
1.781
1.7854
1.7902
1.791
1.7966
1.7986
1.7974
1.8014
1.8094
1.809
1.8166
1.8162
1.8226
1.821
1.8262
1.8258
1.8294
1.8294
1.8378
1.8406
1.8446
1.8438
1.847
1.8514
1.8574
1.8574
1.8602
1.8642
1.8662
1.8698
1.8726
1.8734
1.8806
1.8778
1.8862
1.8842
1.8918
1.889
1.8918
1.8966
1.9002
1.9006
1.905
1.905
1.9106
1.9122
1.9146
1.9178
1.921
1.9206
1.9242
1.9226
1.9282
1.929
1.9334
1.9346
1.9358
1.937
1.9418
1.9394
1.9438
1.943
1.9478
1.9486
1.9514
1.9518
1.957
1.9522
1.957
1.957
1.9606
1.9598
1.9614
1.965
1.965
1.9654
1.973
1.9678
1.971
1.971
1.9726
1.9722
1.9782
1.9722
1.9818
1.9798
1.9806
1.9794
1.9826
1.9838
1.9866
1.9814
1.987
1.9866
1.9886
1.9906
1.9926
1.993
1.9934
1.9914
1.9958
1.9914
1.997
1.9962
1.9966
1.9946
1.9998
1.9994
2.0018
2.0002
2.0002
2.005
2.0046
2.0046
2.0046
2.0058
2.0086
2.0086
2.011
2.0102
2.0154
2.0106
2.009
2.0142
2.0122
2.0158
2.0166
2.0158
2.017
2.017
2.019
2.0182
2.0214
2.0166
2.0158
2.021
2.0214
2.023
2.0226
2.0202
2.0238
2.0226
2.027
2.0254
2.029
2.0278
2.025
2.0282
2.0318
2.0266
2.0294
2.0326
2.0318
2.029
2.0346
2.0302
2.0358
2.0322
2.0342
2.035
2.0378
2.035
2.037
2.0354
2.0402
2.037
2.0398
2.0422
2.041
2.0422
2.0398
2.0426
2.0442
2.0418
2.0466
2.0422
2.0458
2.045
2.0458
2.0422
2.049
2.0494
2.047
2.0474
2.0486
2.0494
2.0498
2.049
2.053
2.051
2.0526
2.051
2.0542
2.0542
2.0538
2.0538
2.0582
2.0566
2.0578
2.0582
2.0626
2.0594
2.059
2.059
2.0598
2.0626
2.0602
2.0586
2.0638
2.0634
2.0662
2.0662
2.0678
2.0694
2.0686
2.067
2.0686
2.0682
2.071
2.067
2.0702
2.0686
2.0698
2.0686
2.0726
2.0722
2.0742
2.0714
2.075
2.0726
2.0778
2.0762
2.0742
2.077
2.075
2.0774
2.079
2.0782
2.0826
2.0802
2.081
2.0806
2.0834
2.0814
2.0854
2.0798
2.0838
2.0822
2.0838
2.083
2.0842
2.0878
2.0862
2.083
2.0866
2.0834
2.0878
2.0858
2.0926
2.0882
2.0902
2.087
2.0914
2.0898
2.0922
2.091
2.0934
2.0946
2.0918
2.0918
2.0934
2.0926
2.0946
2.0954
2.095
2.095
2.093
2.0946
2.095
2.0942
2.0978
2.0962
2.0986
2.0946
2.0982
2.099
2.097
2.0994
2.1002
2.0994
2.1034
2.101
2.1026
2.1042
2.1054
2.1022
2.1062
2.105
2.1054
2.0994
2.107
2.1046
2.1074
2.1062
2.1062
2.1074
2.109
2.1058
2.1082
2.1062
2.1082
2.1066
2.1082
2.1102
2.1118
2.111
2.1106
2.107
2.1106
2.109
2.1162
2.111
2.1086
2.113
2.1122
2.1106
2.1142
2.111
2.111
2.115
2.1146
2.1138
2.1146
2.113
2.1162
2.1138
2.1158
2.1142
2.1158
2.1142
2.1154
2.115
2.1166
2.115
2.1142
2.1166
2.117
2.117
2.1206
2.1186
2.1214
2.119
2.1242
2.1186
2.1214
2.1154
2.1194
2.1202
2.1198
2.1226
2.1222
2.1202
2.121
2.1238
2.1226
2.1246
2.1242
2.1238
2.1278
2.1234
2.1266
2.125
2.1294
2.1282
2.1282
2.1238
2.1266
2.1226
2.1234
2.1274
2.1282
2.1254
2.1258
2.1242
2.131
2.127
2.127
2.1278
2.1282
2.125
2.1294
2.1262
2.1322
2.1306
2.1306
2.131
2.131
2.1306
2.1302
2.1254
2.1318
2.1282
2.1286
2.129
2.133
2.1322
2.1334
2.1322
2.1326
2.1282
2.1278
2.1302
2.1346
2.129
2.1306
2.1326
2.1342
2.1302
2.133
2.1346
2.1338
2.1326
2.1354
2.1334
2.135
2.1322
2.1318
2.1346
2.1354
2.1338
2.133
2.1318
2.1374
2.1358
2.139
2.1314
2.1342
2.137
2.1354
2.135
2.1354
2.1342
2.1362
2.1354
2.1382
2.1346
2.137
2.1394
2.1382
2.1362
2.1398
2.1378
2.141
2.1382
2.137
2.1366
2.137
2.1382
2.1382
2.135
2.139
2.1382
2.1382
2.137
2.1386
2.1362
2.1386
2.137
2.1382
2.141
2.1382
2.135
2.1398
2.1378
2.141
2.1382
2.141
2.1394
2.1398
2.1394
2.1402
2.1414
2.141
2.1382
2.1406
2.1378
2.1406
2.1398
2.1414
2.1366
2.1458
2.1402
2.141
2.1446
2.1418
2.1398
2.1414
2.1402
2.1398
2.1386
2.143
2.143
2.1422
2.141
2.1438
2.141
2.1418
2.1422
2.1434
2.143
2.1406
2.1402
2.1438
2.1434
2.1442
2.1438
2.1446
2.1474
2.1454
2.145
2.1454
2.143
2.1466
2.1438
2.1462
2.1438
2.145
2.1438
2.1474
2.1438
2.1458
2.147
2.1486
2.1454
2.1462
2.1418
2.145
2.1446
2.145
2.1474
2.1458
2.1466
2.1498
2.1482
2.1478
2.1458
2.1474
2.1438
2.1482
2.1442
2.1474
2.145
2.1454
2.143
2.1434
2.1486
2.1458
2.1474
2.145
2.1466
2.1478
2.1462
2.1494
2.1454
2.1486
2.1478
2.1454
2.1458
2.147
2.1474
2.1462
2.1458
2.1502
2.1458
2.1478
2.1478
2.1446
2.1486
2.1466
2.1498
2.149
2.1478
2.1498
2.143
2.1478
2.1486
2.1522
2.147
2.1506
2.149
2.1518
2.1458
2.153
2.1498
2.147
2.1502
2.1498
2.1482
2.1498
2.1502
2.1494
2.149
2.1502
2.1502
2.1474
2.151
2.149
2.1502
2.1562
2.1494
2.1494
2.151
2.1514
2.149
2.1538
2.147
2.1518
2.1518
2.1514
2.1514
2.1542
2.151
2.1534
2.1518
2.1526
2.1486
2.1502
2.1514
2.1534
2.1534
2.1518
2.1514
2.153
2.1514
2.1558
2.1522
2.1546
2.1526
2.1534
2.1534
2.1554
2.155
2.1558
2.1506
2.155
2.153
2.1542
2.153
2.1554
2.1514
2.1558
2.1546
2.1558
2.1538
2.1546
2.1506
2.1562
2.1578
2.1534
2.1554
2.157
2.1538
2.1574
2.1538
2.1562
2.153
2.1546
2.1542
2.155
2.1586
2.1542
2.153
2.1566
2.1546
2.153
2.1546
2.1598
2.155
2.1542
2.1542
2.1574
2.1534
2.155
2.1542
2.1574
2.155
2.1538
2.1538
2.1554
2.1546
2.157
2.1554
2.1562
2.1574
2.1554
2.1546
2.1598
2.153
2.159
2.1566
2.1582
2.1574
2.1574
2.1538
2.1586
2.1578
2.1578
2.155
2.1574
2.1566
2.1566
2.1562
2.1586
2.1558
2.1554
2.1534
2.1558
2.1526
2.1582
2.1566
2.1562
2.1546
2.1586
2.1546
2.1574
2.1562
2.1542
2.155
2.1562
2.1594
2.159
2.1538
2.159
2.1554
2.1574
2.159
2.1606
2.1598
2.159
2.1562
2.161
2.1558
2.159
2.1558
2.1594
2.1574
2.159
2.157
2.159
2.1562
2.1598
2.1578
2.1602
2.157
2.1606
2.1586
2.1578
2.1602
2.1574
2.157
2.159
2.159
2.1582
2.1586
2.157
2.1554
2.1554
2.1562
2.1598
2.1574
2.1594
2.1542
2.161
2.161
2.1606
2.1574
2.1606
2.1606
2.157
2.1566
2.1614
2.1578
2.159
2.1594
2.1614
2.1614
2.1598
2.155
2.1646
2.1598
2.1618
2.1594
2.1598
2.1554
2.1586
2.1578
2.1598
2.1586
2.1594
2.159
2.1586
2.161
2.1646
2.1598
2.1602
2.1598
2.1582
2.1578
2.1618
2.1598
2.1598
2.1618
2.1606
2.1586
2.1594
2.1558
2.1626
2.1598
2.1618
2.1586
2.1614
2.1622
2.159
2.1574
2.161
2.1602
2.1626
2.1594
2.163
2.1602
2.1582
2.1574
2.1586
2.157
2.1626
2.1606
2.163
2.1594
2.1614
2.159
2.1634
2.1618
2.165
2.159
2.1622
2.1614
2.1598
2.1582
2.1642
2.1602
2.161
2.163
2.1606
2.1626
2.1618
2.1606
2.161
2.155
2.1606
2.1594
2.1626
2.159
2.1614
2.1594
2.167
2.1622
2.1634
2.1602
2.1594
2.161
2.1626
2.161
2.1602
2.1598
2.1626
2.1618
2.1594
2.1598
2.1622
2.161
2.1634
2.1646
2.1606
2.1598
2.161
2.1626
2.1626
2.161
2.1654
2.159
2.1638
2.1582
2.1606
2.1602
2.1618
2.1622
2.1646
2.163
2.1634
2.1626
2.163
2.163
2.1682
2.1634
2.165
2.165
2.1658
2.1646
2.1634
2.1634
2.1618
2.1602
2.163
2.1646
2.1642
2.1606
2.165
2.1614
2.1642
2.1626
2.1662
2.1634
2.1638
2.163
2.1654
2.1626
2.1674
2.1622
2.1658
2.165
2.1646
2.1658
2.1662
2.1634
2.1674
2.1626
2.165
2.1654
2.1638
2.1618
2.1634
2.1626
2.1634
2.1622
2.1666
2.1622
2.1658
2.1618
2.1658
2.163
2.1638
2.1642
2.1654
2.1618
2.167
2.165
2.1662
2.165
2.1662
2.1658
2.1658
2.1634
2.1642
2.1654
2.1674
2.167
2.1634
2.1646
2.1682
2.1634
2.161
2.1622
2.1634
2.1614
2.1658
2.1626
2.165
2.1638
2.165
2.165
2.1658
2.1622
2.1638
2.1678
2.1674
2.1634
2.1634
2.163
2.1658
2.1638
2.1666
2.1654
2.1634
2.165
2.1678
2.1686
2.1666
2.1622
2.167
2.163
2.167
2.1654
2.1666
2.1662
2.1662
2.1662
2.1638
2.163
2.1686
2.1638
2.1654
2.1674
2.1662
2.165
2.1666
2.1622
2.1658
2.1646
2.167
2.1646
2.1694
2.1658
2.1678
2.1686
2.1634
2.1674
2.1638
2.165
2.1662
2.1666
2.169
2.1638
2.1682
2.1642
2.1678
2.1658
2.1686
2.1658
2.1638
2.1654
2.169
2.1658
2.1646
2.1654
2.1674
2.1666
2.169
2.1694
2.169
2.1666
2.1682
2.1666
2.1682
2.1674
2.1658
2.1654
2.167
2.1678
2.1682
2.1634
2.1686
2.1666
2.1698
2.1666
2.1666
2.169
2.1694
2.1718
2.1698
2.167
2.1662
2.1662
2.1686
2.1682
2.1662
2.1674
2.1686
2.169
2.1686
2.169
2.1686
2.1678
2.1686
2.1674
2.167
2.1686
2.169
2.1634
2.1694
2.1702
2.1702
2.1674
2.1698
2.169
2.1678
2.167
2.1682
2.1646
2.173
2.1666
2.1686
2.1678
2.1674
2.1678
2.1694
2.1682
2.171
2.1706
2.1686
2.1698
2.1698
2.167
2.169
2.167
2.1722
2.1682
2.1686
2.1662
2.169
2.1678
2.171
2.1682
2.1698
2.1686
2.1702
2.1666
2.1686
2.1654
2.1686
2.1682
2.1706
2.1682
2.1714
2.1686
2.1686
2.1702
2.1718
2.171
2.1734
2.1698
2.171
2.1686
2.1694
2.1682
2.1706
2.1674
2.1694
2.1682
2.1718
2.1698
2.1706
2.1682
2.1686
2.1686
2.1674
2.169
2.173
2.1654
2.1654
2.1662
2.1734
2.1718
2.1682
2.1674
2.1678
2.171
2.1714
2.1698
2.1722
2.169
2.1702
2.1674
2.1706
2.1694
2.171
2.1682
2.173
2.1726
2.171
2.1674
2.1718
2.169
2.1674
2.1698
2.1714
2.1718
2.1706
2.169
2.1722
2.1698
2.1706
2.1666
2.169
2.167
2.1706
2.1694
2.1706
2.1698
2.1694
2.1698
2.1702
2.1686
2.1698
2.1678
2.1718
2.1678
2.1686
2.169
2.1714
2.1702
2.1726
2.1698
2.171
2.171
2.1706
2.1682
2.173
2.1686
2.1722
2.1674
2.1738
2.1706
2.1678
2.171
2.1718
2.167
2.1694
2.1686
2.169
2.1714
2.1694
2.171
2.1714
2.1702
2.171
2.1706
2.1718
2.1686
2.1702
2.1706
2.175
2.1706
2.1714
2.1702
2.1714
2.1758
2.1706
2.1686
2.1702
2.1678
2.1702
2.171
2.1746
2.1682
2.1722
2.1698
2.1718
2.1734
2.1718
2.1682
2.1718
2.1702
2.1718
2.1722
2.1746
2.1726
2.173
2.1722
2.1746
2.1734
2.1734
2.1714
2.1718
2.1726
2.1738
2.167
2.1742
2.1738
2.1722
2.1706
2.1738
2.1706
2.1718
2.1738
2.1726
2.1722
2.1726
2.1718
2.171
2.171
2.1702
2.1702
2.1718
2.1718
2.1722
2.1722
2.173
2.1738
2.173
2.171
2.1742
2.1742
2.1718
2.1722
2.1698
2.1722
2.1746
2.1718
2.1734
2.1722
2.1702
2.1714
2.1694
2.1702
2.1734
2.171
2.173
2.1722
2.1674
2.1722
2.1722
2.1738
2.1742
2.1702
2.173
2.1706
2.171
2.1722
2.1714
2.1758
2.1742
2.1722
2.1742
2.1722
2.1722
2.1722
2.175
2.1718
2.1738
2.1742
2.1754
2.1738
2.1734
2.1746
2.175
2.173
2.1738
2.1738
2.1754
2.171
2.1722
2.1754
2.1762
2.173
2.1786
2.1702
2.1738
2.173
2.1742
2.169
2.175
2.1738
2.175
2.1722
2.1746
2.1746
2.1722
2.1734
2.1726
2.1714
2.173
2.1746
2.177
2.1702
2.173
2.175
2.173
2.1746
2.1758
2.1778
2.1762
2.1738
2.175
2.1706
2.1742
2.1758
2.1746
2.1722
2.1778
2.1742
2.1766
2.1714
2.1738
2.175
2.1718
2.1686
2.1762
2.1746
2.173
2.1698
2.1742
2.1734
2.1742
2.1746
2.1762
2.1726
2.1734
2.1706
2.1742
2.1726
2.173
2.1706
2.171
2.173
2.173
2.1718
2.1758
2.1742
2.1758
2.1738
2.1782
2.1742
2.1746
2.1742
2.1766
2.1782
2.1734
2.1734
2.1746
2.1754
2.1766
2.1766
2.1742
2.1766
2.1782
2.1738
2.1786
2.1758
2.1766
2.1722
2.1794
2.1754
2.1738
2.1738
2.1762
2.1774
2.1734
2.1738
2.1774
2.1726
2.1766
2.1722
2.1774
2.1738
2.1758
2.1746
2.1766
2.1782
2.1754
2.1714
2.1766
2.1754
2.1746
2.1738
2.1766
2.1742
2.175
2.1754
2.1782
2.1746
2.1746
2.1774
2.1766
2.1766
2.173
2.1734
2.181
2.1738
2.177
2.1738
2.1766
2.1762
2.1774
2.173
2.1758
2.1758
2.175
2.1742
2.175
2.1766
2.1734
2.1754
2.1762
2.1718
2.177
2.1742
2.1762
2.175
2.1758
2.1742
2.1814
2.1766
2.1802
2.1754
2.1774
2.1766
2.1778
2.175
2.1802
2.173
2.179
2.1794
2.1762
2.1758
2.1786
2.1786
2.1802
2.1782
2.1778
2.1742
2.175
2.177
2.1742
2.1758
2.1774
2.1782
2.1782
2.1738
2.1774
2.1778
2.1778
2.1742
2.1774
2.1786
2.179
2.1742
2.177
2.1742
2.1762
2.1798
2.1798
2.1794
2.1786
2.1742
2.1798
2.1742
2.177
2.1766
2.1802
2.1738
2.1782
2.1758
2.1794
2.1766
2.1742
2.1754
2.1754
2.1762
2.1786
2.175
2.1766
2.1746
2.1746
2.175
2.1778
2.175
2.1778
2.1738
2.1766
2.1758
2.1766
2.1726
2.1726
2.179
2.1738
2.1774
2.1782
2.1758
2.1754
2.1762
2.1782
2.1782
2.1782
2.1746
2.181
2.1754
2.1762
2.1762
2.1794
2.1766
2.1766
2.1734
2.1782
2.1774
2.1746
2.177
2.1782
2.1798
2.177
2.177
2.1786
2.1766
2.1786
2.175
2.181
2.1778
2.1778
2.1794
2.179
2.179
2.1798
2.173
2.1806
2.1758
2.1754
2.1774
2.1746
2.1782
2.1778
2.179
2.1774
2.175
2.1746
2.1758
2.1798
2.1774
2.1786
2.1794
2.1814
2.181
2.1766
2.177
2.175
2.1746
2.1778
2.175
2.179
2.1782
2.1774
2.179
2.1818
2.1798
2.1802
2.177
2.181
2.1746
2.1774
2.1762
2.1778
2.1798
2.1786
2.179
2.1774
2.1746
2.177
2.1734
2.1782
2.177
2.1774
2.1778
2.1774
2.177
2.1782
2.1762
2.1762
2.1774
2.1802
2.1774
2.1774
2.1778
2.1778
2.1742
2.1814
2.177
2.1774
2.179
2.1794
2.1766
2.1774
2.1806
2.1786
2.1774
2.1786
2.1742
2.1802
2.1754
2.1746
2.177
2.1802
2.179
2.1782
2.1754
2.181
2.1762
2.1778
2.175
2.1798
2.1778
2.1782
2.1786
2.1766
2.1762
2.1786
2.1758
2.179
2.1798
2.1782
2.1774
2.1782
2.1766
2.1778
2.1762
2.1798
2.1802
2.1758
2.1762
2.1734
2.1782
2.1778
2.1766
2.1802
2.1778
2.177
2.1778
2.1766
2.1778
2.177
2.1762
2.179
2.1734
2.175
2.1762
2.1798
2.1798
2.1782
2.1766
2.1774
2.177
2.1762
2.1778
2.1798
2.1802
2.1802
2.1758
2.1798
2.175
2.177
2.1746
2.1806
2.181
2.1794
2.1762
2.1778
2.1766
2.1798
2.179
2.1818
2.177
2.1782
2.1786
2.181
2.1786
2.1806
2.1762
2.1758
2.1786
2.1774
2.1762
2.1806
2.1782
2.1782
2.1778
2.179
2.1782
2.1742
2.1754
2.1778
2.1718
2.181
2.1746
2.1806
2.1786
2.1766
2.1754
2.1778
2.177
2.1766
2.177
2.1774
2.1798
2.1766
2.1782
2.1834
2.1778
2.1766
2.1786
2.1806
2.175
2.1754
2.1758
2.181
2.1794
2.1798
2.1758
2.179
2.1778
2.1758
2.1742
2.1782
2.1758
2.1774
2.1754
2.179
2.1762
2.177
2.1758
2.1782
2.1798
2.181
2.175
2.1786
2.181
2.1814
2.1822
2.1782
2.1738
2.1782
2.1758
2.1798
2.175
2.1798
2.1762
2.175
2.1766
2.1794
2.1758
2.177
2.1754
2.1794
2.1758
2.1814
2.1758
2.1778
2.1762
2.1786
2.1754
2.1762
2.173
2.1794
2.1774
2.1774
2.1758
2.177
2.1782
2.1746
2.1786
2.1774
2.177
2.1766
2.1762
2.179
2.1758
2.1758
2.175
2.1778
2.1758
2.175
2.181
2.1754
2.1758
2.1754
2.1746
2.1782
2.1766
2.1774
2.1742
2.179
2.1766
2.181
2.1766
2.1774
2.1766
2.1758
2.1758
2.1762
2.1782
2.1802
2.1762
2.1826
2.1794
2.179
2.1766
2.1758
2.1758
2.1778
2.1758
2.1786
2.1758
2.1782
2.1794
2.181
2.175
2.1766
2.1758
2.1778
2.1782
2.1778
2.1742
2.1818
2.1806
2.1806
2.179
2.1762
2.1778
2.1786
2.1758
2.1806
2.179
2.1794
2.1766
2.181
2.1822
2.1782
2.1782
2.181
2.1774
2.179
2.1834
2.181
2.1818
2.1802
2.1778
2.1798
2.1778
2.1798
2.1766
2.181
2.183
2.1858
2.1782
2.181
2.1814
2.1798
2.1802
2.1762
2.1774
2.1822
2.1798
2.1802
2.179
2.1778
2.179
2.1782
2.1778
2.181
2.1798
2.1822
2.1822
2.1814
2.1798
2.1814
2.1786
2.179
2.1774
2.1794
2.1798
2.1818
2.1766
2.1818
2.1818
2.1806
2.1786
2.1798
2.1786
2.1814
2.1778
2.1826
2.1778
2.1806
2.1802
2.1782
2.1806
2.181
2.1798
2.1818
2.1802
2.1786
2.1794
2.1794
2.1806
2.1822
2.1766
2.1826
2.1802
2.1798
2.1802
2.183
2.1838
2.1806
2.1774
2.1802
2.1806
2.1798
2.1798
2.1802
2.1786
2.1778
2.1778
2.1786
2.181
2.181
2.179
2.1806
2.1818
2.183
2.1814
2.1822
2.1798
2.1834
2.1822
2.181
2.181
2.1846
2.1834
2.1854
2.1806
2.1814
2.1802
2.1794
2.185
2.179
2.1798
2.1838
2.1754
2.181
2.1806
2.1798
2.1806
2.1814
2.1806
2.1838
2.185
2.183
2.181
2.1846
2.1834
2.1814
2.1794
2.1822
2.1822
2.1838
2.179
2.183
2.1782
2.1818
2.1786
2.181
2.1834
2.1822
2.1814
2.183
2.179
2.183
2.1782
2.183
2.1834
2.1842
2.1874
2.185
2.181
2.1818
2.1794
2.185
2.1814
2.1774
2.177
2.1834
2.1794
2.1838
2.1814
2.1814
2.1806
2.1814
2.1814
2.1842
2.1822
2.1846
2.1818
2.185
2.183
2.181
2.1782
2.1834
2.1834
2.1842
2.1802
2.1814
2.1858
2.1806
2.1834
2.1842
2.1802
2.183
2.1798
2.1842
2.1826
2.1834
2.1794
2.1854
2.1802
2.1846
2.1814
2.1806
2.1846
2.1806
2.1774
2.1826
2.1842
2.183
2.179
2.1826
2.1826
2.1846
2.1802
2.1838
2.181
2.1818
2.1806
2.1874
2.1842
2.1814
2.183
2.1814
2.1838
2.185
2.1814
2.1846
2.1838
2.1814
2.1822
2.187
2.1822
2.1846
2.183
2.1822
2.185
2.183
2.181
2.1834
2.181
2.1842
2.1842
2.1838
2.1854
2.1826
2.1826
2.1878
2.1818
2.183
2.1822
2.181
2.1834
2.1826
2.1826
2.183
2.1782
2.1806
2.1814
2.1846
2.1842
2.1826
2.1802
2.1846
2.1842
2.183
2.1814
2.183
2.183
2.183
2.1834
2.183
2.1854
2.1822
2.1822
2.1842
2.1774
2.1858
2.1822
2.1854
2.1862
2.1818
2.185
2.1834
2.1814
2.1822
2.1794
2.1838
2.183
2.1822
2.1794
2.187
2.1826
2.1806
2.181
2.1834
2.1834
2.1846
2.1818
2.1826
2.181
2.183
2.1818
2.1838
2.1822
2.1818
2.1814
2.1826
2.1826
2.1854
2.1818
2.1878
2.1838
2.1826
2.1774
2.187
2.1834
2.185
2.1826
2.1818
2.1826
2.1826
2.1834
2.1854
2.1842
2.1842
2.1822
2.185
2.183
2.183
2.1786
2.1842
2.1818
2.1826
2.181
2.1822
2.1802
2.1838
2.1822
2.1806
2.181
2.1858
2.1802
2.185
2.1818
2.1818
2.1794
2.1838
2.179
2.1846
2.1838
2.1818
2.1862
2.1826
2.1798
2.1826
2.183
2.1834
2.1846
2.183
2.1806
2.183
2.1818
2.1846
2.1818
2.1846
2.183
2.1834
2.1802
2.181
2.1858
2.1802
2.1826
2.1826
2.1794
2.1818
2.1834
2.181
2.1786
2.1822
2.181
2.1826
2.1758
2.1862
2.181
2.1818
2.1806
2.1834
2.1826
2.1798
2.1814
2.1826
2.1846
2.1842
2.183
2.181
2.183
2.183
2.1782
2.183
2.1838
2.1814
2.1798
2.1862
2.1822
2.1822
2.1822
2.1846
2.1818
2.1834
2.1782
2.1822
2.1818
2.1826
2.1822
2.1838
2.1814
2.183
2.1834
2.1802
2.1838
2.1826
2.1834
2.1858
2.185
2.185
2.185
2.1834
2.1846
2.1838
2.1798
2.1854
2.1802
2.1846
2.1834
2.187
2.1818
2.1838
2.1842
2.1838
2.1798
2.1834
2.1822
2.1806
2.1814
2.1846
2.1794
2.183
2.1838
2.1814
2.1794
2.1806
2.1802
2.183
2.183
2.1826
2.183
2.1802
2.1834
2.1838
2.1818
2.1818
2.1814
2.1846
2.185
2.1814
2.1818
2.1874
2.1822
2.1798
2.1782
2.1834
2.1814
2.1838
2.1806
2.181
2.1834
2.1806
2.1818
2.185
2.1854
2.1854
2.1846
2.1858
2.183
2.185
2.1826
2.1838
2.1814
2.1826
2.1822
2.1846
2.185
2.183
2.1842
2.1874
2.1806
2.183
2.1838
2.1802
2.181
2.1794
2.1822
2.183
2.181
2.185
2.1838
2.1822
2.1846
2.181
2.183
2.1818
2.1806
2.1822
2.179
2.1846
2.1814
2.1814
2.1818
2.179
2.1802
2.1846
2.1802
2.1842
2.1834
2.1858
2.1838
2.1862
2.1802
2.1826
2.183
2.1846
2.1858
2.1842
2.1842
2.183
2.1798
2.1802
2.1798
2.1822
2.1782
2.1814
2.1782
2.1814
2.181
2.1806
2.1842
2.1842
2.185
2.1846
2.1822
2.1862
2.181
2.1822
2.1794
2.1866
2.1822
2.1822
2.1818
2.1838
2.1826
2.1822
2.1802
2.1842
2.1818
2.1838
2.1814
2.1862
2.1786
2.1814
2.1798
2.1858
2.1818
2.1786
2.1802
2.1826
2.1842
2.1834
2.1854
2.1858
2.1802
2.1818
2.1814
2.183
2.1842
2.1838
2.183
2.1834
2.183
2.1802
2.181
2.183
2.1834
2.1846
2.1838
2.185
2.183
2.1838
2.1834
2.1834
2.1814
2.1842
2.1826
2.1822
2.1806
2.183
2.1786
2.1826
2.1818
2.183
2.1822
2.1838
2.185
2.1842
2.1798
2.1854
2.1822
2.183
2.1822
2.181
2.1802
2.1838
2.1822
2.1814
2.183
2.181
2.1818
2.1846
2.1834
2.1798
2.1834
2.1826
2.1818
2.1846
2.181
2.1846
2.1814
2.1834
2.1794
2.1818
2.1802
2.181
2.179
2.1826
2.1802
2.1806
2.1774
2.1806
2.1786
2.1826
2.1798
2.1858
2.1814
2.1778
2.1802
2.1826
2.1806
2.181
2.1798
2.1782
2.1806
2.181
2.1826
2.181
2.181
2.183
2.1822
2.1838
2.1822
2.1842
2.1794
2.1854
2.1814
2.1802
2.179
2.1842
2.1834
2.1842
2.183
2.1858
2.1846
2.1814
2.1802
2.1822
2.1826
2.183
2.1814
2.185
2.1766
2.1806
2.1774
2.1802
2.1822
2.1846
2.1758
2.1846
2.179
2.1802
2.183
2.1802
2.177
2.1802
2.1782
2.1802
2.181
2.1794
2.1798
2.1862
2.1818
2.1826
2.1798
2.1822
2.1818
2.1818
2.1826
2.1798
2.1798
2.1814
2.1798
2.185
2.1814
2.1826
2.1806
2.1826
2.181
2.1826
2.1806
2.1838
2.1838
2.1826
2.1794
2.1826
2.1794
2.1814
2.1782
2.181
2.1762
2.181
2.1754
2.185
2.181
2.1818
2.1794
2.1802
2.1822
2.1826
2.1794
2.1802
2.1826
2.1814
2.1822
2.1834
2.1798
2.1842
2.1822
2.1838
2.1814
2.1814
2.1774
2.183
2.1814
2.1818
2.1798
2.1858
2.1826
2.1802
2.181
2.1798
2.1806
2.1806
2.1786
2.1826
2.1798
2.179
2.1806
2.1838
2.1834
2.181
2.1794
2.183
2.1818
2.181
2.181
2.1798
2.1786
2.1814
2.1778
2.1814
2.1806
2.1822
2.179
2.1778
2.1798
2.185
2.1822
2.1834
2.1802
2.1834
2.1762
2.1794
2.1842
2.1846
2.1818
2.183
2.1846
2.181
2.1818
2.1826
2.1802
2.1826
2.1818
2.1806
2.183
2.1818
2.181
2.1846
2.1758
2.179
2.1774
2.1798
2.1814
2.1822
2.1758
2.1814
2.181
2.1826
2.1818
2.1802
2.1806
2.1822
2.179
2.1846
2.1834
2.1826
2.1806
2.1782
2.181
2.181
2.1786
2.1822
2.1782
2.1822
2.1782
2.1826
2.1798
2.179
2.1822
2.1834
2.1794
2.181
2.1778
2.1798
2.179
2.1802
2.1818
2.181
2.1822
2.1822
2.179
2.1838
2.181
2.183
2.179
2.1838
2.1806
2.181
2.1834
2.181
2.183
2.1806
2.1802
2.1826
2.1782
2.181
2.1786
2.1794
2.1806
2.181
2.179
2.183
2.1758
2.1822
2.1802
2.185
2.1842
2.181
2.177
2.1822
2.1798
2.1794
2.1818
2.1782
2.181
2.1794
2.1798
2.1806
2.177
2.1826
2.1846
