2.146
2.1456
2.1463
2.1463
2.1461
2.1461
2.1467
2.1461
2.1463
2.146
2.1461
2.1462
2.1456
2.1457
2.1461
2.1458
2.1461
2.1463
2.1461
2.1461
2.146
2.1454
2.1459
2.1458
2.146
2.1459
2.1458
2.1458
2.146
2.146
2.1463
2.1462
2.1461
2.1459
2.1461
2.1456
2.1455
2.1453
2.1458
2.1458
2.1458
2.1458
2.1457
2.1458
2.1459
2.1455
2.146
2.1458
2.1456
2.1453
2.1451
2.1458
2.1454
2.1451
2.1458
2.1459
2.1463
2.145
2.1456
2.1463
2.1458
2.1461
2.1455
2.1457
2.1457
2.1458
2.1459
2.1456
2.1456
2.1452
2.1452
2.1457
2.145
2.1448
2.1458
2.1456
2.1456
2.1459
2.1457
2.146
2.1461
2.1456
2.146
2.1458
2.1455
2.1453
2.1456
2.1458
2.1457
2.1456
2.1459
2.1454
2.1456
2.1452
2.1455
2.1454
2.1455
2.1455
2.1457
2.1454
2.1458
2.1458
2.1457
2.1459
2.1453
2.1448
2.1456
2.1456
2.146
2.1451
2.1459
2.1455
2.145
2.1458
2.146
2.1459
2.1452
2.1452
2.1461
2.1458
2.1455
2.1455
2.1455
2.1457
2.1455
2.1456
2.1455
2.1454
2.1458
2.1453
2.1454
2.1455
2.1457
2.1458
2.1456
2.1453
2.1461
2.1455
2.1451
2.1459
2.1456
2.1452
2.1458
2.1456
2.1455
2.1452
2.1455
2.1453
2.1456
2.1453
2.1459
2.1452
2.146
2.1458
2.1457
2.146
2.1458
2.1448
2.146
2.1459
2.1457
2.1453
2.1457
2.1459
2.1451
2.1454
2.146
2.1454
2.1452
2.1453
2.1456
2.1454
2.1455
2.1457
2.1452
2.1454
2.146
2.1454
2.1455
2.1456
2.1453
2.1456
2.1463
2.1457
2.146
2.1457
2.1461
2.1458
2.1454
2.1454
2.1457
2.145
2.1456
2.1452
2.1455
2.1458
2.1455
2.146
2.1455
2.1458
2.1457
2.1453
2.1458
2.1458
2.1463
2.1458
2.1464
2.146
2.1461
2.1454
2.1459
2.1462
2.1459
2.1462
2.1457
2.1466
2.1464
2.1454
2.1463
2.1461
2.1455
2.146
2.1459
2.146
2.1459
2.1462
2.1469
2.1462
2.1467
2.146
2.1457
2.1467
2.1462
2.1463
2.1466
2.146
2.1465
2.1464
2.1465
2.1463
2.1455
2.1456
2.1463
2.146
2.1469
2.146
2.146
2.1465
2.1459
2.1459
2.1468
2.1466
2.1462
2.146
2.1467
2.1459
2.1464
2.1462
2.1467
2.1464
2.1462
2.1459
2.1462
2.1467
2.1467
2.1464
2.147
2.1464
2.1466
2.146
2.1471
2.1466
2.1462
2.1462
2.1462
2.1465
2.1463
2.1462
2.147
2.1461
2.1467
2.1464
2.1468
2.1465
2.147
2.1461
2.1468
2.1463
2.1466
2.1469
2.147
2.1463
2.1472
2.1466
2.1464
2.1463
2.1463
2.1461
2.1468
2.147
2.1469
2.1467
2.1465
2.146
2.1461
2.1463
2.1468
2.1469
2.147
2.1466
2.1472
2.1465
2.1468
2.1464
2.1467
2.1474
2.1468
2.147
2.1474
2.1466
2.1471
2.1469
2.1468
2.1466
2.1464
2.1463
2.1467
2.147
2.1468
2.1466
2.1471
2.1467
2.1469
2.1465
2.1463
2.147
2.1467
2.147
2.1471
2.1477
2.1477
2.1473
2.1471
2.1472
2.147
2.1465
2.1471
2.1473
2.1473
2.1466
2.1471
2.1471
2.1467
2.1466
2.1467
2.1466
2.1466
2.1463
2.1469
2.1466
2.1467
2.1467
2.147
2.1467
2.1468
2.1465
2.1468
2.1469
2.1468
2.1466
2.1471
2.1468
2.1466
2.1466
2.1471
2.1471
2.1467
2.1465
2.1467
2.1469
2.1464
2.1466
2.1468
2.1469
2.1466
2.1467
2.1465
2.1463
2.1465
2.1465
2.1472
2.147
2.1463
2.1465
2.147
2.147
2.1462
2.1457
2.1463
2.1467
2.1467
2.1462
2.1465
2.1463
2.1465
2.146
2.1465
2.1463
2.1462
2.1461
2.1459
2.1461
2.1464
2.1456
2.1461
2.146
2.1461
2.1458
2.1464
2.1458
2.1461
2.1457
2.146
2.146
2.1463
2.1455
2.1461
2.1465
2.1461
2.1454
2.1461
2.1459
2.1456
2.1455
2.1456
2.1455
2.145
2.1452
2.146
2.1454
2.1453
2.1455
2.1461
2.1459
2.1458
2.1452
2.1458
2.146
2.1454
2.146
2.1457
2.1452
2.1453
2.1454
2.1457
2.1459
2.1459
2.1455
2.1459
2.1458
2.146
2.1456
2.1462
2.1454
2.1457
2.1458
2.1455
2.1458
2.1458
2.1458
2.1453
2.1462
2.1456
2.1454
2.1459
2.146
2.1462
2.1458
2.1466
2.146
2.1456
2.1458
2.1463
2.1458
2.145
2.1449
2.146
2.1458
2.1456
2.1454
2.1453
2.1449
2.1452
2.1448
2.1465
2.1452
2.1455
2.1455
2.1456
2.1454
2.1456
2.1451
2.1457
2.1457
2.1459
2.1455
2.1454
2.1459
2.1458
2.1454
2.1461
2.1452
2.1455
2.145
2.1459
2.1457
2.1449
2.1455
2.1456
2.1451
2.1458
2.145
2.1453
2.1452
2.1454
2.1448
2.1455
2.1453
2.1452
2.1453
2.1455
2.1456
2.1456
2.1451
2.1453
2.1455
2.1449
2.1448
2.1454
2.1454
2.145
2.1451
2.145
2.1451
2.1452
2.145
2.1455
2.1451
2.1454
2.1455
2.1458
2.1456
2.1455
2.1446
2.1454
2.1452
2.1454
2.1455
2.1452
2.146
2.146
2.1452
2.1459
2.1449
2.1448
2.1455
2.1455
2.1459
2.1454
2.1451
2.1454
2.1456
2.145
2.1451
2.1447
2.1451
2.1449
2.1445
2.1454
2.1451
2.1452
2.1454
2.1454
2.1458
2.1445
2.1449
2.1455
2.146
2.1456
2.1453
2.1459
2.1454
2.1452
2.1458
2.1455
2.1451
2.1457
2.1447
2.1454
2.1458
2.1457
2.1458
2.1454
2.1455
2.1457
2.1451
2.1459
2.1458
2.146
2.146
2.1456
2.1456
2.1458
2.145
2.1461
2.1458
2.1455
2.1459
2.146
2.1463
2.1455
2.1457
2.1464
2.1458
2.146
2.1462
2.1456
2.1459
2.146
2.1457
2.1465
2.1464
2.1461
2.146
2.146
2.1469
2.1458
2.1462
2.1465
2.1466
2.1465
2.1461
2.146
2.1462
2.1463
2.1462
2.1463
2.1461
2.1461
2.1462
2.1469
2.1463
2.146
2.1468
2.1465
2.1462
2.1465
2.146
2.1461
2.146
2.1463
2.1465
2.1463
2.1465
2.1474
2.1464
2.1468
2.1463
2.1459
2.1468
2.1467
2.1465
2.1467
2.1462
2.1465
2.1464
2.1464
2.1465
2.1463
2.1461
2.1465
2.1465
2.1463
2.1467
2.1467
2.1466
2.1462
2.1466
2.1468
2.1462
2.1468
2.1463
2.1464
2.1463
2.1461
2.1464
2.146
2.1461
2.1465
2.1463
2.1467
2.1466
2.1465
2.1463
2.1464
2.1461
2.1466
2.1461
2.1465
2.1459
2.1462
2.1463
2.1459
2.1461
2.1463
2.1459
2.1464
2.1458
2.1458
2.146
2.1458
2.146
2.1463
2.1462
2.146
2.1459
2.1463
2.1462
2.1462
2.1459
2.1456
2.1461
2.146
2.1454
2.1456
2.1453
2.145
2.1453
2.1459
2.1458
2.1457
2.1446
2.1453
2.1462
2.1458
2.146
2.1455
2.1458
2.1455
2.1452
2.1456
2.146
2.1461
2.1455
2.1456
2.1453
2.1455
2.1453
2.1459
2.1459
2.1453
2.1459
2.1456
2.1455
2.1454
2.1461
2.1459
2.146
2.1463
2.1459
2.1457
2.1459
2.1455
2.1453
2.1459
2.1456
2.1458
2.1451
2.1456
2.1458
2.1454
2.1457
2.1458
2.1457
2.1459
2.1456
2.1455
2.1456
2.1457
2.1455
2.1461
2.146
2.1457
2.1446
2.1457
2.1453
2.1453
2.1453
2.1456
2.1457
2.1455
2.1451
2.1457
2.1458
2.1453
2.1459
2.146
2.1453
2.1457
2.1463
2.146
2.1461
2.1449
2.1452
2.146
2.1455
2.1453
2.1457
2.1457
2.1456
2.1458
2.146
2.1462
2.146
2.1456
2.1461
2.1456
2.146
2.1458
2.1457
2.1457
2.1463
2.146
2.146
2.1461
2.1455
2.1457
2.1458
2.1454
2.1462
2.146
2.1458
2.1461
2.1457
2.1461
2.1462
2.1464
2.1461
2.146
2.146
2.1462
2.1462
2.146
2.1458
2.1458
2.1456
2.146
2.1462
2.146
2.1464
2.146
2.1458
2.1461
2.1464
2.1459
2.1464
2.1456
2.1458
2.146
2.146
2.1464
2.1457
2.1466
2.1468
2.1466
2.1469
2.1462
2.1461
2.1462
2.1463
2.1463
2.1461
2.1464
2.1462
2.1457
2.1455
2.1461
2.1461
2.146
2.1464
2.1468
2.1461
2.1463
2.1462
2.1462
2.1463
2.1464
2.1456
2.1459
2.146
2.1461
2.1456
2.146
2.1464
2.1464
2.1461
2.146
2.1458
2.1459
2.1462
2.1458
2.146
2.146
2.1456
2.1461
2.1461
2.146
2.1458
2.1456
2.1464
2.1462
2.1457
2.1464
2.146
2.1464
2.146
2.1463
2.1462
2.1461
2.1458
2.1459
2.1458
2.1464
2.1461
2.1461
2.1463
2.1458
2.1465
2.1461
2.1464
2.1464
2.1457
2.1464
2.1462
2.1454
2.1458
2.1458
2.146
2.1458
2.1458
2.1456
2.1463
2.146
2.1461
2.1464
2.1461
2.1466
2.1461
2.1464
2.1463
2.1455
2.146
2.146
2.1461
2.1463
2.1463
2.1466
2.1461
2.146
2.1463
2.1454
2.1466
2.1463
2.1452
2.1462
2.1461
2.1463
2.146
2.1466
2.1463
2.1459
2.1458
2.1464
2.1457
2.1459
2.1458
2.146
2.1459
2.1466
2.1463
2.1466
2.1458
2.1454
2.1457
2.1462
2.1461
2.1459
2.1459
2.1468
2.1456
2.1463
2.1456
2.1453
2.1461
2.1454
2.1462
2.146
2.146
2.1464
2.1463
2.1464
2.1462
2.146
2.1447
2.1462
2.147
2.1463
2.1463
2.1468
2.1461
2.1457
2.1463
2.1455
2.1464
2.147
2.1464
2.1466
2.1471
2.1468
2.1464
2.1459
2.1467
2.146
2.146
2.1465
2.1455
2.1459
2.1461
2.1462
2.1464
2.146
2.1456
2.1464
2.146
2.1463
2.146
2.1462
2.1459
2.1464
2.1465
2.1466
2.1462
2.1462
2.1461
2.1459
2.1463
2.1463
2.146
2.1464
2.1467
2.1464
2.1458
2.1458
2.1464
2.1457
2.146
2.146
2.1461
2.1464
2.1459
2.1465
2.1469
2.1466
2.1465
2.1467
2.1462
2.1459
2.1458
2.1468
2.1464
2.1461
2.1462
2.1462
2.1464
2.1457
2.1458
2.1466
2.1466
2.1458
2.1459
2.1462
2.1459
2.1459
2.1463
2.1464
2.1462
2.1464
2.1467
2.1465
2.1464
2.1468
2.1462
2.1467
2.1462
2.1464
2.146
2.1463
2.1461
2.1459
2.1462
2.1464
2.1462
2.1458
2.1457
2.1461
2.1462
2.1452
2.1457
2.1457
2.1461
2.1462
2.1457
2.1463
2.1461
2.146
2.1458
2.1459
2.146
2.1462
2.1459
2.146
2.146
2.1457
2.146
2.1459
2.1453
2.1455
2.1449
2.146
2.146
2.1456
2.146
2.1457
2.1457
2.1457
2.1458
2.1457
2.1451
2.1452
2.1456
2.1455
2.1451
2.1459
2.1451
2.1454
2.1455
2.1456
2.1456
2.1454
2.1455
2.1453
2.145
2.1458
2.1456
2.1453
2.1454
2.1457
2.1451
2.1448
2.1454
2.1455
2.1453
2.1455
2.1449
2.1456
2.1454
2.1454
2.1452
2.1453
2.1451
2.1449
2.1449
2.1454
2.1455
2.1451
2.1451
2.1455
2.1449
2.1452
2.1449
2.1452
2.146
2.145
2.1453
2.1455
2.1454
2.1451
2.1448
2.1456
2.1454
2.1458
2.1454
2.1448
2.1459
2.1455
2.1454
2.1456
2.1459
2.1453
2.1451
2.1449
2.1452
2.1452
2.1448
2.1454
2.1454
2.1453
2.1449
2.1452
2.1455
2.1451
2.1452
2.1456
2.1455
2.1458
2.1451
2.1457
2.1453
2.1451
2.1452
2.1448
2.1455
2.145
2.1452
2.1453
2.145
2.1448
2.1452
2.1451
2.145
2.1454
2.1442
2.1453
2.1451
2.1454
2.1447
2.1449
2.1452
2.1447
2.1446
2.1455
2.145
2.1449
2.1449
2.1451
2.1454
2.145
2.1444
2.1448
2.1453
2.1449
2.1446
2.1449
2.145
2.1449
2.1446
2.1451
2.1449
2.1451
2.1445
2.1446
2.145
2.1441
2.144
2.1454
2.1451
2.145
2.1447
2.1449
2.1452
2.1449
2.1446
2.1457
2.1455
2.1454
2.1452
2.1451
2.1456
2.1451
2.145
2.1454
2.1448
2.1449
2.1446
2.1449
2.1449
2.1447
2.1452
2.1453
2.145
2.1455
2.145
2.1446
2.1451
2.1451
2.1448
2.1453
2.1449
2.1452
2.1451
2.1457
2.1451
2.1448
2.1454
2.1449
2.1452
2.1455
2.1449
2.1455
2.146
2.1455
2.1454
2.1455
2.1454
2.1453
2.1457
2.1457
2.1457
2.1458
2.1452
2.1458
2.1455
2.1455
2.1455
2.1456
2.1451
2.1459
2.1456
2.1454
2.146
2.1462
2.1459
2.1456
2.146
2.1459
2.1457
2.1457
2.146
2.1456
2.1457
2.1464
2.1461
2.1459
2.1459
2.1462
2.1462
2.1456
2.1454
2.1458
2.1459
2.1459
2.1456
2.1464
2.1463
2.1458
2.1459
2.1456
2.1456
2.1462
2.1456
2.1464
2.1468
2.1464
2.1465
2.1459
2.1459
2.1467
2.1459
2.1464
2.1465
2.1463
2.1461
2.1464
2.1463
2.1465
2.1458
2.1468
2.1463
2.1466
2.1464
2.146
2.1468
2.1462
2.1466
2.1462
2.1462
2.1467
2.1454
2.1461
2.1465
2.1464
2.146
2.1465
2.1465
2.1464
2.1461
2.1461
2.1465
2.1459
2.1462
2.1464
2.1463
2.1466
2.1464
2.1463
2.1465
2.1466
2.1464
2.1456
2.1462
2.1468
2.1459
2.1465
2.1468
2.146
2.1466
2.1471
2.1465
2.1467
2.1457
2.1464
2.1467
2.1459
2.1461
2.1465
2.1463
2.1463
2.1458
2.1466
2.1462
2.1467
2.1462
2.1468
2.1469
2.1466
2.1458
2.1468
2.1469
2.1468
2.1462
2.1469
2.1468
2.1463
2.1462
2.1464
2.1468
2.1468
2.1462
2.147
2.1472
2.1462
2.1466
2.1467
2.1463
2.1468
2.1466
2.1464
2.1464
2.1464
2.1464
2.1466
2.1472
2.1468
2.1465
2.1469
2.1464
2.1461
2.1468
2.1469
2.1467
2.1463
2.1461
2.1466
2.1468
2.1464
2.1464
2.1462
2.1467
2.1464
2.1464
2.1469
2.1454
2.1459
2.1465
2.1463
2.1467
2.1468
2.1462
2.1465
2.1468
2.1463
2.1462
2.1461
2.146
2.1463
2.1456
2.146
2.1459
2.1462
2.1458
2.1462
2.1458
2.146
2.146
2.1462
2.1461
2.1461
2.1459
2.146
2.1459
2.1455
2.1457
2.1459
2.1452
2.1455
2.1458
2.1456
2.146
2.1464
2.1457
2.1456
2.1455
2.1455
2.145
2.1457
2.1457
2.1453
2.1451
2.1462
2.1456
2.1454
2.1453
2.1452
2.1446
2.1455
2.1452
2.1452
2.1453
2.1447
2.145
2.1457
2.1452
2.1453
2.1452
2.145
2.1455
2.1452
2.1451
2.1455
2.1456
2.1447
2.1455
2.1455
2.1447
2.1453
2.1451
2.1452
2.1454
2.145
2.1447
2.1452
2.1447
2.1449
2.1446
2.145
2.1449
2.1451
2.1448
2.1456
2.1457
2.1452
2.1461
2.1456
2.146
2.1455
2.1446
2.1455
2.1457
2.1454
2.145
2.1453
2.1455
2.1452
2.1452
2.1456
2.1451
2.1458
2.145
2.1456
2.1453
2.1449
2.1454
2.1456
2.1451
2.1456
2.1449
2.1452
2.1451
2.1452
2.1451
2.1458
2.1458
2.146
2.1454
2.1455
2.1456
2.1451
2.1446
2.1456
2.145
2.1453
2.1453
2.1456
2.1457
2.1456
2.1453
2.1451
2.1454
2.1452
2.1451
2.1456
2.1453
2.1456
2.1459
2.145
2.1459
2.1456
2.1454
2.146
2.1451
2.1457
2.1455
2.1456
2.1455
2.1455
2.1446
2.1454
2.145
2.145
2.1456
2.1454
2.1456
2.1456
2.1449
2.1456
2.1455
2.1455
2.1452
2.1452
2.1458
2.1448
2.1446
2.1453
2.1456
2.1455
2.1454
2.1451
2.1451
2.1448
2.1442
2.1452
2.145
2.1452
2.1448
2.1451
2.1451
2.1445
2.1449
2.1452
2.1446
2.1445
2.1454
2.1447
2.145
2.1455
2.1452
2.1453
2.1455
2.145
2.1448
2.1454
2.1449
2.1446
2.145
2.1454
2.1453
2.1449
2.1445
2.1455
2.1448
2.1447
2.145
2.1448
2.1454
2.1452
2.145
2.1455
2.1448
2.1448
2.145
2.1442
2.1446
2.1455
2.1452
2.1454
2.1455
2.145
2.1449
2.1453
2.1453
2.1452
2.1452
2.1452
2.1447
2.1457
2.145
2.1454
2.1459
2.1453
2.1455
2.1457
2.145
2.1462
2.145
2.1454
2.1461
2.1457
2.1456
2.1462
2.1458
2.1458
2.1454
2.1454
2.1461
2.1459
2.1456
2.1462
2.1457
2.1457
2.1457
2.1459
2.1459
2.1456
2.1459
2.1461
2.146
2.1462
2.146
2.1465
2.1461
2.1466
2.146
2.1462
2.1453
2.1464
2.1459
2.1465
2.1459
2.1457
2.146
2.1458
2.1461
2.1459
2.1451
2.1457
2.1461
2.1458
2.1462
2.1459
2.1462
2.1463
2.1461
2.1457
2.1462
2.1466
2.1462
2.1462
2.1463
2.1465
2.1458
2.1465
2.146
2.1456
2.1457
2.1462
2.1461
2.1465
2.1459
2.1467
2.1461
2.147
2.1461
2.1463
2.1463
2.1462
2.1459
2.1469
2.1462
2.1461
2.1467
2.1463
2.1467
2.1463
2.1466
2.1462
2.1466
2.1469
2.1459
2.1467
2.1463
2.1467
2.1463
2.1461
2.1463
2.1465
2.1459
2.1462
2.1462
2.1457
2.1461
2.1466
2.1466
2.1472
2.1462
2.1464
2.1462
2.1468
2.1466
2.1467
2.1465
2.1469
2.147
2.1467
2.1466
2.1464
2.1462
2.1468
2.1464
2.1466
2.1463
2.147
2.1462
2.1468
2.1462
2.1461
2.1464
2.1456
2.146
2.1466
2.146
2.1469
2.1462
2.1467
2.1462
2.146
2.1456
2.1458
2.1458
2.146
2.1463
2.1461
2.146
2.146
2.146
2.1462
2.1461
2.146
2.1459
2.1462
2.1459
2.1459
2.1456
2.1456
2.1457
2.1459
2.1454
2.146
2.1454
2.1455
2.1454
2.1458
2.1456
2.146
2.146
2.1463
2.1459
2.1457
2.1456
2.1453
2.1456
2.1462
2.145
2.1455
2.1458
2.1459
2.1454
2.1461
2.1458
2.146
2.1457
2.1462
2.1458
2.1463
2.146
2.146
2.1456
2.1461
2.1456
2.1455
2.1462
2.1463
2.1463
2.1459
2.1466
2.146
2.1461
2.1465
2.146
2.1462
2.1454
2.1455
2.1458
2.1465
2.1454
2.1462
2.1458
2.1457
2.1457
2.1456
2.1455
2.1458
2.1454
2.1457
2.1456
2.1453
2.1455
2.146
2.1457
2.1456
2.1461
2.1458
2.1461
2.146
2.1459
2.1464
2.1461
2.146
2.1456
2.1461
2.1465
2.1458
2.1452
2.1466
2.146
2.1458
2.1461
2.146
2.1459
2.1461
2.1464
2.1462
2.1459
2.1459
2.1459
2.1464
2.1461
2.146
2.1463
2.1461
2.1463
2.1458
2.1458
2.1461
2.1462
2.1458
2.146
2.1471
2.1459
2.1473
2.1459
2.1463
2.146
2.1456
2.1464
2.1468
2.1461
2.146
2.1459
2.1461
2.1462
2.1464
2.1459
2.1462
2.1464
2.1465
2.1458
2.1461
2.1462
2.1467
2.1462
2.1464
2.1465
2.1462
2.1458
2.1467
2.1464
2.1468
2.1462
2.1463
2.1465
2.1464
2.1466
2.1469
2.1463
2.1467
2.1463
2.1465
2.1467
2.1472
2.1463
2.1469
2.1464
2.1463
2.1463
2.1461
2.146
2.1465
2.1466
2.147
2.1468
2.147
2.1464
2.1461
2.1464
2.1462
2.1466
2.1464
2.1462
2.1468
2.1462
2.1468
2.1467
2.1463
2.1464
2.1463
2.1457
2.1467
2.1462
2.1468
2.1464
2.1467
2.1454
2.1461
2.1462
2.1464
2.1463
2.1467
2.1458
2.1467
2.1461
2.1457
2.1463
2.1459
2.145
2.1459
2.1451
2.1464
2.1462
2.146
2.1463
2.1459
2.1456
2.1465
2.1458
2.1458
2.1456
2.1456
2.1465
2.1461
2.1459
2.1465
2.1462
2.1459
2.1458
2.1458
2.1461
2.146
2.1457
2.146
2.1458
2.1456
2.1454
2.1455
2.1458
2.1452
2.1455
2.1453
2.1448
2.146
2.1448
2.1455
2.1454
2.1447
2.1447
2.1449
2.1448
2.1444
2.1437
2.1442
2.144
2.1436
2.1434
2.1426
2.1424
2.1425
2.1419
2.142
2.1412
2.1409
2.1403
2.1398
2.1395
2.139
2.1382
2.1382
2.1371
2.1373
2.1358
2.1353
2.1355
2.134
2.133
2.1333
2.1315
2.1317
2.1306
2.13
2.129
2.128
2.127
2.1273
2.1254
2.1247
2.1238
2.1229
2.1212
2.1205
2.1189
2.1188
2.1167
2.1163
2.1148
2.114
2.1126
2.1111
2.1101
2.109
2.1073
2.1059
2.1044
2.1034
2.1023
2.1007
2.099
2.0982
2.0964
2.0954
2.0933
2.0926
2.0909
2.0895
2.0885
2.0865
2.0851
2.0844
2.0827
2.0813
2.0792
2.0783
2.0763
2.0754
2.074
2.0722
2.0707
2.0701
2.0686
2.0666
2.0653
2.0639
2.0627
2.0612
2.0594
2.0592
2.0572
2.0566
2.0545
2.0534
2.0526
2.0506
2.0496
2.0483
2.047
2.0462
2.0455
2.0434
2.043
2.0418
2.0406
2.0404
2.0382
2.0378
2.0365
2.0357
2.0348
2.0332
2.033
2.0323
2.0304
2.0304
2.0294
2.0287
2.0281
2.0271
2.0262
2.0254
2.0243
2.0244
2.0239
2.0236
2.0224
2.0218
2.0212
2.0206
2.0202
2.0197
2.0186
2.0187
2.0182
2.0178
2.0175
2.0172
2.0165
2.0161
2.0165
2.0164
2.0159
2.0156
2.0155
2.0158
2.0153
2.0144
2.0148
2.0152
2.0143
2.0147
2.0143
2.0146
2.0143
2.0136
2.0145
2.0148
2.0142
2.0142
2.015
2.0151
2.015
2.0146
2.015
2.0153
2.0152
2.0151
2.0155
2.016
2.0161
2.0165
2.0165
2.0175
2.0176
2.0177
2.0183
2.0185
2.0183
2.0184
2.0191
2.0189
2.0201
2.0201
2.0203
2.0211
2.0211
2.0215
2.0223
2.0223
2.0224
2.0233
2.0233
2.0246
2.0244
2.025
2.0254
2.0259
2.0262
2.0269
2.0268
2.0281
2.0277
2.0287
2.0291
2.0296
2.0295
2.0302
2.0312
2.0314
2.0317
2.0323
2.0327
2.0331
2.034
2.0344
2.0351
2.036
2.0359
2.0367
2.0378
2.0379
2.0373
2.0385
2.0394
2.0399
2.0395
2.0408
2.0411
2.0417
2.0421
2.0425
2.0432
2.0441
2.0439
2.044
2.0443
2.0452
2.0457
2.0459
2.0468
2.0475
2.0479
2.0488
2.049
2.0494
2.0501
2.0507
2.051
2.0517
2.0518
2.0529
2.0533
2.0539
2.0541
2.0547
2.0555
2.0556
2.0563
2.0574
2.0572
2.0578
2.0584
2.0585
2.0592
2.0598
2.0598
2.0608
2.0612
2.0619
2.0622
2.0626
2.0629
2.0635
2.0637
2.0645
2.065
2.0652
2.0655
2.0665
2.0666
2.067
2.0675
2.0676
2.0683
2.0688
2.0688
2.0697
2.0703
2.0703
2.0709
2.071
2.0711
2.0725
2.0725
2.0733
2.0733
2.0739
2.0744
2.0744
2.0754
2.0755
2.0754
2.0761
2.0762
2.077
2.0774
2.0782
2.0781
2.0787
2.0788
2.0796
2.0796
2.08
2.0802
2.0807
2.0808
2.0815
2.0819
2.0828
2.0821
2.0834
2.0834
2.0836
2.0837
2.0845
2.0844
2.0851
2.0854
2.086
2.0862
2.0867
2.0867
2.0873
2.0871
2.0877
2.0879
2.0887
2.0884
2.0893
2.0894
2.0898
2.0901
2.0905
2.0905
2.0909
2.0911
2.0919
2.0916
2.0926
2.0924
2.0928
2.0939
2.0941
2.0941
2.0943
2.094
2.095
2.0953
2.0953
2.0959
2.096
2.0966
2.0969
2.0969
2.0975
2.0984
2.0974
2.0977
2.0987
2.0993
2.0989
2.0993
2.0995
2.0997
2.1004
2.1002
2.1005
2.1012
2.1011
2.1018
2.1027
2.102
2.1025
2.1029
2.1028
2.1031
2.1037
2.1032
2.1039
2.1042
2.1052
2.1048
2.105
2.1057
2.1054
2.1055
2.1055
2.106
2.1065
2.1064
2.1072
2.1075
2.1072
2.1071
2.108
2.108
2.1089
2.1087
2.1086
2.1091
2.1095
2.1094
2.1097
2.1105
2.1103
2.1106
2.1108
2.111
2.1116
2.1115
2.112
2.1118
2.1122
2.1126
2.1124
2.1127
2.1129
2.1128
2.1133
2.1135
2.1141
2.1144
2.115
2.1145
2.1149
2.1151
2.1156
2.116
2.1157
2.1159
2.1164
2.1159
2.1169
2.1166
2.1171
2.1168
2.1177
2.1178
2.1181
2.1176
2.1181
2.118
2.1181
2.119
2.1186
2.119
2.1195
2.1198
2.1202
2.1198
2.1204
2.1204
2.1201
2.1207
2.1214
2.1208
2.1211
2.1211
2.1217
2.1215
2.1215
2.1223
2.1219
2.1222
2.1231
2.1218
2.1232
2.1231
2.1227
2.1231
2.1238
2.1238
2.1245
2.1238
2.124
2.1243
2.1242
2.1245
2.1248
2.1252
2.1253
2.1249
2.1256
2.1249
2.1252
2.1254
2.1258
2.1262
2.1262
2.1266
2.1274
2.1268
2.127
2.1266
2.1278
2.1282
2.1279
2.128
2.1284
2.1278
2.1281
2.1284
2.1282
2.1288
2.1284
2.1283
2.1288
2.1287
2.1297
2.1294
2.1299
2.1295
2.1295
2.1294
2.1299
2.1294
2.1306
2.1297
2.1302
2.1313
2.1305
2.131
2.1312
2.1303
2.131
2.1309
2.1316
2.1315
2.131
2.1313
2.1324
2.1319
2.1325
2.1318
2.1324
2.1323
2.1322
2.1319
2.1329
2.1323
2.1325
2.1324
2.1334
2.1328
2.1329
2.1331
2.1334
2.1336
2.1342
2.1329
2.1343
2.1339
2.134
2.1341
2.1339
2.1339
2.1348
2.1338
2.1342
2.1344
2.1347
2.1347
2.1351
2.1345
2.135
2.1351
2.1353
2.1356
2.1352
2.1351
2.1356
2.1357
2.1351
2.1354
2.1355
2.1355
2.1359
2.1355
2.1361
2.1362
2.1368
2.1363
2.1368
2.1366
2.137
2.1364
2.1367
2.1367
2.1368
2.1368
2.1371
2.1373
2.1376
2.1367
2.1371
2.1375
2.1376
2.1371
2.1372
2.1373
2.1374
2.1375
2.1374
2.1374
2.1371
2.1377
2.1379
2.1381
2.138
2.1384
2.1379
2.1378
2.138
2.1381
2.138
2.1377
2.1381
2.1375
2.1379
2.1388
2.1385
2.1379
2.1387
2.1386
2.1383
2.1386
2.139
2.1385
2.1388
2.1384
2.1392
2.1387
2.139
2.1396
2.1394
2.1389
2.1395
2.1391
2.1396
2.1389
2.1391
2.1394
2.1395
2.1399
2.1397
2.1396
2.1401
2.1397
2.1397
2.1396
2.1398
2.14
2.1397
2.1403
2.1403
2.1404
2.14
2.1402
2.1399
2.1403
2.1401
2.1396
2.1403
2.1405
2.1402
2.1408
2.1409
2.1411
2.1405
2.1404
2.1411
2.1408
2.1412
2.1408
2.141
2.141
2.1411
2.1409
2.1413
2.1412
2.1413
2.1408
2.1415
2.142
2.1408
2.1412
2.142
2.141
2.1415
2.1416
2.1411
2.1419
2.1414
2.1417
2.1416
2.1413
2.142
2.1423
2.1421
2.1412
2.142
2.1413
2.1421
2.1416
2.1415
2.1414
2.1423
2.1424
2.1418
2.1416
2.1419
2.1418
2.1419
2.1424
2.1425
2.1424
2.1426
2.1423
2.1427
2.1428
2.1427
2.143
2.1424
2.1428
2.1426
2.1421
2.1428
2.1432
2.1424
2.1428
2.1435
2.1426
2.1423
2.1429
2.1429
2.1431
2.1433
2.1435
2.1435
2.1436
2.1432
2.1433
2.1435
2.1436
2.1432
2.1437
2.144
2.1435
2.1439
2.1434
2.1435
2.1434
2.1436
2.1437
2.1437
2.144
2.1439
2.1439
2.1445
2.1443
2.1442
2.1444
2.144
2.1439
2.1441
2.1444
2.1442
2.1446
2.1445
2.1442
2.1442
2.1447
2.1444
2.144
2.1446
2.1445
2.1449
2.1444
2.1445
2.1455
2.1447
2.1441
2.1448
2.1447
2.1449
2.1445
2.1449
2.1449
2.1446
2.1449
2.1456
2.145
2.1451
2.1445
2.1452
2.1452
2.1448
2.1454
2.1444
2.1449
2.1451
2.1445
2.1454
2.1455
2.1447
2.1448
2.1452
2.1455
2.1457
2.1451
2.1456
2.1453
2.1452
2.145
2.1448
2.1448
2.1456
2.1451
2.1455
2.1456
2.1453
2.1458
2.1455
2.1455
2.1457
2.1447
2.1452
2.1453
2.1454
2.1457
2.1456
2.1458
2.1458
2.145
2.146
2.1455
2.145
2.1451
2.1457
2.1459
2.1456
2.1462
2.1463
2.1452
2.1458
2.1458
2.1452
2.1463
2.1461
2.1451
2.1462
2.1458
2.1456
2.1455
2.146
2.1463
2.1451
2.146
2.1465
2.1461
2.1463
2.1455
2.146
2.1461
2.1457
2.1463
2.146
2.1452
2.1454
2.1461
2.1464
2.1459
2.1462
2.146
2.1465
2.1464
2.1462
2.1456
2.1464
2.1462
2.1466
2.1464
2.1464
2.1459
2.1465
2.1465
2.1468
2.1459
2.1462
2.1461
2.146
2.1462
2.1464
2.1461
2.1461
2.1463
2.1463
2.146
2.1462
2.1461
2.1461
2.1463
2.1469
2.1465
2.1466
2.1462
2.1465
2.1467
2.1459
2.1461
2.1465
2.1462
2.146
2.1461
2.1468
2.1463
2.1457
2.1464
2.1461
2.146
2.1461
2.1464
2.1465
2.1465
2.1463
2.1461
2.1462
2.1465
2.1464
2.1459
2.1464
2.1462
2.1464
2.1462
2.1463
2.1467
2.1465
2.1458
2.1467
2.1461
2.1464
2.1459
2.1463
2.1471
2.1463
2.1464
2.1469
2.1465
2.1467
2.1466
2.146
2.1466
2.1467
2.1464
2.1468
2.1467
2.1461
2.1467
2.1464
2.1468
2.1459
2.1462
2.1465
2.1473
2.1468
2.147
2.147
2.1475
2.1471
2.1466
2.1475
2.1473
2.1468
2.1464
2.1468
2.1464
2.1468
2.1472
2.1475
2.1477
2.147
2.1465
2.147
2.1474
2.147
2.1475
2.1474
2.1473
2.1471
2.1475
2.1479
2.1475
2.1474
2.1472
2.1472
2.1475
2.1475
2.1477
2.1482
2.1481
2.1478
2.1476
2.148
2.1475
2.1476
2.1477
2.1476
2.148
2.148
2.1479
2.148
2.1474
2.148
2.1472
2.1472
2.1479
2.148
2.1475
2.1476
2.1481
2.148
2.1478
2.1474
2.1475
2.1478
2.1477
2.1485
2.1477
2.1479
2.1479
2.148
2.148
2.1479
2.1475
2.1483
2.1479
2.1478
2.1482
2.1482
2.1484
2.1479
2.1479
2.1484
2.148
2.148
2.1478
2.1478
2.1478
2.1481
2.1478
2.1478
2.148
2.148
2.1485
2.1479
2.1487
2.1476
2.148
2.1481
2.148
2.1485
2.1481
2.1485
2.1484
2.1478
2.1479
2.1478
2.1476
2.148
2.1481
2.1479
2.1484
2.1479
2.1473
2.1479
2.148
2.148
2.1475
2.1478
2.1479
2.1473
2.1477
2.148
2.1474
2.148
2.1473
2.1476
2.148
2.1478
2.1477
2.1478
2.1484
2.1478
2.1474
2.1483
2.148
2.1478
2.1479
2.1477
2.1485
2.1484
2.1477
2.1482
2.1481
2.1478
2.1478
2.1477
2.148
2.148
2.1478
2.1481
2.148
2.1477
2.1476
2.1479
2.1482
2.148
2.1472
2.1476
2.1482
2.1485
2.1481
2.1476
2.1484
2.1481
2.1474
2.1483
2.1474
2.148
2.1477
2.1476
2.1482
2.1475
2.148
2.1483
2.1481
2.1483
2.1476
2.1478
2.1485
2.1477
2.1477
2.1483
2.1482
2.1483
2.1481
2.1483
2.148
2.1478
2.1481
2.1485
2.1484
2.1485
2.1483
2.1484
2.1488
2.148
2.1482
2.1483
2.1484
2.149
2.1484
2.1488
2.1483
2.1488
2.1484
2.1479
2.1484
2.1485
2.1478
2.1486
2.1483
2.1485
2.1483
2.1484
2.1481
2.1486
2.1486
2.1485
2.1488
2.1484
2.1484
2.1489
2.1483
2.1484
2.148
2.1494
2.1482
2.1487
2.1485
2.1486
2.1489
2.1487
2.1486
2.1492
2.1486
2.1492
2.1488
2.1491
2.1486
2.1487
2.1486
2.1486
2.1489
2.1487
2.1485
2.1489
2.1489
2.1484
2.1485
2.1486
2.1487
2.1489
2.1489
2.1489
2.1497
2.1483
2.1485
2.1486
2.1488
2.1488
2.1485
2.1492
2.1489
2.149
2.1493
2.1488
2.149
2.1488
2.1484
2.1496
2.1484
2.1491
2.1488
2.1487
2.1491
2.1488
2.1485
2.1493
2.149
2.1491
2.1487
2.1487
2.1489
2.1485
2.1485
2.1494
2.149
2.1493
2.1487
2.1491
2.1491
2.1489
2.1486
2.1494
2.1489
2.1491
2.1489
2.1491
2.1492
2.1493
2.149
2.1495
2.1489
2.1492
2.1494
2.1489
2.1492
2.1488
2.1492
2.1493
2.1496
2.149
2.1487
2.1495
2.1496
2.1494
2.149
2.1495
2.1491
2.1493
2.1487
2.1497
2.1494
2.1489
2.1491
2.1494
2.1496
2.1498
2.1496
2.1492
2.1495
2.1492
2.1495
2.1494
2.149
2.1489
2.1493
2.1499
2.1489
2.1497
2.1497
2.1496
2.1492
2.1489
2.1486
2.1496
2.1496
2.1497
2.1498
2.1499
2.15
2.1494
2.1498
2.1493
2.149
2.1496
2.1491
2.15
2.1497
2.1492
2.1496
2.1502
2.1495
2.1498
2.1492
2.1497
2.1499
2.1493
2.1501
2.1496
2.1497
2.1498
2.1495
2.1501
2.1496
2.1489
2.1497
2.1496
2.1494
2.1497
2.1491
2.15
2.1492
2.1497
2.15
2.1494
2.1501
2.15
2.1493
2.1502
2.1494
2.1498
2.1494
2.1497
2.1496
2.1495
2.1501
2.1505
2.1495
2.1498
2.1501
2.1498
2.1503
2.1498
2.1499
2.1502
2.1495
2.1499
2.1501
2.1504
2.1499
2.15
2.1504
2.1504
2.15
2.1505
2.1495
2.1502
2.1503
2.1497
2.1496
2.1502
2.1495
2.15
2.1499
2.1503
2.1505
2.1499
2.1499
2.1502
2.1506
2.1505
2.1504
2.1511
2.1507
2.1501
2.1502
2.1502
2.1506
2.1508
2.1507
2.1506
2.15
2.1505
2.1504
2.1498
2.1506
2.1501
2.1506
2.151
2.15
2.1503
2.1507
2.1506
2.151
2.1505
2.1503
2.151
2.1506
2.1511
2.1509
2.151
2.1509
2.1507
2.1508
2.1511
2.1514
2.1506
2.1506
2.1508
2.1515
2.151
2.151
2.1511
2.1507
2.1513
2.1504
2.1508
2.1512
2.1509
2.151
2.1513
2.1505
2.1506
2.1505
2.1516
2.1518
2.1509
2.1511
2.1509
2.1505
2.1511
2.1509
2.1514
2.1511
2.1509
2.1514
2.1511
2.1508
2.1507
2.1505
2.151
2.1517
2.1505
2.1512
2.1512
2.151
2.1509
2.1508
2.1506
2.151
2.1508
2.1508
2.1511
2.1509
2.151
2.1509
2.1514
2.1512
2.1512
2.1509
2.1509
2.1511
2.1507
2.1507
2.1508
2.1509
2.1509
2.1506
2.1509
2.1514
2.1501
2.151
2.1516
2.1507
2.1504
2.1505
2.1511
2.1515
2.1513
2.1508
2.1511
2.1508
2.1516
2.1512
2.1509
2.1513
2.1508
2.151
2.1512
2.1509
2.1509
2.1511
2.151
2.1508
2.1506
2.1505
2.1506
2.1515
2.1507
2.1506
2.1507
2.1503
2.1508
2.1511
2.1508
2.1511
2.1512
2.1507
2.1513
2.1511
2.1511
2.151
2.1508
2.1504
2.1508
2.1507
2.1513
2.1511
2.1512
2.1505
2.1506
2.1509
2.1507
2.1506
2.151
2.1505
2.1507
2.1511
2.1506
2.1513
2.1504
2.1508
2.1506
2.1505
2.1505
2.1507
2.1503
2.1508
2.1511
2.1511
2.1507
2.151
2.1504
2.1506
2.1511
2.1508
2.1505
2.1506
2.1509
2.1515
2.1508
2.1504
2.1516
2.1502
2.1506
2.1507
2.1506
2.1507
2.1506
2.1505
2.151
2.1509
2.1505
2.1506
2.1504
2.151
2.1513
2.1509
2.1511
2.1512
2.1509
2.1509
2.1509
2.1513
2.1509
2.151
2.1509
2.1506
2.151
2.1507
2.151
2.151
2.1504
2.1514
2.1508
2.1513
2.1511
2.1507
2.1512
2.1512
2.1506
2.1513
2.151
2.1509
2.1507
2.1504
2.1511
2.1516
2.1513
2.1511
2.1513
2.1509
2.1511
2.1509
2.1512
2.1514
2.1512
2.1515
2.1518
2.1512
2.1514
2.1513
2.1514
2.1515
2.1507
2.1508
2.1512
2.1515
2.1515
2.1514
2.1519
2.1515
2.1519
2.151
2.1514
2.1521
2.1508
2.1516
2.1518
2.1514
2.1517
2.1523
2.1517
2.1523
2.1514
2.1517
2.1517
2.1516
2.1518
2.1517
2.1517
2.152
2.1516
2.1521
2.1524
2.1516
2.1516
2.1517
2.1526
2.1522
2.1515
2.1519
2.152
2.1521
2.1522
2.1519
2.1524
2.152
2.1515
2.1521
2.152
2.1519
2.152
2.1521
2.1525
2.1522
2.152
2.1521
2.1521
2.1518
2.1517
2.152
2.1528
2.1522
2.1518
2.1522
2.1519
2.1519
2.1517
2.1518
2.1521
2.1516
2.1517
2.152
2.152
2.1531
2.1516
2.1518
2.1521
2.1515
2.1518
2.1523
2.1519
2.1524
2.1522
2.1515
2.1521
2.1522
2.1524
2.1519
2.1521
2.1522
2.1518
2.1518
2.1523
2.152
2.1519
2.1518
2.1521
2.1514
2.1515
2.152
2.1524
2.1521
2.1523
2.1521
2.1526
2.1522
2.1519
2.1521
2.1518
2.1517
2.1526
2.1514
2.1525
2.1526
2.1515
2.1521
2.1525
2.1522
2.1515
2.1512
2.152
2.152
2.1517
2.1518
2.1517
2.152
2.1516
2.1516
2.1516
2.1516
2.1514
2.152
2.1517
2.1517
2.1516
2.1517
2.152
2.1517
2.1519
2.1513
2.1515
2.1523
2.1519
2.1512
2.1527
2.1523
2.152
2.152
2.1516
2.1515
2.1513
2.1514
2.1515
2.1513
2.1515
2.1519
2.1526
2.1522
2.1518
2.1516
2.1517
2.152
2.1514
2.1513
2.1515
2.1516
2.1515
2.1516
2.1516
2.1521
2.1512
2.1514
2.1519
2.1522
2.1516
2.1515
2.1516
2.1523
2.1515
2.1515
2.1524
2.1514
2.1516
2.1522
2.1518
2.1516
2.1516
2.1517
2.1517
2.1519
2.1516
2.1514
2.1513
2.152
2.1513
2.1514
2.1517
2.1514
2.1518
2.1515
2.1516
2.1519
2.1513
2.1518
2.1519
2.1513
2.1513
2.1522
2.1514
2.1521
2.1518
2.1511
2.1518
2.1514
2.1509
2.1516
2.1511
2.1514
2.1517
2.1512
2.152
2.1513
2.1513
2.1516
2.1517
2.1515
2.1508
2.1513
2.1511
2.1515
2.1519
2.1509
2.1515
2.1505
2.1508
2.1513
2.1514
2.1515
2.1515
2.1514
2.1518
2.1517
2.1517
2.1516
2.1518
2.1514
2.151
2.1514
2.1512
2.1516
2.1511
2.1512
2.1516
2.1518
2.1508
2.1511
2.1521
2.1522
2.1514
2.151
2.1515
2.1522
2.1512
2.1512
2.1511
2.1512
2.1513
2.1514
2.1511
2.1519
2.1511
2.1513
2.1512
2.1517
2.1513
2.1516
2.1514
2.1508
2.1512
2.1512
2.1512
2.1517
2.1508
2.1509
2.1518
2.1512
2.1507
2.151
2.1512
2.1508
2.1513
2.1512
2.1516
2.1515
2.1509
2.1513
2.1514
2.1516
2.1515
2.151
2.1517
2.1513
2.1513
2.1514
2.1513
2.1513
2.1512
2.1508
2.1518
2.1518
2.1519
2.1509
2.1514
2.152
2.1509
2.1515
2.1513
2.1513
2.1516
2.1511
2.151
2.1518
2.1514
2.1518
2.1517
2.1515
2.1517
2.1506
2.1515
2.1521
2.1512
2.1519
2.152
2.1515
2.1516
2.1517
2.1518
2.152
2.1509
2.1513
2.1516
2.1518
2.1516
2.1516
2.1517
2.1511
2.1512
2.1513
2.1516
2.1525
2.1517
2.1514
2.1518
2.1522
2.1516
2.1519
2.1517
2.1519
2.1515
2.1515
2.152
2.1522
2.1514
2.1518
2.1518
2.1523
2.1515
2.1518
2.1512
2.152
2.1518
2.1512
2.152
2.1519
2.1512
2.1518
2.1514
2.1519
2.1519
2.1514
2.1527
2.1523
2.1516
2.1519
2.1522
2.1517
2.152
2.1515
2.1514
2.1514
2.1518
2.1517
2.1519
2.1518
2.1516
2.1514
2.1521
2.1515
2.1514
2.1511
2.1513
2.1513
2.1516
2.1512
2.152
2.1513
2.1516
2.151
2.152
2.1516
2.1507
2.1515
2.1519
2.1512
2.1518
2.1516
2.1519
2.1514
2.1518
2.1516
2.1514
2.1516
2.1515
2.152
2.1518
2.1524
2.1519
2.1519
2.1518
2.1521
2.1516
2.1516
2.1515
2.1516
2.1511
2.1515
2.1518
2.1518
2.152
2.1514
2.1518
2.1517
2.1511
2.1515
2.1519
2.1516
2.1519
2.1515
2.1517
2.1519
2.1515
2.151
2.1517
2.1518
2.1519
2.1514
2.1522
2.1523
2.1518
2.152
2.1515
2.152
2.1516
2.1513
2.1517
2.1509
2.1514
2.1514
2.1514
2.1519
2.1517
2.1515
2.1512
2.1515
2.1511
2.1512
2.1512
2.1514
2.1514
2.1516
2.1515
2.1511
2.1516
2.1509
2.1515
2.1521
2.1518
2.1515
2.1517
2.1513
2.1516
2.152
2.1525
2.1523
2.1515
2.1519
2.1523
2.1517
2.1516
2.1512
2.1521
2.152
2.1514
2.152
2.1513
2.1513
2.152
2.1513
2.1521
2.152
2.1515
2.1521
2.152
2.152
2.1518
2.1522
2.1524
2.1527
2.1513
2.1525
2.1519
2.152
2.1517
2.1515
2.1516
2.1518
2.1515
2.1514
2.1518
2.1524
2.1517
2.152
2.152
2.1519
2.1519
2.1518
2.1521
2.1526
2.1519
2.1513
2.1521
2.1526
2.1523
2.1524
2.1521
2.152
2.1516
2.1517
2.1519
2.1516
2.1518
2.1518
2.152
2.1522
2.1521
2.1517
2.1521
2.1524
2.152
2.1513
2.1524
2.1521
2.1523
2.1528
2.1523
2.1521
2.1523
2.1517
2.152
2.1525
2.152
2.1523
2.1518
2.152
2.1521
2.1523
2.1525
2.1523
2.1527
2.1528
2.1524
2.1522
2.1529
2.1523
2.1523
2.1522
2.1523
2.1522
2.1527
2.1529
2.1519
2.153
2.1528
2.1526
2.1525
2.1525
2.1529
2.1528
2.1525
2.1525
2.1528
2.1525
2.1526
2.1529
2.1526
2.1533
2.1525
2.1531
2.1531
2.1526
2.1533
2.1536
2.1531
2.1532
2.1536
2.1532
2.1529
2.1536
2.1533
2.153
2.1533
2.153
2.153
2.1533
2.1535
2.1535
2.1534
2.1529
2.1534
2.153
2.1527
2.153
2.1532
2.1532
2.1531
2.1532
2.154
2.1531
2.1527
2.1526
2.1528
2.1533
2.1527
2.153
2.1533
2.1531
2.1528
2.1526
2.1539
2.1532
2.1532
2.1534
2.153
2.1527
2.1532
2.1532
2.1531
2.1536
2.1526
2.1527
2.1528
2.1529
2.1533
2.1525
2.1528
2.1534
2.1531
2.1532
2.1535
2.1526
2.1528
2.1526
2.1527
2.1534
2.1524
2.153
2.1534
2.1527
2.1529
2.1528
2.1527
2.1527
2.1523
2.1529
2.1527
2.1523
2.1523
2.1523
2.1527
2.1526
2.1522
2.1527
2.152
2.1524
2.1525
2.152
2.1526
2.1528
2.1522
2.1527
2.1521
2.1522
2.1522
2.1523
2.1524
2.1526
2.1522
2.152
2.1519
2.152
2.1521
2.1521
2.1526
2.1524
2.152
2.1522
2.1522
2.1526
2.152
2.1523
2.1522
2.1521
2.1519
2.1516
2.1522
2.152
2.1519
2.1522
2.1524
2.1521
2.1518
2.1518
2.1516
2.1519
2.1516
2.1521
2.1519
2.1514
2.1516
2.1517
2.1521
2.1516
2.1511
2.1518
2.1518
2.152
2.1515
2.1514
2.1518
2.1517
2.1516
2.1518
2.1518
2.1515
2.1518
2.1517
2.1521
2.1523
2.1516
2.152
2.1521
2.152
2.1519
2.1512
2.1512
2.1516
2.1518
2.1516
2.1511
2.1517
2.1515
2.1518
2.1518
2.1517
2.151
2.1517
2.1518
2.1511
2.1512
2.1512
2.152
2.1512
2.1517
2.1513
2.1518
2.1511
2.1516
2.1512
2.1514
2.1518
2.1515
2.1513
2.1517
2.152
2.1515
2.1515
2.1512
2.1515
2.1514
2.1517
2.1515
2.1516
2.1514
2.1512
2.1516
2.1514
2.1519
2.151
2.1517
2.1519
2.1517
2.1519
2.1518
2.1519
2.1515
2.1507
2.1521
2.1516
2.152
2.1517
2.1512
2.1519
2.1518
2.1514
2.152
2.1516
2.1505
2.1511
2.1511
2.1521
2.1518
2.1516
2.1518
2.1518
2.1516
2.1516
2.1517
2.1517
2.1511
2.1515
2.1516
2.1514
2.1515
2.1514
2.1516
2.1516
2.1517
2.1514
2.1515
2.1516
2.1514
2.1513
2.1516
2.152
2.1515
2.1515
2.1522
2.1518
2.1516
2.1518
2.1523
2.1524
2.1517
2.1518
2.1518
2.1518
2.1515
2.1518
2.1512
2.1512
2.1513
2.1514
2.1513
2.1515
2.1514
2.1513
2.152
2.1514
2.151
2.1514
2.1515
2.1519
2.1511
2.1512
2.1519
2.1514
2.1516
2.1519
2.1515
2.1514
2.1512
2.1515
2.1519
2.1515
2.1515
2.1513
2.1518
2.1516
2.1514
2.1514
2.1518
2.1519
2.1511
2.1521
2.1519
2.1519
2.1515
2.1516
2.1517
2.1509
2.1514
2.1516
2.1519
2.1521
2.1509
2.1517
2.1523
2.1512
2.1523
2.1511
2.1519
2.1518
2.1514
2.1523
2.152
2.1515
2.1518
2.1519
2.1518
2.1515
2.1516
2.1518
2.1518
2.1519
2.1522
2.1513
2.1518
2.1519
2.1521
2.152
2.1519
2.1518
2.1514
2.1513
2.1523
2.1521
2.1518
2.1521
2.1519
2.152
2.152
2.1514
2.1514
2.1521
2.1518
2.1521
2.1526
2.1526
2.1521
2.1518
2.1527
2.1522
2.152
2.1518
2.1521
2.1518
2.1517
2.1524
2.1525
2.1524
2.1523
2.1523
2.1526
2.1522
2.1517
2.1519
2.1521
2.152
2.1524
2.1519
2.1524
2.1522
2.1522
2.1518
2.1519
2.1521
2.152
2.1522
2.1523
2.1522
2.1519
2.1516
2.1516
2.1521
2.1518
2.1518
2.1523
2.1522
2.152
2.1521
2.1525
2.1522
2.152
2.1519
2.1522
2.152
2.1525
2.152
2.1519
2.1525
2.1524
2.152
2.1518
2.1519
2.1518
2.1515
2.152
2.152
2.1517
2.1522
2.1522
2.1521
2.152
2.1521
2.1518
2.1521
2.1517
2.1525
2.1525
2.1519
2.1524
2.1521
2.1524
2.1528
2.152
2.1518
2.1521
2.1519
2.1519
2.152
2.1525
2.1523
2.1518
2.1525
2.1523
2.1522
2.1518
2.1517
2.1524
2.1517
2.1523
2.1523
2.152
2.1519
2.1522
2.1521
2.1526
2.1528
2.1523
2.1523
2.1524
2.1525
2.152
2.1523
2.1528
2.1528
2.1523
2.1519
2.1523
2.1525
2.1523
2.1525
2.1524
2.1522
2.152
2.1524
2.1521
2.152
2.1523
2.1531
2.1526
2.1528
2.1531
2.1526
2.153
2.1527
2.1524
2.1527
2.1531
2.1523
2.153
2.1523
2.1532
2.1527
2.1528
2.1528
2.1528
2.1524
2.1526
2.1526
2.1533
2.153
2.1533
2.1528
2.1531
2.153
2.1535
2.153
2.1534
2.153
2.1527
2.1536
2.1528
2.153
2.1531
2.1529
2.1528
2.1531
2.1526
2.153
2.1526
2.153
2.1526
2.1527
2.1531
2.1532
2.1535
2.1527
2.1528
2.153
2.1525
2.1534
2.1533
2.1526
2.1533
2.1531
2.1534
2.153
2.1524
2.1522
2.1525
2.1527
2.153
2.153
2.1531
2.1532
2.1523
2.1524
2.1525
2.1522
2.1525
2.153
2.1524
2.1523
2.1528
2.1529
2.1527
2.1531
2.153
2.1526
2.153
2.1525
2.1523
2.153
2.1521
2.1523
2.1532
2.1526
2.1528
2.152
2.152
2.152
2.1521
2.1521
2.1521
2.1516
2.1521
2.1521
2.1523
2.1521
2.1521
2.1519
2.1518
2.1519
2.152
2.1519
2.1523
2.1517
2.1515
2.1518
2.1516
2.1519
2.1519
2.1516
2.1521
2.1522
2.1519
2.1522
2.1514
2.1519
2.1523
2.1511
2.151
2.1508
2.1516
2.1518
2.1512
2.1521
2.1521
2.1516
2.1515
2.1516
2.1517
2.1519
2.1514
2.1517
2.1514
2.1514
2.1518
2.151
2.1518
2.1519
2.1515
2.1517
2.1517
2.1517
2.1514
2.1511
2.1521
2.1518
2.1519
2.1514
2.1516
2.151
2.1515
2.1517
2.1517
2.1516
2.1516
2.1515
2.1519
2.1519
2.1517
2.1511
