2.1482
2.151
2.151
2.1466
2.1486
2.1522
2.1482
2.1482
2.1518
2.149
2.149
2.1482
2.1506
2.151
2.1494
2.1486
2.1494
2.1494
2.1494
2.1478
2.151
2.1502
2.1478
2.1502
2.1506
2.149
2.1494
2.1486
2.1498
2.1506
2.1482
2.1494
2.1498
2.1486
2.1446
2.149
2.1498
2.1514
2.1514
2.1474
2.1506
2.1478
2.1502
2.1482
2.1526
2.151
2.149
2.1482
2.1466
2.1498
2.149
2.1438
2.153
2.1474
2.151
2.1498
2.1458
2.1486
2.1494
2.1498
2.1538
2.149
2.1518
2.1494
2.1486
2.1526
2.1518
2.145
2.1502
2.1486
2.145
2.147
2.1526
2.151
2.1518
2.1486
2.1494
2.1466
2.149
2.1482
2.1526
2.1494
2.1486
2.151
2.1506
2.1498
2.1514
2.149
2.151
2.1486
2.1542
2.1474
2.1486
2.147
2.1474
2.149
2.1486
2.1498
2.1486
2.1478
2.1482
2.1494
2.1502
2.1506
2.1498
2.1502
2.1486
2.1462
2.1502
2.1482
2.1462
2.1454
2.1506
2.1522
2.151
2.147
2.1494
2.1506
2.1498
2.1466
2.1502
2.147
2.1498
2.1494
2.1498
2.1502
2.1494
2.1514
2.151
2.1514
2.1478
2.1466
2.1486
2.1478
2.1502
2.1474
2.1474
2.1474
2.1482
2.147
2.1502
2.1466
2.149
2.1494
2.1522
2.1486
2.1486
2.151
2.1518
2.1498
2.1502
2.1474
2.1498
2.1502
2.1494
2.1482
2.1522
2.1506
2.1518
2.1502
2.1534
2.1482
2.149
2.1502
2.1466
2.1522
2.149
2.149
2.1494
2.1506
2.1486
2.151
2.1534
2.1494
2.1518
2.1498
2.1486
2.1506
2.1478
2.1518
2.1554
2.149
2.1514
2.1466
2.149
2.1486
2.1478
2.149
2.1534
2.1494
2.1498
2.1502
2.1506
2.1514
2.149
2.1494
2.1534
2.149
2.1522
2.147
2.1514
2.1498
2.1506
2.1506
2.1502
2.1502
2.1482
2.1506
2.1522
2.1522
2.1498
2.1514
2.1518
2.1514
2.1538
2.1502
2.1486
2.1534
2.1466
2.1494
2.1526
2.149
2.1542
2.1534
2.1542
2.1502
2.151
2.1506
2.1506
2.1526
2.153
2.1482
2.1518
2.1518
2.151
2.1514
2.1522
2.1522
2.1494
2.149
2.1566
2.1518
2.1522
2.1474
2.1522
2.1514
2.1502
2.1498
2.1522
2.153
2.1478
2.153
2.1502
2.1506
2.153
2.153
2.1506
2.1514
2.1542
2.1494
2.1526
2.155
2.1506
2.1506
2.1514
2.1514
2.1502
2.1522
2.1534
2.1518
2.1538
2.1482
2.1494
2.1518
2.1502
2.151
2.149
2.1502
2.151
2.1486
2.1482
2.147
2.1494
2.149
2.153
2.149
2.1506
2.147
2.151
2.1474
2.1526
2.149
2.1506
2.1514
2.1466
2.151
2.1506
2.1502
2.1498
2.1466
2.1506
2.1502
2.153
2.1486
2.1522
2.1478
2.147
2.1498
2.1542
2.1526
2.1486
2.1522
2.1494
2.151
2.1502
2.1494
2.1514
2.1494
2.1506
2.1498
2.149
2.1482
2.1498
2.1494
2.1506
2.1494
2.1474
2.1498
2.1514
2.1474
2.1518
2.1478
2.151
2.1506
2.1482
2.1502
2.1522
2.149
2.151
2.1494
2.1494
2.1518
2.1478
2.1522
2.1522
2.149
2.1498
2.1478
2.1534
2.1522
2.1486
2.1526
2.1542
2.151
2.1502
2.1466
2.1498
2.1514
2.1494
2.1478
2.1518
2.1514
2.1494
2.1486
2.1478
2.1502
2.1486
2.1478
2.1522
2.1506
2.1498
2.1514
2.1494
2.1494
2.1474
2.1498
2.1462
2.153
2.1498
2.1498
2.1486
2.1486
2.1514
2.1494
2.151
2.1514
2.1474
2.1454
2.1554
2.1502
2.1538
2.1542
2.149
2.1474
2.1518
2.1474
2.153
2.1498
2.151
2.149
2.1498
2.1486
2.1494
2.1478
2.1534
2.1502
2.1494
2.1518
2.1486
2.149
2.151
2.1506
2.1478
2.1542
2.1494
2.1478
2.1502
2.1498
2.1466
2.1486
2.1506
2.1502
2.1514
2.1482
2.153
2.1498
2.149
2.149
2.1506
2.1506
2.1486
2.1458
2.1486
2.1518
2.1498
2.1442
2.1494
2.1494
2.1494
2.1478
2.1466
2.147
2.1498
2.1478
2.149
2.149
2.1478
2.1454
2.1478
2.1482
2.149
2.1478
2.151
2.1462
2.1478
2.1478
2.1466
2.1462
2.147
2.1458
2.1466
2.1514
2.1478
2.1486
2.1526
2.1482
2.149
2.1474
2.1462
2.149
2.1462
2.147
2.1478
2.1478
2.1482
2.1434
2.1482
2.1454
2.1458
2.145
2.1498
2.1462
2.1482
2.1482
2.1486
2.1466
2.147
2.1486
2.1486
2.1438
2.1498
2.1482
2.1462
2.147
2.1474
2.1438
2.1486
2.1478
2.1486
2.1474
2.1474
2.149
2.1474
2.1482
2.147
2.1474
2.1462
2.1502
2.1458
2.1514
2.1498
2.147
2.1482
2.1458
2.147
2.1458
2.147
2.1454
2.1478
2.1482
2.1462
2.149
2.1494
2.1454
2.1506
2.1506
2.149
2.1478
2.147
2.1482
2.151
2.1458
2.147
2.1446
2.1498
2.1478
2.149
2.1478
2.1478
2.1478
2.1486
2.1478
2.1454
2.1474
2.1498
2.1474
2.1478
2.1454
2.1466
2.1486
2.1446
2.1486
2.1466
2.1498
2.1478
2.1474
2.1474
2.1486
2.1462
2.1454
2.1474
2.1462
2.1462
2.1466
2.1462
2.1498
2.1494
2.1478
2.1474
2.145
2.1474
2.147
2.1482
2.149
2.1482
2.1438
2.1498
2.1506
2.1514
2.1466
2.1522
2.1486
2.1502
2.149
2.1526
2.149
2.1486
2.147
2.147
2.1486
2.1486
2.1466
2.1502
2.1442
2.1506
2.1498
2.1514
2.1514
2.147
2.147
2.1454
2.1478
2.1478
2.1482
2.149
2.1494
2.1482
2.1478
2.1474
2.1478
2.1466
2.1454
2.1498
2.1474
2.1494
2.149
2.1502
2.1502
2.147
2.149
2.1486
2.1518
2.1514
2.1458
2.1502
2.1498
2.1474
2.1474
2.1482
2.151
2.1486
2.149
2.1478
2.1522
2.1474
2.1458
2.1466
2.1462
2.1498
2.1494
2.1474
2.153
2.1502
2.1486
2.1506
2.1478
2.1498
2.1486
2.1502
2.153
2.1494
2.151
2.1486
2.1494
2.1498
2.147
2.1486
2.1462
2.1462
2.1462
2.149
2.1458
2.1498
2.1494
2.149
2.1486
2.1478
2.1498
2.1494
2.1506
2.1486
2.1482
2.1494
2.151
2.1494
2.1478
2.1494
2.1454
2.1478
2.147
2.151
2.1478
2.149
2.1474
2.1498
2.1506
2.1514
2.1462
2.1478
2.1482
2.1482
2.1494
2.1466
2.147
2.1478
2.1486
2.1502
2.1518
2.1494
2.1486
2.149
2.1502
2.1462
2.1502
2.1502
2.1502
2.1506
2.149
2.1494
2.149
2.1478
2.147
2.1494
2.149
2.1478
2.147
2.1462
2.1462
2.1494
2.1486
2.1506
2.1506
2.1474
2.1478
2.1506
2.1474
2.1506
2.1494
2.1518
2.1506
2.1502
2.1474
2.1486
2.1506
2.1494
2.1506
2.1482
2.1442
2.1474
2.1454
2.1514
2.1526
2.1474
2.147
2.1502
2.1486
2.1442
2.147
2.1498
2.1486
2.149
2.1498
2.1478
2.1498
2.1494
2.1502
2.1498
2.1474
2.1506
2.147
2.1462
2.1494
2.151
2.1478
2.1522
2.1494
2.149
2.1486
2.1522
2.147
2.1498
2.1466
2.149
2.1494
2.149
2.1498
2.1486
2.1494
2.1518
2.1494
2.1478
2.1474
2.149
2.149
2.1494
2.1466
2.147
2.1474
2.1522
2.1494
2.149
2.1514
2.1514
2.1502
2.1474
2.1494
2.1502
2.1506
2.1498
2.1518
2.1514
2.1498
2.1506
2.1486
2.1474
2.151
2.1474
2.151
2.1462
2.1482
2.1498
2.1506
2.1514
2.1498
2.151
2.1494
2.1494
2.1514
2.151
2.1502
2.1506
2.151
2.145
2.1498
2.1514
2.1478
2.1506
2.151
2.149
2.1498
2.1534
2.1502
2.1514
2.1494
2.1478
2.1494
2.1478
2.149
2.1478
2.147
2.147
2.1474
2.1506
2.1498
2.1502
2.1478
2.1478
2.1514
2.1466
2.149
2.147
2.1462
2.1474
2.1498
2.1514
2.149
2.149
2.1498
2.1502
2.149
2.1534
2.149
2.1498
2.1506
2.1494
2.151
2.1518
2.1494
2.1522
2.1522
2.1526
2.1502
2.1546
2.1494
2.1462
2.1502
2.1546
2.1486
2.1478
2.1474
2.1506
2.1474
2.151
2.1506
2.1506
2.1478
2.1502
2.1514
2.1514
2.149
2.1502
2.1482
2.153
2.1514
2.1474
2.1474
2.1534
2.1502
2.1514
2.1486
2.1494
2.1482
2.147
2.151
2.1498
2.1502
2.1478
2.1474
2.1534
2.1486
2.149
2.1494
2.1522
2.1534
2.1502
2.1494
2.1494
2.1518
2.1498
2.1514
2.1526
2.1474
2.151
2.1506
2.1534
2.1502
2.1522
2.1506
2.1526
2.1502
2.151
2.1482
2.1506
2.1478
2.1454
2.1466
2.149
2.1506
2.1478
2.147
2.1478
2.1506
2.1458
2.149
2.151
2.1474
2.1502
2.1498
2.1486
2.1502
2.1518
2.1478
2.149
2.149
2.151
2.1474
2.1502
2.1506
2.1478
2.1478
2.151
2.1486
2.1486
2.1474
2.1534
2.149
2.147
2.1514
2.1502
2.1522
2.149
2.1474
2.1482
2.1514
2.149
2.1518
2.1502
2.1454
2.1498
2.151
2.1502
2.1506
2.1506
2.1506
2.149
2.1486
2.1466
2.147
2.1498
2.151
2.1506
2.1466
2.1534
2.1494
2.1502
2.1478
2.1478
2.1486
2.1486
2.1482
2.1458
2.1502
2.151
2.1474
2.1534
2.1494
2.151
2.1474
2.1474
2.1546
2.149
2.1498
2.1494
2.149
2.1482
2.1502
2.1486
2.1474
2.1454
2.1482
2.1494
2.1518
2.1494
2.1494
2.1514
2.151
2.1498
2.1486
2.1514
2.149
2.1514
2.1494
2.1486
2.1502
2.1474
2.1502
2.1514
2.149
2.1506
2.147
2.1522
2.1498
2.151
2.1466
2.1538
2.1498
2.149
2.1518
2.151
2.1514
2.1502
2.1462
2.1498
2.1494
2.1498
2.145
2.1506
2.147
2.1502
2.1494
2.1474
2.147
2.1458
2.1482
2.1502
2.1486
2.1502
2.149
2.1498
2.1502
2.1506
2.1522
2.151
2.1506
2.1498
2.1474
2.1518
2.1474
2.147
2.1474
2.1462
2.1522
2.1506
2.1494
2.1486
2.147
2.151
2.1534
2.1518
2.1494
2.1522
2.1498
2.1502
2.1506
2.1498
2.1478
2.1518
2.149
2.1498
2.1458
2.1502
2.1498
2.1502
2.1506
2.1486
2.1506
2.1518
2.1506
2.1534
2.1498
2.1514
2.147
2.1446
2.1518
2.1478
2.1494
2.1482
2.1482
2.1474
2.147
2.151
2.1506
2.1486
2.1466
2.1454
2.1486
2.1514
2.1514
2.1494
2.149
2.1494
2.145
2.147
2.149
2.1514
2.1486
2.1494
2.1466
2.1478
2.1474
2.1466
2.1478
2.1474
2.1454
2.149
2.1502
2.1498
2.1486
2.1478
2.1482
2.149
2.1482
2.1518
2.1494
2.1482
2.1502
2.1466
2.1506
2.1506
2.147
2.149
2.145
2.1526
2.1498
2.1494
2.1498
2.1486
2.1482
2.1486
2.1482
2.1494
2.1494
2.149
2.1498
2.1502
2.1482
2.149
2.1486
2.147
2.1474
2.1494
2.1502
2.1454
2.1462
2.1474
2.1478
2.147
2.1474
2.1486
2.1478
2.1474
2.1478
2.1474
2.1486
2.1494
2.1478
2.1526
2.149
2.1486
2.1478
2.1506
2.1518
2.1498
2.1466
2.1506
2.1482
2.151
2.1502
2.1482
2.149
2.1502
2.1478
2.1506
2.1486
2.1474
2.1506
2.1458
2.1482
2.1502
2.1462
2.151
2.1462
2.1454
2.147
2.1454
2.1486
2.147
2.1478
2.1466
2.1462
2.1498
2.1466
2.1506
2.1514
2.1486
2.1466
2.151
2.151
2.1498
2.145
2.1502
2.1482
2.1518
2.1442
2.1494
2.1538
2.1502
2.1446
2.1478
2.1494
2.151
2.1494
2.1494
2.1462
2.1522
2.1482
2.1494
2.1474
2.1458
2.1526
2.1494
2.1478
2.151
2.1478
2.1498
2.1482
2.1486
2.1474
2.1526
2.1498
2.1502
2.1482
2.1502
2.1502
2.1458
2.1486
2.1502
2.1506
2.1494
2.1482
2.1522
2.1478
2.149
2.1482
2.153
2.1514
2.151
2.1474
2.151
2.151
2.1498
2.1494
2.1506
2.149
2.1502
2.149
2.1486
2.1498
2.1498
2.1466
2.1518
2.1518
2.1514
2.149
2.1486
2.1514
2.149
2.1466
2.1522
2.1494
2.1482
2.1502
2.147
2.1518
2.1518
2.1462
2.1506
2.151
2.1506
2.1498
2.1482
2.1494
2.1502
2.1522
2.1554
2.1518
2.151
2.145
2.1526
2.153
2.1514
2.149
2.1494
2.151
2.1494
2.1474
2.1494
2.1482
2.1474
2.147
2.1522
2.1478
2.151
2.1502
2.1494
2.1506
2.1502
2.1506
2.1466
2.1518
2.153
2.151
2.1518
2.1482
2.151
2.149
2.147
2.1486
2.1494
2.1462
2.149
2.1502
2.1514
2.1466
2.1522
2.1478
2.1514
2.1494
2.1474
2.1474
2.147
2.1486
2.1474
2.151
2.1474
2.1474
2.153
2.1494
2.1498
2.1494
2.1494
2.1502
2.1494
2.1494
2.1498
2.1494
2.1462
2.1486
2.1482
2.1506
2.1482
2.1482
2.151
2.1482
2.1518
2.1498
2.149
2.1506
2.1478
2.147
2.153
2.149
2.1526
2.1486
2.1498
2.1514
2.1482
2.1502
2.1514
2.1494
2.147
2.1506
2.1466
2.1498
2.1482
2.1482
2.1502
2.149
2.153
2.1538
2.1514
2.1494
2.1518
2.1462
2.1518
2.1502
2.1498
2.1494
2.1526
2.1502
2.1538
2.1474
2.1502
2.1514
2.1486
2.1478
2.151
2.1486
2.153
2.1494
2.1514
2.1506
2.149
2.1518
2.1514
2.1486
2.153
2.1502
2.1474
2.1522
2.1478
2.1498
2.1518
2.1498
2.1502
2.147
2.1506
2.1514
2.1518
2.1474
2.1494
2.149
2.1498
2.1522
2.1498
2.1482
2.151
2.1494
2.1526
2.1498
2.149
2.1462
2.1498
2.1518
2.1486
2.149
2.1494
2.1494
2.151
2.151
2.1542
2.147
2.1482
2.1506
2.1522
2.1502
2.1566
2.1466
2.1486
2.1498
2.1486
2.1494
2.1502
2.1498
2.1498
2.149
2.1494
2.1486
2.1506
2.1498
2.1494
2.151
2.1502
2.1486
2.1486
2.1474
2.1506
2.1462
2.1502
2.151
2.149
2.1514
2.151
2.1506
2.1522
2.149
2.1482
2.1522
2.1494
2.1518
2.1526
2.1502
2.1486
2.1502
2.1506
2.1514
2.1502
2.1506
2.1514
2.1494
2.1498
2.1474
2.1502
2.1506
2.1486
2.1518
2.151
2.1486
2.151
2.149
2.1546
2.1514
2.1526
2.1514
2.1514
2.1474
2.1546
2.1498
2.151
2.1514
2.1514
2.1462
2.1514
2.1482
2.1534
2.1514
2.151
2.1526
2.1522
2.1478
2.1518
2.1534
2.1538
2.1514
2.149
2.151
2.149
2.145
2.1534
2.151
2.1462
2.1494
2.1534
2.149
2.1522
2.1494
2.149
2.1514
2.1478
2.149
2.155
2.1494
2.149
2.1494
2.1542
2.1478
2.1526
2.1514
2.1526
2.1498
2.1478
2.1466
2.1486
2.149
2.1474
2.151
2.1542
2.149
2.1494
2.149
2.1502
2.1478
2.1518
2.1482
2.1518
2.1526
2.1554
2.1518
2.1502
2.1498
2.1514
2.1482
2.1482
2.1494
2.1462
2.1498
2.1534
2.1498
2.1502
2.1486
2.1482
2.151
2.1486
2.1502
2.1522
2.1498
2.1498
2.1518
2.1506
2.1514
2.1502
2.1466
2.1542
2.1474
2.1482
2.1498
2.1538
2.151
2.1534
2.1486
2.147
2.147
2.1482
2.1514
2.1518
2.1522
2.1518
2.1478
2.1514
2.1502
2.1478
2.1478
2.1474
2.1518
2.1502
2.1498
2.1486
2.1506
2.1522
2.149
2.1534
2.149
2.1482
2.1474
2.1498
2.1478
2.1486
2.1482
2.1498
2.147
2.151
2.1486
2.1494
2.1514
2.149
2.1486
2.1478
2.1486
2.147
2.1482
2.1486
2.1502
2.1514
2.1474
2.149
2.1494
2.1514
2.1474
2.1494
2.1498
2.1494
2.1478
2.1486
2.149
2.149
2.1474
2.149
2.147
2.1522
2.1478
2.1494
2.151
2.1514
2.151
2.1498
2.1482
2.1462
2.1498
2.1502
2.1482
2.151
2.1446
2.1514
2.1482
2.1462
2.149
2.1522
2.1458
2.1498
2.1486
2.1482
2.1494
2.1502
2.1478
2.1518
2.149
2.1494
2.147
2.1474
2.1494
2.1506
2.1482
2.1514
2.147
2.1478
2.1486
2.1498
2.149
2.1494
2.1498
2.1498
2.1482
2.1514
2.1474
2.1482
2.149
2.1486
2.1494
2.1534
2.1506
2.1502
2.1498
2.1482
2.1502
2.1526
2.1466
2.1498
2.1474
2.1506
2.1478
2.1486
2.147
2.1518
2.1442
2.1518
2.1518
2.1474
2.151
2.1486
2.1458
2.1494
2.1498
2.1498
2.1486
2.153
2.1506
2.1506
2.1498
2.1498
2.1474
2.153
2.1482
2.1522
2.1486
2.149
2.1502
2.1506
2.1482
2.1522
2.1486
2.149
2.1502
2.1518
2.1482
2.1506
2.1486
2.1494
2.1498
2.1502
2.149
2.1546
2.1518
2.1522
2.1486
2.1526
2.1514
2.1502
2.149
2.1518
2.1498
2.1478
2.1494
2.1522
2.1502
2.1506
2.1514
2.1514
2.1466
2.1514
2.147
2.1522
2.1502
2.1522
2.1474
2.149
2.1502
2.1506
2.1486
2.1546
2.1494
2.1478
2.1474
2.1478
2.1498
2.145
2.1478
2.1518
2.1478
2.153
2.1518
2.151
2.1518
2.1502
2.1494
2.1558
2.1514
2.1498
2.1518
2.1518
2.149
2.1502
2.149
2.1522
2.1482
2.149
2.1502
2.1506
2.1498
2.1526
2.1498
2.1522
2.1478
2.1486
2.149
2.151
2.1514
2.1506
2.151
2.1506
2.151
2.1522
2.1498
2.1546
2.1534
2.151
2.1498
2.1502
2.149
2.1482
2.1514
2.1482
2.1498
2.1522
2.1514
2.151
2.1518
2.1514
2.1506
2.1534
2.149
2.1526
2.1506
2.151
2.147
2.1514
2.1494
2.1482
2.1498
2.1502
2.149
2.1502
2.1498
2.151
2.1494
2.1522
2.1506
2.1474
2.151
2.1518
2.1514
2.1506
2.147
2.1502
2.1482
2.1518
2.1518
2.1514
2.1502
2.151
2.1502
2.151
2.1502
2.1502
2.1474
2.1542
2.1494
2.1506
2.1514
2.1494
2.151
2.151
2.1474
2.1518
2.149
2.151
2.1494
2.1514
2.1498
2.1522
2.1506
2.1494
2.1506
2.1506
2.1518
2.1522
2.1506
2.153
2.1498
2.1554
2.1498
2.1514
2.1502
2.1526
2.1494
2.1494
2.1506
2.1474
2.1494
2.1498
2.149
2.1514
2.1526
2.1502
2.1518
2.1506
2.1506
2.151
2.1486
2.1546
2.1514
2.151
2.1474
2.151
2.1506
2.1522
2.147
2.1494
2.1514
2.1502
2.149
2.1522
2.1438
2.1478
2.1474
2.151
2.1494
2.151
2.1514
2.1522
2.1506
2.151
2.151
2.1494
2.1498
2.1482
2.147
2.1474
2.149
2.1494
2.1502
2.1518
2.1502
2.1498
2.1506
2.1498
2.149
2.1446
2.1454
2.1466
2.1466
2.1482
2.1434
2.147
2.1458
2.147
2.1454
2.1478
2.1422
2.1438
2.1426
2.1442
2.1414
2.1406
2.1402
2.1406
2.137
2.1346
2.1354
2.1354
2.1314
2.135
2.1278
2.1286
2.1234
2.123
2.123
2.1194
2.119
2.119
2.1142
2.1166
2.1086
2.1066
2.1026
2.1006
2.0998
2.0962
2.091
2.0906
2.085
2.0842
2.0786
2.0726
2.071
2.069
2.0662
2.0626
2.0598
2.0542
2.0498
2.0442
2.0394
2.0318
2.029
2.0266
2.0174
2.0182
2.0114
2.0086
2.0042
1.997
1.993
1.9894
1.983
1.9806
1.9758
1.9694
1.9642
1.9578
1.9526
1.9474
1.9462
1.9406
1.9338
1.931
1.9266
1.9234
1.9198
1.9138
1.9066
1.9038
1.903
1.8974
1.8926
1.8878
1.8838
1.8814
1.8746
1.871
1.8678
1.865
1.861
1.859
1.857
1.8514
1.8442
1.8438
1.8402
1.8382
1.8358
1.8334
1.8286
1.8258
1.8202
1.819
1.8186
1.815
1.8122
1.8094
1.8102
1.8086
1.8042
1.8066
1.8014
1.8038
1.7966
1.7958
1.7974
1.7958
1.7898
1.7886
1.7874
1.7894
1.7826
1.781
1.783
1.7814
1.7798
1.7794
1.7806
1.7814
1.7802
1.773
1.7738
1.7774
1.7742
1.7746
1.7746
1.7758
1.7738
1.7754
1.771
1.7742
1.7754
1.7766
1.7778
1.775
1.773
1.7738
1.7766
1.7758
1.7774
1.777
1.7794
1.7806
1.7794
1.7826
1.781
1.7818
1.7818
1.7818
1.7814
1.7854
1.785
1.7878
1.7902
1.7886
1.7894
1.7902
1.7922
1.7942
1.7938
1.7974
1.7962
1.7978
1.7958
1.801
1.8034
1.8022
1.803
1.807
1.805
1.8094
1.8118
1.8134
1.813
1.8158
1.8154
1.819
1.8182
1.8234
1.821
1.825
1.8218
1.8278
1.8266
1.8298
1.8326
1.8382
1.8378
1.841
1.8446
1.843
1.8414
1.845
1.8466
1.8478
1.8482
1.8526
1.8546
1.8566
1.8538
1.8598
1.8606
1.8654
1.8646
1.8674
1.8682
1.8678
1.8698
1.8742
1.873
1.8782
1.877
1.8774
1.8794
1.8846
1.8826
1.8862
1.8882
1.8914
1.889
1.8962
1.8938
1.8954
1.8998
1.897
1.9026
1.9074
1.9058
1.9078
1.9046
1.913
1.9122
1.9126
1.9166
1.9146
1.9154
1.923
1.9206
1.9254
1.923
1.9274
1.9258
1.9286
1.9294
1.9318
1.9322
1.9334
1.9358
1.9358
1.9398
1.9402
1.9422
1.945
1.9422
1.9478
1.9458
1.9502
1.9506
1.9542
1.9506
1.9534
1.953
1.9526
1.957
1.961
1.9554
1.9614
1.9606
1.9626
1.9634
1.9654
1.9666
1.9658
1.9682
1.9686
1.969
1.971
1.9738
1.9746
1.9806
1.9774
1.979
1.9818
1.9814
1.9834
1.9838
1.9826
1.9854
1.985
1.9834
1.9894
1.9882
1.9926
1.9918
1.9922
1.991
1.9962
1.9918
1.997
1.9958
1.9994
1.9978
2.0034
2.0002
2.0034
2.0022
2.005
2.003
2.005
2.0066
2.0078
2.0102
2.0106
2.0094
2.0102
2.0086
2.0126
2.017
2.0138
2.0158
2.0182
2.017
2.0206
2.0202
2.0234
2.0206
2.0234
2.023
2.0238
2.0246
2.0278
2.025
2.0306
2.0278
2.0278
2.031
2.031
2.0302
2.0314
2.0302
2.0318
2.0334
2.0354
2.0366
2.0334
2.0338
2.041
2.035
2.0366
2.0366
2.0378
2.0434
2.0402
2.041
2.0426
2.0418
2.045
2.041
2.0466
2.0442
2.0442
2.0454
2.0498
2.0482
2.0514
2.0502
2.0494
2.0522
2.0554
2.055
2.0538
2.051
2.0554
2.0546
2.055
2.055
2.0566
2.0574
2.0566
2.0566
2.0566
2.0586
2.0626
2.0606
2.0614
2.0578
2.0626
2.0622
2.0622
2.0654
2.0642
2.0638
2.0666
2.063
2.0682
2.0642
2.0654
2.0662
2.0678
2.0686
2.0698
2.0678
2.071
2.0698
2.0702
2.0718
2.0742
2.071
2.0706
2.0722
2.0734
2.079
2.0758
2.0734
2.0762
2.0746
2.0786
2.0774
2.0794
2.0774
2.079
2.0802
2.0818
2.0786
2.0806
2.0794
2.0818
2.0838
2.0818
2.0802
2.0834
2.083
2.0854
2.085
2.0886
2.0878
2.0858
2.0874
2.0838
2.0854
2.0866
2.0854
2.0882
2.0874
2.0894
2.091
2.091
2.0902
2.0906
2.0934
2.089
2.0938
2.0938
2.0866
2.0922
2.095
2.0906
2.0954
2.0994
2.0906
2.1002
2.0934
2.0974
2.0946
2.1006
2.0962
2.099
2.1006
2.0998
2.0986
2.099
2.0958
2.1014
2.0978
2.099
2.1002
2.1018
2.1018
2.1046
2.1006
2.1022
2.1018
2.1038
2.1054
2.1026
2.1034
2.1062
2.1058
2.1054
2.105
2.1066
2.1054
2.1058
2.1054
2.1054
2.103
2.1078
2.107
2.109
2.1082
2.1094
2.1066
2.1094
2.1122
2.1066
2.1082
2.1146
2.1086
2.1094
2.109
2.113
2.109
2.113
2.1082
2.113
2.109
2.1094
2.1162
2.1126
2.113
2.1146
2.1138
2.1138
2.1166
2.1146
2.115
2.119
2.1142
2.1162
2.1166
2.1194
2.121
2.1166
2.1154
2.1138
2.1158
2.1154
2.1158
2.1158
2.1166
2.1194
2.117
2.1206
2.1166
2.1186
2.1166
2.1202
2.1154
2.1198
2.1242
2.1186
2.1198
2.1234
2.119
2.1226
2.121
2.1206
2.1206
2.1206
2.1194
2.1186
2.123
2.1234
2.1238
2.1238
2.123
2.127
2.1226
2.1254
2.1254
2.1266
2.1234
2.1278
2.1234
2.1262
2.1234
2.1278
2.1278
2.1278
2.1254
2.129
2.1254
2.1266
2.1278
2.127
2.127
2.1274
2.1258
2.129
2.127
2.1262
2.129
2.1278
2.1278
2.1302
2.129
2.1286
2.1302
2.1266
2.1286
2.1302
2.127
2.131
2.127
2.1266
2.129
2.1322
2.1298
2.1306
2.1302
2.1326
2.1294
2.131
2.1282
2.1326
2.129
2.1322
2.1306
2.1342
2.1274
2.131
2.135
2.131
2.1322
2.133
2.1306
2.133
2.1342
2.1314
2.1298
2.1338
2.1306
2.1338
2.131
2.1366
2.1334
2.1326
2.1318
2.1346
2.133
2.1342
2.1362
2.137
2.1346
2.135
2.1338
2.1346
2.1382
2.137
2.135
2.1354
2.137
2.1366
2.135
2.139
2.1394
2.1362
2.1382
2.1366
2.1382
2.1378
2.1378
2.1398
2.1398
2.135
2.1358
2.1362
2.1366
2.1374
2.1394
2.1398
2.1382
2.137
2.1362
2.139
2.139
2.1402
2.1366
2.1398
2.137
2.1394
2.1386
2.1398
2.1394
2.1434
2.1402
2.1378
2.1418
2.1378
2.137
2.1358
2.1414
2.141
2.143
2.1402
2.1426
2.1414
2.1406
2.139
2.1402
2.1418
2.1394
2.143
2.1414
2.143
2.1434
2.1438
2.1406
2.1418
2.139
2.1422
2.141
2.1426
2.1418
2.1438
2.1422
2.145
2.1434
2.145
2.1446
2.1414
2.1422
2.1438
2.1414
2.145
2.1418
2.143
2.1394
2.1458
2.1422
2.1446
2.143
2.143
2.1426
2.147
2.1426
2.1414
2.1442
2.1446
2.1458
2.1454
2.1462
2.1438
2.1454
2.1454
2.1466
2.1454
2.147
2.1418
2.1422
2.1458
2.1462
2.1474
2.1494
2.1474
2.1462
2.1446
2.1438
2.1442
2.1458
2.1478
2.1434
2.1466
2.1466
2.1454
2.1502
2.145
2.1474
2.1478
2.1474
2.1482
2.149
2.147
2.1454
2.1482
2.1454
2.1506
2.1458
2.1486
2.1506
2.1494
2.1474
2.149
2.1494
2.143
2.1474
2.1494
2.1462
2.1486
2.147
2.1474
2.1458
2.1498
2.1478
2.149
2.1498
2.151
2.147
2.1498
2.1498
2.1486
2.1474
2.1514
2.1518
2.1534
2.1474
2.151
2.151
2.1462
2.153
2.155
2.1498
2.1506
2.149
2.1518
2.1514
2.1554
2.1478
2.1482
2.1498
2.1498
2.1514
2.1534
2.1482
2.153
2.147
2.1522
2.149
2.1494
2.1486
2.1538
2.1482
2.1478
2.1486
2.151
2.1494
2.1542
2.153
2.1534
2.1494
2.1494
2.1502
2.1494
2.1518
2.1502
2.1502
2.1514
2.1498
2.1526
2.1498
2.1502
2.1542
2.149
2.149
2.1526
2.1514
2.1498
2.1514
2.1522
2.151
2.1518
2.153
2.1518
2.153
2.1522
2.1502
2.1518
2.1506
2.1526
2.1518
2.1498
2.151
2.1502
2.1474
2.151
2.1502
2.1502
2.155
2.1538
2.1534
2.1522
2.1514
2.1526
2.1526
2.1518
2.1486
2.1522
2.151
2.151
2.1518
2.153
2.1518
2.1522
2.1502
2.1534
2.151
2.1538
2.1494
2.1526
2.1514
2.1522
2.1526
2.151
2.1534
2.1546
2.1546
2.1534
2.1562
2.1534
2.1494
2.157
2.1542
2.153
2.153
2.155
2.1546
2.1546
2.153
2.155
2.1526
2.153
2.1522
2.1566
2.1554
2.1534
2.1466
2.1546
2.1542
2.1546
2.151
2.1522
2.1518
2.1566
2.1554
2.1558
2.1542
2.153
2.1522
2.1526
2.1526
2.1542
2.1518
2.1546
2.159
2.1558
2.153
2.1534
2.1534
2.1538
2.1526
2.1554
2.1566
2.1546
2.1542
2.1562
2.1542
2.1514
2.1514
2.1518
2.1558
2.1542
2.1486
2.153
2.151
2.1546
2.1542
2.155
2.153
2.155
2.1518
2.1546
2.1546
2.1578
2.1534
2.1538
2.153
2.1558
2.1546
2.1558
2.1526
2.155
2.1522
2.157
2.1546
2.1554
2.1526
2.1554
2.1542
2.1578
2.1562
2.1578
2.1542
2.1542
2.155
2.1554
2.1566
2.1546
2.1538
2.1598
2.1514
2.1558
2.1562
2.1562
2.1582
2.1546
2.1562
2.1562
2.1526
2.1542
2.1542
2.1526
2.1546
2.1566
2.1554
2.1578
2.157
2.1606
2.155
2.1538
2.155
2.1562
2.1566
2.1526
2.1518
2.1546
2.1522
2.157
2.1574
2.1554
2.155
2.157
2.1574
2.1558
2.1542
2.1574
2.155
2.1586
2.1542
2.1574
2.155
2.1554
2.1558
2.1538
2.159
2.1574
2.1514
2.1546
2.1534
2.1558
2.1554
2.1586
2.1526
2.1558
2.1506
2.1586
2.1526
2.1566
2.1534
2.1582
2.1558
2.1538
2.1526
2.1554
2.157
2.1558
2.153
2.1598
2.1546
2.1554
2.1562
2.1554
2.155
2.1554
2.1562
2.1574
2.1542
2.159
2.1534
2.1566
2.1542
2.1582
2.1554
2.159
2.1546
2.1566
2.157
2.1586
2.1582
2.1594
2.1538
2.155
2.1542
2.1578
2.1558
2.1554
2.1574
2.1578
2.1526
2.1558
2.1558
2.157
2.1554
2.1566
2.1578
2.1546
2.1594
2.1574
2.1582
2.1546
2.155
2.1566
2.1522
2.1582
2.1542
2.1606
2.159
2.1574
2.1554
2.161
2.1562
2.159
2.1558
2.1578
2.159
2.1562
2.153
2.157
2.1578
2.1534
2.1534
2.159
2.1542
2.1578
2.1546
2.159
2.1574
2.157
2.1554
2.1558
2.1586
2.1594
2.1526
2.1594
2.1594
2.155
2.1534
2.1574
2.1526
2.1594
2.157
2.1602
2.157
2.161
2.155
2.1586
2.1574
2.1582
2.157
2.159
2.1582
2.1594
2.159
2.1582
2.1546
2.1562
2.159
2.1598
2.1578
2.157
2.157
2.1598
2.159
2.1594
2.1578
2.1586
2.1598
2.1562
2.1558
2.1586
2.1586
2.155
2.1554
2.1578
2.1582
2.1586
2.1542
2.1594
2.1582
2.157
2.1546
2.157
2.1594
2.157
2.157
2.159
2.1574
2.1566
2.1582
2.1602
2.155
2.1594
2.153
2.1574
2.1594
2.1562
2.1578
2.1598
2.1594
2.1602
2.1558
2.1618
2.157
2.1578
2.1542
2.1602
2.1554
2.1582
2.1574
2.1578
2.159
2.1606
2.1546
2.1614
2.1542
2.157
2.1586
2.1578
2.1586
2.1594
2.159
2.1602
2.1582
2.1598
2.157
2.1618
2.1574
2.1602
2.1618
2.1586
2.1554
2.161
2.155
2.1614
2.1586
2.1578
2.159
2.1634
2.1606
2.1626
2.1586
2.1614
2.1614
2.1626
2.1558
2.161
2.1614
2.159
2.1574
2.161
2.1574
2.1606
2.1574
2.1622
2.1602
2.1582
2.1534
2.1594
2.1614
2.1594
2.1542
2.157
2.159
2.161
2.1558
2.1626
2.161
2.1622
2.1602
2.1602
2.1606
2.159
2.1598
2.1614
2.159
2.1578
2.1586
2.1606
2.159
2.1606
2.1566
2.159
2.1606
2.157
2.157
2.1594
2.1578
2.157
2.1578
2.1614
2.1614
2.1586
2.1582
2.1598
2.1602
2.1606
2.157
2.1614
2.157
2.159
2.157
2.1626
2.1598
2.1582
2.159
2.1614
2.1586
2.1574
2.1578
2.163
2.161
2.1598
2.159
2.163
2.1574
2.1602
2.1562
2.1626
2.1578
2.161
2.1578
2.157
2.1582
2.1638
2.159
2.161
2.1642
2.1594
2.159
2.161
2.1582
2.157
2.1594
2.1614
2.1634
2.1618
2.1594
2.1622
2.1606
2.1614
2.1562
2.1618
2.1606
2.1606
2.1614
2.1598
2.1614
2.1626
2.1574
2.161
2.1578
2.1626
2.1578
2.1606
2.1594
2.1602
2.1574
2.1602
2.157
2.1606
2.1578
2.1606
2.161
2.1606
2.1546
2.1614
2.1554
2.163
2.159
2.1594
2.1586
2.1598
2.1606
2.1614
2.1626
2.1598
2.1578
2.1614
2.1614
2.1602
2.1598
2.1606
2.159
2.1622
2.1586
2.161
2.161
2.1598
2.1582
2.1618
2.1622
2.1598
2.1606
2.1598
2.1574
2.1598
2.1582
2.159
2.1602
2.161
2.159
2.163
2.159
2.1586
2.1586
2.161
2.1554
2.1594
2.1594
2.1642
2.161
2.159
2.1578
2.161
2.1582
2.1626
2.161
2.1614
2.161
2.1598
2.1582
2.1598
2.1582
2.1582
2.1566
2.1574
2.1558
2.157
2.1586
2.157
2.1618
2.1606
2.1594
2.161
2.159
2.1606
2.1566
2.159
2.161
2.1642
2.1602
2.161
2.1602
2.1578
2.1578
2.1614
2.1614
2.1606
2.1594
2.1614
2.163
2.1598
2.1594
2.1606
2.1622
2.163
2.1582
2.1606
2.1562
2.159
2.1534
2.1594
2.1598
2.1594
2.155
2.1582
2.1582
2.1598
2.159
2.1594
2.1598
2.1646
2.1594
2.1618
2.159
2.1574
2.1594
2.1614
2.1602
2.1602
2.1566
2.1634
2.1582
2.1618
2.159
2.1606
2.1606
2.1606
2.1602
2.1594
2.1598
2.1594
2.1618
2.1642
2.1582
2.1606
2.1578
2.1654
2.1614
2.1622
2.1606
2.1606
2.1614
2.1622
2.1574
2.1622
2.1586
2.1642
2.159
2.1634
2.1606
2.1618
2.157
2.1558
2.1598
2.1574
2.161
2.1634
2.1614
2.1634
2.1602
2.1614
2.1626
2.1598
2.1638
2.1638
2.163
2.1614
2.1606
2.1622
2.163
2.159
2.1566
2.1614
2.161
2.1586
2.1654
2.1614
2.1626
2.1646
2.1582
2.1642
2.1638
2.1618
2.1634
2.1642
2.1606
2.1642
2.159
2.1626
2.1606
2.1606
2.1594
2.1646
2.1634
2.1618
2.1598
2.1642
2.1602
2.1622
2.1602
2.1642
2.161
2.161
2.1598
2.1638
2.1594
2.1634
2.1586
2.1594
2.1646
2.1618
2.161
2.1654
2.163
2.1642
2.1614
2.167
2.1598
2.1638
2.1638
2.1638
2.1646
2.1638
2.161
2.1638
2.1642
2.1598
2.1634
2.161
2.163
2.1614
2.1634
2.1642
2.1622
2.1634
2.1606
2.165
2.1638
2.1618
2.1602
2.1622
2.1618
2.163
2.1654
2.1642
2.1622
2.1634
2.1622
2.167
2.1614
2.1618
2.1594
2.1638
2.1646
2.1622
2.1582
2.165
2.163
2.163
2.1598
2.1578
2.1598
2.1618
2.1626
2.1658
2.1594
2.1642
2.165
2.1654
2.1634
2.163
2.165
2.1622
2.163
2.161
2.1638
2.1654
2.1618
2.1642
2.1618
2.1646
2.1646
2.1666
2.163
2.167
2.165
2.1634
2.1618
2.1622
2.1654
2.1642
2.1618
2.1634
2.163
2.165
2.1598
2.1662
2.1638
2.163
2.1662
2.1654
2.163
2.1646
2.1634
2.167
2.163
2.1658
2.163
2.163
2.1626
2.1642
2.161
2.167
2.1646
2.1638
2.1638
2.1666
2.1642
2.165
2.1602
2.1642
2.1638
2.1618
2.1618
2.1642
2.1658
2.1626
2.1642
2.1658
2.1638
2.1662
2.1642
2.1686
2.1626
2.165
2.1658
2.1658
2.1638
2.1654
2.1666
2.1666
2.1654
2.1658
2.165
2.1678
2.1662
2.1674
2.163
2.1666
2.1642
2.1642
2.1626
2.1682
2.1634
2.1626
2.165
2.1658
2.161
2.165
2.1638
2.1662
2.165
2.165
2.1658
2.1654
2.163
2.1662
2.1618
2.1686
2.1638
2.1646
2.1642
2.1642
2.165
2.161
2.1662
2.1654
2.163
2.1658
2.1674
2.1666
2.1662
2.163
2.1646
2.1638
2.1634
2.1666
2.1638
2.1658
2.1646
2.1654
2.1646
2.165
2.165
2.165
2.1662
2.1654
2.163
2.1674
2.1666
2.167
2.167
2.1634
2.1646
2.1674
2.1658
2.1686
2.1638
2.1686
2.1666
2.165
2.1678
2.167
2.165
2.1658
2.165
2.1662
2.1654
2.167
2.163
2.165
2.1682
2.1666
2.1666
2.1678
2.1642
2.1654
2.1646
2.1662
2.1658
2.1638
2.1586
2.1674
2.165
2.1654
2.1634
2.165
2.1646
2.1638
2.1614
2.1634
2.1666
2.1646
2.1626
2.1678
2.1626
2.1622
2.1598
2.1642
2.1638
2.1686
2.1626
2.1638
2.1646
2.1658
2.1654
2.1634
2.1674
2.1654
2.1642
2.1682
2.1638
2.1634
2.1638
2.1634
2.1678
2.1634
2.1646
2.1646
2.1634
2.1618
2.1622
2.1642
2.1646
2.1638
2.1622
2.1662
2.1634
2.1654
2.161
2.1638
2.1638
2.1634
2.1618
2.1658
2.1626
2.1646
2.1658
2.163
2.1642
2.1638
2.1642
2.1634
2.1618
2.163
2.1626
2.1662
2.1642
2.1606
2.1642
2.167
2.1638
2.1646
2.1634
2.1678
2.1658
2.1626
2.1618
2.1674
2.1642
2.1622
2.1646
2.165
2.1662
2.1646
2.1642
2.1638
2.1662
2.1646
2.1654
2.1638
2.1654
2.1626
2.163
2.1658
2.163
2.1646
2.1638
2.1654
2.1654
2.1614
2.161
2.1666
2.1646
2.163
2.1634
2.1602
2.1642
2.163
2.1634
2.165
2.1654
2.1646
2.163
2.1646
2.1634
2.1642
2.1602
2.1642
2.1626
2.165
2.1602
2.1646
2.1626
2.1606
2.1614
2.1674
2.1646
2.1606
2.1646
2.1658
2.163
2.1646
2.165
2.1634
2.1654
2.1618
2.1606
2.1654
2.167
2.1642
2.1614
2.1686
2.1646
2.1646
2.1622
2.1626
2.1638
2.1622
2.1662
2.1662
2.1634
2.165
2.1622
2.1674
2.1658
2.1646
2.1634
2.167
2.1674
2.1682
2.1654
2.165
2.1618
2.1634
2.1622
2.1662
2.1622
2.1642
2.1598
2.165
2.1618
2.165
2.1626
2.167
2.1686
2.1686
2.1606
2.1682
2.1662
2.1646
2.1666
2.1666
2.1646
2.1638
2.161
2.1658
2.163
2.165
2.161
2.1646
2.1622
2.1626
2.1646
2.1666
2.165
2.1618
2.1602
2.1642
2.163
2.1634
2.1598
2.1658
2.1642
2.1634
2.1646
2.1642
2.1662
2.1666
2.1614
2.165
2.1662
2.1598
2.1634
2.1666
2.1658
2.167
2.1638
2.167
2.1654
2.165
2.163
2.1666
2.1634
2.1662
2.1642
2.1666
2.1646
2.1666
2.161
2.165
2.167
2.161
2.1642
2.1686
2.1626
2.163
2.163
2.165
2.1614
2.1638
2.1622
2.167
2.1634
2.1654
2.1622
2.1614
2.165
2.1614
2.1634
2.1638
2.1622
2.1638
2.161
2.1666
2.1658
2.1646
2.1658
2.1682
2.1658
2.165
2.1622
2.1662
2.167
2.1638
2.1634
2.1662
2.1634
2.1626
2.1594
2.165
2.1642
2.1642
2.165
2.1662
2.1642
2.1658
2.1638
2.1638
2.1618
2.1618
2.1618
2.1658
2.1646
2.1602
2.163
2.163
2.1614
2.163
2.1614
2.165
2.1646
2.1638
2.163
2.1666
2.1678
2.1666
2.1658
2.1666
2.1658
2.1678
2.1618
2.1634
2.163
2.1614
2.1614
2.1634
2.1642
2.163
2.1646
2.1678
2.1658
2.1658
2.1618
2.1666
2.167
2.1666
2.1622
2.1682
2.1646
2.1666
2.1622
2.165
2.1622
2.1658
2.1638
2.1682
2.1622
2.1642
2.167
2.1654
2.1634
2.1626
2.1626
2.1666
2.1618
2.1634
2.161
2.1658
2.163
2.1634
2.1622
2.1658
2.1642
2.1642
2.1662
2.1654
2.1638
2.1622
2.1642
2.1654
2.1642
2.1642
2.163
2.1662
2.1654
2.1654
2.1622
2.1654
2.167
2.1658
2.1622
2.1646
2.1622
2.1626
2.1638
2.1678
2.1654
2.1666
2.163
2.165
2.1638
2.1626
2.167
2.1674
2.1638
2.1654
2.1646
2.1674
2.1638
2.165
2.1662
2.167
2.1646
2.1642
2.1622
2.1658
2.165
2.161
2.1646
2.1662
2.1654
2.1698
2.1662
2.1654
2.1674
2.1662
2.163
2.167
2.1642
2.163
2.1658
2.1662
2.165
2.1678
2.1658
2.1666
2.1662
2.165
2.1614
2.1674
2.1658
2.167
2.163
2.167
2.1654
2.1642
2.1618
2.1678
2.1634
2.1678
2.1666
2.167
2.167
2.1646
2.1606
2.1678
2.1602
2.1634
2.1622
2.1658
2.1622
2.1642
2.1662
2.163
2.1638
2.165
2.1642
2.1658
2.1666
2.1666
2.1662
2.165
2.1642
2.1638
2.1658
2.163
2.1682
2.1658
2.1658
2.1682
2.1646
2.165
2.1646
2.1678
2.167
2.167
2.1614
2.1674
2.1654
2.167
2.1646
2.1674
2.1666
2.1666
2.1642
2.1674
2.1622
2.1654
2.1626
2.1658
2.165
2.1646
2.1658
2.1662
2.1594
2.1646
2.1606
2.1686
2.1642
2.1662
2.1678
2.1678
2.1666
2.1682
2.1654
2.163
2.167
2.1642
2.1658
2.1666
2.1654
2.1666
2.1674
2.1682
2.1674
2.165
2.163
2.1678
2.1654
2.1642
2.1646
2.1666
2.165
2.1658
2.165
2.1666
2.1638
2.1682
2.1674
2.1662
2.1654
2.1642
2.1666
2.1674
2.165
2.1698
2.1638
2.1666
2.1634
2.1662
2.1686
2.165
2.1634
2.1654
2.1646
2.1666
2.1654
2.1658
2.1646
2.1662
2.1666
2.1666
2.1678
2.167
2.167
2.1662
2.1662
2.1654
2.1646
2.1642
2.1678
2.1698
2.1654
2.1654
2.1654
2.169
2.1682
2.1662
2.1682
2.1662
2.1662
2.1666
2.1662
2.1674
2.1658
2.1642
2.1674
2.1654
2.167
2.1666
2.1642
2.1678
2.1702
2.1654
2.1658
2.167
2.163
2.1682
2.1678
2.1686
2.1678
2.169
2.167
2.1674
2.1694
2.1622
2.1654
2.1658
2.1638
2.167
2.1678
2.167
2.1702
2.1654
2.1666
2.1694
2.165
2.1698
2.165
2.1686
2.1686
2.1618
2.1646
2.1714
2.1662
2.1666
2.163
2.167
2.169
2.1678
2.163
2.1686
2.1638
2.167
2.1666
2.1674
2.1654
2.1666
2.167
2.1682
2.167
2.1682
2.167
2.1674
2.1678
2.1662
2.1666
2.169
2.1658
2.1654
2.1658
2.1686
2.1682
2.167
2.167
2.1674
2.1674
2.1658
2.1646
2.1682
2.1646
2.1658
2.1662
2.165
2.167
2.1694
2.1662
2.1674
2.1662
2.167
2.1686
2.1682
2.1706
2.1662
2.1658
2.1706
2.1666
2.1682
2.1646
2.165
2.1686
2.1666
2.1658
2.167
2.1686
2.1674
2.1686
2.1686
2.1694
2.1674
2.1662
2.1706
2.1646
2.1674
2.171
2.1694
2.1666
2.1674
2.167
2.169
2.1658
2.167
2.1614
2.1682
2.1662
2.1654
2.1686
2.1658
2.1634
2.167
2.163
2.1702
2.163
2.163
2.1666
2.165
2.165
2.167
2.165
2.1674
2.1678
2.167
2.1654
2.1666
2.1674
2.1718
2.1702
2.1682
2.1738
2.1682
2.163
2.1682
2.163
2.1706
2.1662
2.1682
2.1682
2.167
2.1694
2.1674
2.1658
2.167
2.1666
2.1662
2.1678
2.1654
2.1646
2.1682
2.1642
2.1674
2.1678
2.1658
2.1674
2.1674
2.1638
2.1686
2.169
2.1634
2.165
2.1682
2.1666
2.1722
2.1666
2.1662
2.165
2.1654
2.1662
2.1674
2.1658
2.165
2.1662
2.1662
2.167
2.1702
2.1666
2.1686
2.1682
2.1654
2.1674
2.1682
2.1666
2.165
2.1674
2.1638
2.1662
2.1702
2.165
2.1658
2.165
2.1666
2.1646
2.1666
2.1658
2.1682
2.1658
2.1706
2.1682
2.1674
2.165
2.1682
2.1682
2.1658
2.1658
2.1674
2.1678
2.1698
2.1658
2.1682
2.1642
2.1658
2.1626
2.1686
2.1686
2.1662
2.1662
2.167
2.167
2.165
2.1682
2.1642
2.169
2.1702
2.1646
2.1714
2.1662
2.169
2.1658
2.167
2.1698
2.1674
2.1666
2.1698
2.1658
2.167
2.1642
2.169
2.165
2.1658
2.1654
2.1666
2.1662
2.1646
2.1646
2.167
2.163
2.1686
2.1654
2.1662
2.1666
2.1674
2.1622
2.1702
2.1642
2.1666
2.1682
2.1686
2.1702
2.1666
2.1662
2.1666
2.1674
2.1646
2.1666
2.1686
2.1654
2.1658
2.1654
2.169
2.1662
2.1658
2.1682
2.167
2.1666
2.1662
2.165
2.1698
2.1702
2.165
2.1674
2.169
2.1674
2.165
2.1682
2.167
2.1666
2.1662
2.1658
2.1674
2.1642
2.1646
2.1658
2.167
2.1638
2.1678
2.1622
2.1686
2.1698
2.1658
2.1678
2.169
2.1646
2.1666
2.1678
2.169
2.1634
2.163
2.1662
2.1662
2.163
2.1654
2.1662
2.1694
2.1678
2.1666
2.1646
2.1686
2.165
2.1638
2.167
2.1642
2.1666
2.1642
2.1626
2.1662
2.1654
2.1666
2.1654
2.1674
2.167
2.1658
2.1654
2.1686
2.1638
2.1666
2.1654
2.167
2.167
2.1674
2.167
2.165
2.1674
2.165
2.1602
2.1666
2.1678
2.1682
2.1666
2.1686
2.167
2.1686
2.1658
2.1686
2.1638
2.1646
2.1654
2.1642
2.1686
2.167
2.1618
2.1654
2.1626
2.1654
2.1642
2.1678
2.167
2.1654
2.1662
2.1658
2.1654
2.1638
2.167
2.1654
2.1642
2.1638
2.1666
2.1678
2.1638
2.1666
2.1602
2.1646
2.1638
2.167
2.163
2.1678
2.1678
2.1646
2.1658
2.1642
2.1654
2.1658
2.1622
2.1646
2.1646
2.1634
2.1646
2.1662
2.1654
2.1654
2.1634
2.1638
2.1658
2.1658
2.1638
2.171
2.165
2.1666
2.165
2.1666
2.1654
2.1654
2.1626
2.1638
2.1638
2.1666
2.1638
2.1658
2.1622
2.1654
2.1654
2.1634
2.1662
2.1662
2.1654
2.1662
2.1658
2.163
2.1654
2.1646
2.167
2.1626
2.165
2.1662
2.165
2.1654
2.1654
2.1674
2.1686
2.1666
2.1678
2.1662
2.1678
2.1674
2.1642
2.1658
2.1642
2.1654
2.165
2.1674
2.1662
2.1674
2.1618
2.1654
2.1646
2.1658
2.1622
2.165
2.165
2.1638
2.1638
2.1638
2.1634
2.1666
2.1646
2.165
2.165
2.167
2.1638
2.1618
2.1638
2.1658
2.1658
2.1682
2.1674
2.1662
2.165
2.1642
2.1626
2.1642
2.1654
2.167
2.1642
2.1646
2.1634
2.1682
2.1658
2.1638
2.1658
2.165
2.167
2.167
2.1638
2.167
2.165
2.1662
2.1658
2.1658
2.1682
2.1614
2.1638
2.1686
2.1638
2.1658
2.1662
2.1646
2.167
2.1658
2.1666
2.1646
2.1674
2.1654
2.1662
2.1678
2.1682
2.167
2.1638
2.1666
2.1646
2.1662
2.1678
2.1642
2.1654
2.1674
2.1638
2.1678
2.165
2.1666
2.1674
2.165
2.1638
2.1674
2.1646
2.1654
2.1682
2.1662
2.1666
2.1634
2.1658
2.1642
2.1658
2.1674
2.163
2.1658
2.1666
2.1662
2.1666
2.165
2.161
2.1682
2.165
2.1658
2.1662
2.1658
2.1686
2.1638
2.1646
2.1666
2.1642
2.1702
2.1646
2.169
2.1626
2.1662
2.1654
2.1638
2.163
2.1654
2.1622
2.1686
2.1642
2.165
2.1662
2.169
2.1618
2.1638
2.1638
2.1634
2.1662
2.1646
2.1658
2.1638
2.1666
2.1646
2.1614
2.1646
2.1654
2.1622
2.1646
2.1662
2.1634
2.165
2.165
2.1658
2.1634
2.1698
2.1646
2.167
2.1654
2.1674
2.167
2.1674
2.1662
2.167
2.1662
2.1646
2.1658
2.1686
2.1678
2.1666
2.1618
