2.1502
2.1494
2.1502
2.1498
2.1486
2.1486
2.1514
2.1498
2.1494
2.149
2.1494
2.1474
2.151
2.147
2.1478
2.1502
2.1514
2.149
2.149
2.1474
2.1502
2.1478
2.151
2.1454
2.1442
2.151
2.149
2.1482
2.1554
2.145
2.151
2.147
2.1498
2.1494
2.1538
2.1462
2.147
2.1518
2.1518
2.1498
2.149
2.1498
2.1494
2.1462
2.1486
2.1482
2.1518
2.1498
2.153
2.1502
2.149
2.1478
2.1526
2.1502
2.1506
2.1494
2.1494
2.1506
2.1474
2.1494
2.1494
2.1474
2.1486
2.1482
2.147
2.1458
2.1522
2.149
2.1498
2.1474
2.153
2.1518
2.1514
2.1526
2.1498
2.1458
2.1514
2.1486
2.1494
2.151
2.1502
2.147
2.151
2.149
2.149
2.1474
2.1474
2.1498
2.1514
2.149
2.153
2.1466
2.1498
2.1494
2.1498
2.1482
2.1478
2.1494
2.1498
2.1518
2.1498
2.1474
2.1482
2.1494
2.1498
2.1482
2.149
2.149
2.1494
2.1482
2.147
2.1486
2.1478
2.1506
2.1514
2.1502
2.1518
2.1494
2.1502
2.1514
2.1502
2.1458
2.1466
2.1486
2.1494
2.1494
2.1474
2.151
2.1506
2.1502
2.153
2.147
2.1494
2.145
2.149
2.1462
2.1482
2.1478
2.1502
2.149
2.1506
2.1502
2.1506
2.1494
2.151
2.1486
2.1514
2.1506
2.1498
2.1486
2.151
2.149
2.1506
2.1506
2.1506
2.1502
2.1482
2.1478
2.149
2.1474
2.1466
2.1462
2.1494
2.147
2.151
2.1474
2.1534
2.1514
2.1498
2.149
2.1498
2.1506
2.1478
2.1502
2.1522
2.1514
2.1462
2.1498
2.1522
2.1494
2.1534
2.1498
2.1514
2.1502
2.1522
2.1474
2.1542
2.1498
2.1498
2.151
2.1502
2.1522
2.151
2.1474
2.1518
2.1538
2.1514
2.1518
2.1554
2.1522
2.1498
2.1498
2.1502
2.1502
2.1518
2.1478
2.1498
2.1526
2.1534
2.1502
2.1506
2.151
2.1506
2.149
2.1514
2.1506
2.1522
2.1486
2.1526
2.1518
2.1522
2.151
2.1494
2.1542
2.1522
2.1486
2.1502
2.151
2.153
2.1474
2.1502
2.1502
2.1514
2.1494
2.1534
2.1498
2.1498
2.151
2.153
2.1482
2.1526
2.1506
2.153
2.1518
2.1546
2.1498
2.1522
2.155
2.1542
2.1502
2.1534
2.1526
2.1534
2.1498
2.1522
2.1514
2.1514
2.1526
2.1542
2.1506
2.1494
2.1478
2.1502
2.1498
2.1558
2.147
2.1546
2.1534
2.1534
2.151
2.1554
2.1538
2.1514
2.1534
2.151
2.1522
2.1534
2.1482
2.1538
2.1514
2.1522
2.1494
2.1518
2.1522
2.1522
2.1478
2.1546
2.151
2.151
2.151
2.1518
2.1482
2.1498
2.1474
2.1514
2.1486
2.1534
2.1518
2.153
2.1506
2.1498
2.1482
2.153
2.1522
2.1514
2.1486
2.1518
2.1514
2.1514
2.1518
2.1482
2.1518
2.1534
2.1474
2.1534
2.1462
2.1506
2.1506
2.1522
2.1534
2.1486
2.151
2.1542
2.153
2.151
2.149
2.151
2.1514
2.1522
2.1514
2.1522
2.149
2.1538
2.1506
2.1526
2.1522
2.1506
2.1482
2.1538
2.1502
2.151
2.1498
2.1534
2.1522
2.1522
2.1514
2.1522
2.1502
2.1526
2.149
2.1482
2.1506
2.1546
2.1486
2.1514
2.1498
2.1494
2.1482
2.1474
2.153
2.1542
2.151
2.151
2.153
2.1494
2.151
2.1538
2.1518
2.1506
2.1518
2.1502
2.149
2.151
2.1498
2.1538
2.1522
2.1486
2.1486
2.1498
2.1518
2.151
2.1514
2.1486
2.151
2.1478
2.1494
2.1514
2.1482
2.1498
2.151
2.1514
2.1482
2.1538
2.1482
2.1498
2.1498
2.1494
2.1486
2.1506
2.1494
2.149
2.149
2.1502
2.151
2.1506
2.1482
2.1486
2.151
2.1506
2.1486
2.1502
2.1518
2.1502
2.1514
2.151
2.1498
2.1542
2.1506
2.1518
2.1494
2.1498
2.149
2.1478
2.1506
2.1506
2.1478
2.1494
2.1462
2.147
2.1514
2.1522
2.1498
2.1494
2.1458
2.149
2.1502
2.1514
2.149
2.1514
2.1426
2.1474
2.1498
2.1478
2.1506
2.1486
2.1486
2.1542
2.1474
2.153
2.151
2.1446
2.1494
2.1498
2.1474
2.1502
2.1478
2.151
2.1462
2.1498
2.1466
2.1478
2.1486
2.1506
2.1478
2.1526
2.1494
2.1486
2.1482
2.1494
2.1482
2.1482
2.1498
2.1494
2.149
2.1498
2.149
2.1514
2.1474
2.1506
2.1474
2.1506
2.1482
2.151
2.1506
2.1478
2.1486
2.1506
2.149
2.1462
2.147
2.149
2.1466
2.1514
2.1482
2.1466
2.1506
2.151
2.1474
2.1494
2.149
2.149
2.1494
2.1478
2.149
2.151
2.1482
2.1502
2.1486
2.149
2.1514
2.1474
2.1478
2.1494
2.151
2.1506
2.149
2.1494
2.1502
2.1494
2.149
2.1494
2.1486
2.1518
2.1502
2.153
2.1494
2.151
2.151
2.1506
2.1474
2.1542
2.1494
2.1522
2.1514
2.1494
2.1482
2.1542
2.149
2.1518
2.1498
2.1506
2.1494
2.1498
2.1506
2.1542
2.149
2.1506
2.1498
2.151
2.1494
2.1522
2.1482
2.1482
2.1494
2.1478
2.1478
2.1502
2.1498
2.151
2.1498
2.1502
2.1454
2.1466
2.1482
2.1486
2.1466
2.1494
2.1494
2.1538
2.1518
2.1514
2.1506
2.1518
2.151
2.1518
2.1486
2.1498
2.1478
2.1506
2.1474
2.1526
2.1478
2.1482
2.147
2.149
2.1474
2.1498
2.147
2.1502
2.1466
2.1494
2.1482
2.1498
2.1482
2.1494
2.147
2.1498
2.1478
2.1542
2.1526
2.1478
2.1466
2.151
2.1502
2.1486
2.1478
2.1482
2.1498
2.1526
2.1482
2.149
2.1502
2.153
2.149
2.151
2.1502
2.149
2.1514
2.149
2.1514
2.1498
2.1494
2.1518
2.153
2.1506
2.1494
2.1494
2.1498
2.1514
2.1466
2.1494
2.1502
2.1486
2.1494
2.1494
2.1498
2.1518
2.1482
2.1474
2.1498
2.1538
2.1478
2.1538
2.1498
2.1502
2.1466
2.1522
2.1478
2.1486
2.1518
2.149
2.1506
2.1526
2.149
2.1506
2.1474
2.1514
2.1498
2.151
2.151
2.1514
2.149
2.1522
2.1506
2.1526
2.1474
2.1526
2.1518
2.1502
2.1478
2.1494
2.1498
2.1506
2.1482
2.1506
2.1478
2.1522
2.1482
2.1538
2.1546
2.1494
2.1478
2.1506
2.1498
2.151
2.1494
2.151
2.149
2.1498
2.147
2.153
2.151
2.1514
2.1506
2.153
2.1494
2.153
2.1486
2.1506
2.149
2.153
2.1482
2.1546
2.1518
2.1506
2.1478
2.1526
2.1514
2.1486
2.1526
2.1478
2.1502
2.1482
2.1514
2.1514
2.149
2.1502
2.147
2.1538
2.149
2.149
2.1474
2.1526
2.151
2.1518
2.149
2.1514
2.1522
2.1498
2.151
2.153
2.151
2.1514
2.1502
2.1522
2.1482
2.1494
2.1482
2.1498
2.1482
2.1534
2.1506
2.149
2.151
2.1534
2.1494
2.1506
2.1514
2.1498
2.1498
2.151
2.1494
2.1498
2.1518
2.151
2.1482
2.1494
2.1514
2.1518
2.1546
2.1518
2.1474
2.1502
2.1454
2.1494
2.1506
2.1502
2.1502
2.1482
2.1462
2.1494
2.1478
2.147
2.1506
2.1522
2.1518
2.151
2.147
2.1518
2.1494
2.1486
2.1458
2.1494
2.149
2.1494
2.151
2.1502
2.149
2.149
2.147
2.151
2.1526
2.1522
2.1478
2.1526
2.1486
2.149
2.1458
2.1526
2.1462
2.149
2.1474
2.1494
2.1486
2.1518
2.1478
2.1498
2.151
2.1502
2.1478
2.151
2.1502
2.1498
2.1474
2.147
2.1498
2.1494
2.1482
2.1502
2.1518
2.149
2.1482
2.1522
2.1498
2.1478
2.1502
2.1466
2.1474
2.1486
2.1478
2.1526
2.1478
2.1478
2.1478
2.149
2.149
2.1538
2.1502
2.1514
2.1514
2.1506
2.1498
2.1498
2.1502
2.1514
2.1478
2.1502
2.1514
2.1494
2.1494
2.151
2.149
2.149
2.1506
2.1486
2.149
2.149
2.149
2.1518
2.1494
2.1498
2.1454
2.1514
2.1518
2.147
2.1466
2.1522
2.1478
2.1478
2.1502
2.1486
2.1486
2.1502
2.147
2.1514
2.151
2.1522
2.1498
2.151
2.147
2.1518
2.1462
2.1498
2.1526
2.1462
2.1474
2.1518
2.1474
2.1482
2.1534
2.1538
2.1514
2.1498
2.1486
2.1514
2.1522
2.1514
2.1478
2.149
2.1514
2.1514
2.1482
2.1498
2.1498
2.1498
2.147
2.1506
2.1494
2.1478
2.1498
2.1498
2.1494
2.1494
2.1498
2.151
2.1518
2.151
2.1446
2.1498
2.1502
2.1522
2.1478
2.1482
2.1518
2.1518
2.1494
2.1502
2.1502
2.1474
2.1482
2.1498
2.1494
2.1506
2.1478
2.1526
2.149
2.149
2.1466
2.1498
2.147
2.1514
2.1486
2.151
2.1486
2.1502
2.1502
2.1498
2.1506
2.1506
2.1446
2.1494
2.1494
2.1494
2.1538
2.1494
2.1486
2.1534
2.1498
2.149
2.1486
2.1494
2.1486
2.149
2.1502
2.1482
2.151
2.1498
2.1494
2.1478
2.147
2.1482
2.1486
2.1494
2.1494
2.149
2.1498
2.1482
2.1494
2.1542
2.1502
2.151
2.1478
2.1494
2.147
2.151
2.149
2.1494
2.149
2.149
2.1466
2.1498
2.1486
2.1458
2.149
2.1506
2.149
2.1514
2.1442
2.151
2.149
2.1538
2.1518
2.1494
2.151
2.1514
2.1482
2.1502
2.149
2.1482
2.149
2.1518
2.1498
2.153
2.1486
2.1494
2.145
2.1498
2.1462
2.1494
2.151
2.1522
2.1474
2.1486
2.1502
2.1506
2.1466
2.1522
2.1478
2.1526
2.147
2.1518
2.149
2.1514
2.1498
2.1502
2.1478
2.1494
2.151
2.1514
2.1494
2.1506
2.145
2.1506
2.1502
2.1506
2.1502
2.1522
2.1538
2.1474
2.1458
2.1498
2.1458
2.1506
2.1482
2.1506
2.1518
2.149
2.149
2.1506
2.1482
2.1454
2.1502
2.149
2.1486
2.1506
2.1478
2.1462
2.1474
2.1518
2.1474
2.147
2.1522
2.1522
2.147
2.151
2.1502
2.153
2.1514
2.147
2.1482
2.1494
2.147
2.1486
2.1466
2.1478
2.147
2.1526
2.1482
2.1474
2.147
2.1486
2.1462
2.1518
2.1466
2.147
2.1478
2.1474
2.1486
2.1478
2.147
2.1486
2.1446
2.1482
2.1486
2.1462
2.1482
2.1502
2.1458
2.1498
2.1494
2.151
2.1514
2.1466
2.149
2.1514
2.151
2.1462
2.1474
2.1478
2.1478
2.149
2.145
2.1486
2.149
2.1506
2.149
2.1486
2.1442
2.151
2.149
2.1466
2.1482
2.1498
2.1498
2.1486
2.1502
2.1514
2.1466
2.1458
2.153
2.1482
2.151
2.149
2.1446
2.1482
2.1454
2.1498
2.1462
2.1514
2.1466
2.149
2.1494
2.1514
2.1482
2.151
2.1494
2.143
2.1486
2.1514
2.1498
2.1494
2.1454
2.1486
2.1498
2.1498
2.1482
2.1522
2.1486
2.1462
2.1478
2.1522
2.1518
2.1494
2.1518
2.1482
2.1486
2.151
2.149
2.1486
2.1426
2.1498
2.1438
2.149
2.1518
2.1466
2.1458
2.1486
2.1482
2.1498
2.1442
2.1506
2.149
2.149
2.1478
2.149
2.1498
2.149
2.1442
2.1502
2.1494
2.1482
2.1458
2.149
2.1462
2.1474
2.1478
2.1494
2.1474
2.1494
2.1474
2.147
2.1474
2.1454
2.1478
2.1466
2.1482
2.1458
2.1458
2.1498
2.1458
2.1486
2.1478
2.1494
2.1486
2.1482
2.1458
2.1486
2.1462
2.149
2.1458
2.145
2.1486
2.1502
2.1498
2.1538
2.1494
2.151
2.1482
2.1518
2.149
2.1494
2.1462
2.151
2.1482
2.1506
2.1486
2.1498
2.1474
2.151
2.1446
2.1462
2.1478
2.151
2.1486
2.149
2.1466
2.1466
2.147
2.1514
2.1494
2.1478
2.153
2.1486
2.1482
2.1514
2.1466
2.151
2.1506
2.1518
2.147
2.1506
2.1482
2.1474
2.1478
2.1494
2.149
2.1458
2.1486
2.1494
2.1466
2.1474
2.1462
2.1494
2.1494
2.1498
2.1426
2.1482
2.147
2.149
2.1474
2.151
2.1478
2.1522
2.147
2.1498
2.1522
2.1526
2.1462
2.1498
2.151
2.1506
2.1486
2.1494
2.1514
2.1502
2.1502
2.149
2.1466
2.151
2.147
2.1494
2.1494
2.1514
2.1494
2.1486
2.1506
2.1486
2.147
2.1498
2.149
2.1498
2.1486
2.151
2.1498
2.151
2.1486
2.1506
2.1506
2.149
2.1454
2.1494
2.1482
2.151
2.1482
2.1462
2.147
2.1518
2.1474
2.1502
2.1462
2.149
2.1486
2.1514
2.1486
2.149
2.1462
2.1478
2.147
2.149
2.1486
2.1502
2.1498
2.1514
2.147
2.1478
2.1502
2.1478
2.151
2.153
2.151
2.1498
2.1482
2.1462
2.1466
2.1526
2.1498
2.1494
2.1462
2.1474
2.1478
2.1458
2.145
2.1518
2.1466
2.1494
2.1514
2.149
2.145
2.149
2.1466
2.1478
2.149
2.151
2.1486
2.1474
2.1466
2.1498
2.1454
2.1494
2.1474
2.1494
2.1458
2.1494
2.145
2.1462
2.1442
2.1514
2.1482
2.149
2.1498
2.1514
2.1474
2.153
2.1506
2.151
2.1494
2.149
2.1462
2.1506
2.147
2.1498
2.147
2.1518
2.1454
2.1494
2.1466
2.1478
2.1474
2.149
2.1478
2.1462
2.1466
2.1498
2.1502
2.149
2.1462
2.1474
2.1462
2.1478
2.147
2.1494
2.149
2.1518
2.149
2.1506
2.149
2.1498
2.1482
2.1474
2.1478
2.1494
2.1486
2.1482
2.1502
2.1494
2.1498
2.1494
2.151
2.1494
2.1466
2.1494
2.1502
2.1538
2.1494
2.1522
2.1462
2.149
2.1458
2.147
2.1494
2.1502
2.1478
2.1474
2.1478
2.1478
2.147
2.1538
2.1506
2.1466
2.1494
2.1498
2.1506
2.1494
2.1506
2.1498
2.149
2.1474
2.1486
2.1498
2.1502
2.147
2.145
2.1522
2.149
2.151
2.1494
2.1514
2.1466
2.1502
2.1486
2.1494
2.1462
2.151
2.1482
2.1494
2.151
2.1478
2.1474
2.151
2.1478
2.151
2.1478
2.1518
2.1506
2.1498
2.1482
2.1478
2.1518
2.1514
2.1478
2.1546
2.1522
2.1518
2.1482
2.1498
2.149
2.1534
2.1478
2.1526
2.1498
2.1494
2.1498
2.1462
2.1462
2.1462
2.1466
2.1514
2.147
2.1466
2.1506
2.1494
2.1486
2.1502
2.1486
2.1482
2.1534
2.1486
2.1474
2.1498
2.1478
2.1506
2.1482
2.1522
2.1442
2.1494
2.1498
2.1498
2.1514
2.151
2.1478
2.1494
2.149
2.149
2.1498
2.1474
2.1506
2.1466
2.1446
2.1498
2.149
2.1474
2.1458
2.149
2.1498
2.1482
2.1466
2.1522
2.1462
2.1502
2.1458
2.1478
2.1494
2.1486
2.1474
2.151
2.1482
2.149
2.147
2.1486
2.1462
2.1494
2.1474
2.1462
2.1494
2.1494
2.1502
2.1486
2.1474
2.1502
2.1466
2.1522
2.149
2.1514
2.149
2.149
2.1474
2.1482
2.1506
2.1506
2.1494
2.1498
2.1466
2.1494
2.1466
2.1478
2.1466
2.1486
2.1474
2.1502
2.1482
2.1498
2.149
2.1522
2.1454
2.147
2.1498
2.1438
2.149
2.1498
2.151
2.1494
2.1454
2.1478
2.1458
2.1494
2.147
2.1498
2.147
2.1494
2.1482
2.1502
2.1482
2.1514
2.1498
2.1502
2.1502
2.1466
2.1502
2.1498
2.1518
2.1482
2.1478
2.1518
2.1458
2.1494
2.147
2.149
2.1462
2.1486
2.1466
2.1502
2.1474
2.1526
2.1482
2.147
2.149
2.1474
2.1462
2.1494
2.1506
2.1482
2.1474
2.1506
2.1498
2.1506
2.1486
2.151
2.1494
2.1506
2.1462
2.1502
2.1474
2.1498
2.149
2.1486
2.1478
2.1514
2.151
2.1494
2.1462
2.1494
2.1474
2.1494
2.1538
2.151
2.1478
2.1534
2.1462
2.153
2.149
2.1482
2.147
2.1458
2.1462
2.1474
2.1506
2.1494
2.1478
2.1506
2.1494
2.1458
2.147
2.151
2.1522
2.1506
2.1474
2.1494
2.1486
2.1494
2.1442
2.1506
2.149
2.151
2.151
2.1478
2.1498
2.1502
2.1466
2.1518
2.1498
2.1506
2.1462
2.149
2.151
2.1482
2.1486
2.1522
2.149
2.1506
2.1462
2.1502
2.1506
2.1502
2.1522
2.1498
2.149
2.1486
2.1454
2.1506
2.147
2.1522
2.151
2.1514
2.1498
2.1502
2.1498
2.1498
2.1518
2.1494
2.1514
2.1502
2.1458
2.1478
2.1474
2.151
2.1478
2.1526
2.1486
2.151
2.1522
2.1494
2.149
2.1514
2.1486
2.1478
2.1458
2.1494
2.1486
2.1494
2.1474
2.1482
2.1482
2.1478
2.147
2.155
2.1482
2.149
2.1474
2.1498
2.149
2.1526
2.1494
2.1526
2.1522
2.1502
2.1498
2.1494
2.1502
2.1494
2.1474
2.1518
2.1506
2.1494
2.1494
2.1494
2.1514
2.151
2.1478
2.1522
2.1474
2.1518
2.1474
2.1538
2.149
2.1514
2.147
2.1518
2.1518
2.151
2.1482
2.1494
2.147
2.151
2.147
2.1506
2.1498
2.1482
2.1482
2.1498
2.1502
2.151
2.1502
2.147
2.1514
2.151
2.1482
2.153
2.1502
2.1522
2.1506
2.1534
2.1498
2.1514
2.1502
2.1514
2.1522
2.1534
2.149
2.153
2.151
2.1506
2.1506
2.1542
2.1462
2.151
2.1482
2.1538
2.1482
2.1474
2.1482
2.1514
2.149
2.1498
2.1482
2.1494
2.1498
2.1514
2.1522
2.1518
2.1506
2.153
2.1498
2.1534
2.1486
2.1474
2.1478
2.1538
2.1482
2.1534
2.149
2.151
2.147
2.1478
2.1482
2.1478
2.1474
2.1506
2.151
2.1534
2.1494
2.1482
2.1474
2.1494
2.1486
2.1498
2.1478
2.1506
2.1506
2.1494
2.149
2.1518
2.1506
2.1502
2.1466
2.1482
2.1498
2.1482
2.147
2.1494
2.1498
2.1482
2.1482
2.1502
2.1466
2.1458
2.1518
2.1482
2.1514
2.1498
2.1498
2.1502
2.1498
2.1482
2.1454
2.149
2.1482
2.1482
2.151
2.1506
2.1454
2.1502
2.1474
2.1538
2.1506
2.1478
2.145
2.1494
2.1494
2.1482
2.149
2.1514
2.1502
2.1514
2.1494
2.1494
2.1502
2.1474
2.143
2.1486
2.1474
2.1506
2.1486
2.1494
2.149
2.1498
2.1434
2.1494
2.1466
2.1458
2.1446
2.1418
2.1482
2.1422
2.1438
2.145
2.1458
2.1442
2.143
2.141
2.139
2.1378
2.139
2.1374
2.1354
2.1326
2.1314
2.1326
2.131
2.1274
2.1258
2.1238
2.1186
2.1174
2.115
2.1114
2.109
2.1078
2.103
2.1034
2.095
2.095
2.0882
2.087
2.0782
2.075
2.071
2.0654
2.0578
2.0554
2.043
2.0426
2.0334
2.0278
2.0222
2.0174
2.0082
2.0014
1.9958
1.9906
1.9826
1.973
1.965
1.9586
1.9542
1.9466
1.9382
1.9294
1.9238
1.9146
1.9074
1.8994
1.8906
1.8802
1.8758
1.8678
1.8626
1.8522
1.8426
1.8414
1.8266
1.8206
1.8158
1.807
1.8002
1.7922
1.7846
1.7778
1.769
1.7646
1.7538
1.7486
1.7382
1.7338
1.731
1.723
1.7118
1.7086
1.6966
1.6938
1.6866
1.6798
1.677
1.6718
1.6654
1.659
1.6542
1.6498
1.6406
1.637
1.6286
1.6274
1.6226
1.6166
1.6126
1.613
1.603
1.5974
1.5982
1.5942
1.587
1.5854
1.5818
1.5818
1.5774
1.5718
1.5678
1.5682
1.5626
1.5602
1.559
1.5586
1.5542
1.5542
1.5526
1.5526
1.5474
1.5466
1.5446
1.547
1.543
1.5446
1.5398
1.5394
1.5402
1.5406
1.5382
1.5386
1.5362
1.541
1.5418
1.5406
1.5394
1.5398
1.5418
1.545
1.539
1.5422
1.5418
1.5434
1.5414
1.5426
1.5418
1.5474
1.5442
1.547
1.5486
1.5526
1.5482
1.5522
1.5542
1.5574
1.5582
1.5594
1.5602
1.563
1.5614
1.5634
1.5666
1.5694
1.5666
1.5698
1.5734
1.5762
1.5774
1.5802
1.5814
1.5842
1.5834
1.5886
1.5894
1.5906
1.593
1.597
1.5982
1.6006
1.603
1.6054
1.6062
1.6118
1.6122
1.6186
1.6162
1.6226
1.6218
1.6226
1.6278
1.6302
1.6302
1.6318
1.6382
1.6402
1.641
1.6406
1.6426
1.6522
1.6522
1.6538
1.6582
1.6618
1.6598
1.6598
1.6626
1.6706
1.6678
1.675
1.6774
1.6774
1.6766
1.6794
1.6838
1.6866
1.6898
1.6902
1.6942
1.6994
1.7018
1.7018
1.7042
1.7106
1.7126
1.7142
1.7166
1.7194
1.7222
1.7262
1.7306
1.731
1.737
1.7366
1.7382
1.7406
1.7414
1.7478
1.7482
1.7542
1.7554
1.7606
1.761
1.7666
1.769
1.7698
1.773
1.775
1.7754
1.777
1.783
1.7886
1.787
1.7922
1.797
1.7982
1.8046
1.8058
1.8086
1.8106
1.8126
1.8166
1.819
1.8214
1.8262
1.825
1.8286
1.8326
1.8306
1.8394
1.8398
1.8442
1.8418
1.8466
1.8506
1.8562
1.8542
1.863
1.863
1.8666
1.869
1.8714
1.8734
1.877
1.8758
1.881
1.8818
1.8878
1.8894
1.8934
1.8946
1.8962
1.8962
1.8978
1.901
1.9046
1.9062
1.9118
1.9098
1.9158
1.9162
1.9178
1.921
1.9238
1.921
1.923
1.9266
1.9286
1.9334
1.9342
1.937
1.9366
1.935
1.9378
1.9402
1.9446
1.9454
1.947
1.947
1.9522
1.9518
1.9518
1.955
1.9586
1.957
1.9586
1.9594
1.965
1.9642
1.9658
1.9654
1.9678
1.967
1.9694
1.9698
1.9726
1.9706
1.975
1.975
1.9746
1.9782
1.977
1.9782
1.9826
1.9814
1.9858
1.9846
1.9842
1.9866
1.9862
1.9918
1.9918
1.9886
1.993
1.993
1.9938
1.9978
1.9926
1.9946
1.9966
1.9982
1.999
2.0006
2.0034
2.0006
2.003
2.005
2.0054
2.0034
2.007
2.0074
2.0114
2.0066
2.009
2.0098
2.0134
2.0078
2.0154
2.0134
2.0138
2.017
2.0154
2.0158
2.0214
2.0166
2.0234
2.0182
2.0218
2.0206
2.0218
2.0226
2.0218
2.0242
2.0254
2.0246
2.031
2.0258
2.0274
2.0286
2.0306
2.0274
2.0334
2.0334
2.0338
2.0326
2.0318
2.0334
2.0354
2.0358
2.035
2.0354
2.0378
2.0374
2.0394
2.0414
2.0406
2.0402
2.0406
2.0402
2.045
2.0418
2.0414
2.0462
2.0454
2.0426
2.0478
2.0454
2.0502
2.0462
2.0478
2.0506
2.0498
2.049
2.053
2.0498
2.0546
2.0514
2.0538
2.0554
2.055
2.0562
2.0574
2.055
2.059
2.0542
2.0586
2.0598
2.0606
2.0626
2.0598
2.0654
2.067
2.0602
2.0646
2.063
2.0654
2.067
2.063
2.061
2.0642
2.0654
2.0666
2.0678
2.0654
2.0682
2.0686
2.069
2.0718
2.0694
2.0746
2.0742
2.0746
2.0742
2.075
2.0758
2.075
2.0754
2.0782
2.0782
2.079
2.077
2.0802
2.075
2.0826
2.0786
2.0774
2.0806
2.083
2.0778
2.0826
2.0806
2.0814
2.0814
2.0822
2.0834
2.0862
2.0846
2.0874
2.0842
2.0862
2.0874
2.0866
2.0862
2.0882
2.0842
2.089
2.0918
2.0918
2.0898
2.0898
2.0914
2.0918
2.0918
2.0914
2.091
2.0946
2.0914
2.091
2.095
2.0946
2.0942
2.0966
2.0926
2.093
2.0962
2.0966
2.0986
2.0994
2.0966
2.0962
2.0978
2.0998
2.0974
2.1006
2.1018
2.0998
2.1006
2.103
2.0966
2.1006
2.0958
2.1022
2.1018
2.1034
2.107
2.1062
2.1014
2.1066
2.1034
2.103
2.1042
2.105
2.103
2.1098
2.1066
2.1094
2.1066
2.1078
2.1106
2.1102
2.1086
2.1118
2.1062
2.1102
2.111
2.109
2.1106
2.109
2.1098
2.1118
2.1134
2.113
2.1118
2.1122
2.115
2.1114
2.111
2.1126
2.1142
2.117
2.1122
2.115
2.113
2.1158
2.113
2.1162
2.1146
2.1142
2.119
2.1178
2.1174
2.1186
2.1178
2.117
2.1158
2.1174
2.1194
2.1186
2.1198
2.1206
2.1178
2.119
2.1218
2.117
2.119
2.119
2.117
2.123
2.121
2.121
2.1206
2.1202
2.1198
2.1182
2.1234
2.1226
2.1234
2.1222
2.1214
2.1238
2.1202
2.1254
2.1226
2.1254
2.1226
2.123
2.1222
2.1266
2.1246
2.121
2.1254
2.1242
2.1202
2.1258
2.1234
2.1226
2.1298
2.1254
2.127
2.1286
2.129
2.1234
2.1266
2.1326
2.1278
2.1274
2.1278
2.1246
2.1266
2.1286
2.1294
2.1254
2.1258
2.1282
2.129
2.1274
2.129
2.1298
2.129
2.129
2.1298
2.1334
2.1302
2.1298
2.1282
2.1282
2.1306
2.1326
2.1282
2.1286
2.129
2.1314
2.1314
2.1298
2.1294
2.1306
2.1346
2.1326
2.1322
2.1342
2.1322
2.1342
2.1338
2.135
2.1318
2.1302
2.1294
2.1338
2.1334
2.1318
2.1334
2.1342
2.1362
2.1342
2.1326
2.1354
2.1338
2.1358
2.1322
2.1394
2.1346
2.1354
2.1366
2.1362
2.1346
2.1338
2.1358
2.1366
2.135
2.135
2.1382
2.1366
2.1354
2.1366
2.1366
2.1378
2.1362
2.1366
2.1354
2.1374
2.137
2.1366
2.1386
2.1402
2.137
2.1382
2.1354
2.1386
2.139
2.1414
2.1394
2.1398
2.141
2.141
2.139
2.1414
2.141
2.1386
2.1358
2.143
2.1398
2.1402
2.139
2.1438
2.1386
2.1402
2.1398
2.1438
2.1418
2.1414
2.1378
2.1402
2.1378
2.141
2.1406
2.1414
2.1394
2.1378
2.143
2.1426
2.1426
2.1446
2.143
2.1434
2.1394
2.141
2.143
2.1406
2.1434
2.1422
2.1438
2.145
2.1426
2.1426
2.1418
2.1434
2.1434
2.143
2.1434
2.1434
2.1454
2.1486
2.1442
2.1458
2.1438
2.1454
2.1422
2.1478
2.1422
2.1458
2.1466
2.1442
2.1434
2.143
2.1426
2.1462
2.1458
2.1434
2.1454
2.1434
2.1454
2.1466
2.1438
2.1478
2.1458
2.1466
2.1446
2.1454
2.1454
2.149
2.1454
2.1474
2.147
2.1486
2.1438
2.1458
2.1474
2.1482
2.1466
2.1478
2.1466
2.1486
2.1474
2.1494
2.147
2.1502
2.1466
2.149
2.1482
2.1458
2.1486
2.1478
2.1498
2.1466
2.1474
2.1486
2.149
2.1494
2.1474
2.1498
2.1494
2.1506
2.1478
2.1494
2.1498
2.1494
2.1482
2.1482
2.149
2.1462
2.1486
2.147
2.149
2.1502
2.1482
2.149
2.1518
2.149
2.1514
2.1482
2.1518
2.149
2.1454
2.1526
2.149
2.1486
2.1466
2.1534
2.1506
2.1526
2.1474
2.1494
2.153
2.1506
2.1502
2.1534
2.1478
2.1486
2.149
2.1514
2.1494
2.1538
2.1518
2.155
2.1514
2.153
2.1498
2.1546
2.1534
2.151
2.1498
2.1534
2.151
2.1486
2.1506
2.1522
2.1518
2.1542
2.1522
2.155
2.1498
2.151
2.151
2.1546
2.1518
2.1534
2.1478
2.151
2.1502
2.1534
2.1522
2.1542
2.153
2.1554
2.1522
2.1522
2.1522
2.1514
2.1514
2.1526
2.1518
2.1518
2.151
2.1542
2.1522
2.157
2.1518
2.1518
2.151
2.151
2.1514
2.1538
2.1518
2.1534
2.1494
2.1562
2.1506
2.1546
2.155
2.1526
2.1506
2.155
2.1518
2.1526
2.149
2.1522
2.153
2.1558
2.1538
2.1566
2.1534
2.1518
2.1554
2.153
2.1514
2.1542
2.1538
2.1574
2.1518
2.1554
2.1546
2.1534
2.1514
2.155
2.1522
2.1546
2.1514
2.1562
2.1534
2.155
2.153
2.1558
2.151
2.1558
2.1546
2.1554
2.1538
2.1558
2.153
2.1526
2.153
2.1542
2.1542
2.1586
2.1546
2.1578
2.1534
2.1566
2.157
2.1526
2.1542
2.1538
2.1594
2.155
2.153
2.1578
2.1538
2.1586
2.1554
2.1558
2.1582
2.1542
2.1538
2.1586
2.157
2.1562
2.1558
2.1574
2.1586
2.1602
2.1562
2.1582
2.1558
2.1558
2.157
2.1594
2.1594
2.1582
2.1542
2.1566
2.1562
2.1562
2.1542
2.1582
2.1546
2.1558
2.1542
2.1566
2.1554
2.1586
2.1574
2.1602
2.1594
2.159
2.1566
2.1598
2.1562
2.1554
2.1538
2.1594
2.1566
2.1562
2.1558
2.1582
2.1586
2.1598
2.155
2.1566
2.159
2.157
2.1542
2.159
2.159
2.1562
2.1606
2.1582
2.157
2.1554
2.1562
2.155
2.1582
2.157
2.1546
2.1606
2.1574
2.1574
2.1578
2.1586
2.1586
2.1566
2.1598
2.1554
2.1598
2.1594
2.1562
2.1602
2.1586
2.159
2.159
2.1586
2.1582
2.1578
2.1606
2.1602
2.1586
2.163
2.157
2.159
2.1594
2.1586
2.1586
2.1654
2.1594
2.1554
2.157
2.159
2.1602
2.1614
2.157
2.1598
2.1614
2.1586
2.1562
2.1598
2.1598
2.1606
2.1558
2.159
2.1574
2.1602
2.1578
2.1602
2.1606
2.1614
2.1622
2.1606
2.1618
2.161
2.1626
2.1614
2.161
2.1598
2.1574
2.1638
2.159
2.1594
2.1622
2.161
2.1634
2.1598
2.1586
2.1634
2.157
2.1622
2.159
2.1626
2.1602
2.1614
2.1594
2.1618
2.161
2.1622
2.159
2.159
2.1558
2.1582
2.1586
2.1634
2.1578
2.1618
2.1594
2.1634
2.1582
2.1606
2.1598
2.1586
2.159
2.1622
2.157
2.1626
2.1582
2.1578
2.1582
2.1626
2.1594
2.1654
2.1578
2.1634
2.1638
2.1626
2.1598
2.1614
2.1566
2.1614
2.1586
2.1622
2.1622
2.1606
2.1578
2.1634
2.159
2.163
2.1602
2.1638
2.1606
2.1634
2.163
2.1638
2.1614
2.1622
2.1602
2.161
2.1634
2.1638
2.1602
2.165
2.1626
2.1626
2.1594
2.163
2.163
2.1638
2.1626
2.1614
2.1622
2.1618
2.1602
2.1638
2.1602
2.1654
2.159
2.1626
2.1626
2.1606
2.1598
2.1606
2.1614
2.1646
2.1606
2.1606
2.1622
2.1606
2.1618
2.1634
2.1614
2.1626
2.1622
2.161
2.163
2.1614
2.1654
2.1642
2.163
2.1646
2.1638
2.1622
2.1614
2.163
2.1602
2.1614
2.1614
2.1642
2.1642
2.165
2.1634
2.1618
2.161
2.1626
2.163
2.1638
2.1646
2.1666
2.1618
2.1634
2.1626
2.1638
2.1666
2.1614
2.1638
2.1614
2.1626
2.1642
2.1662
2.1666
2.1614
2.1654
2.1586
2.165
2.1626
2.163
2.1602
2.1642
2.163
2.1626
2.1634
2.167
2.165
2.1662
2.167
2.1642
2.1634
2.167
2.1658
2.165
2.1622
2.1654
2.1626
2.1662
2.163
2.1666
2.163
2.163
2.1638
2.163
2.1634
2.163
2.1622
2.1626
2.1642
2.1686
2.1614
2.1662
2.1602
2.163
2.1618
2.1618
2.1646
2.1646
2.1646
2.1614
2.1642
2.1686
2.1622
2.1642
2.159
2.1642
2.1638
2.1658
2.167
2.167
2.1646
2.1658
2.1646
2.1686
2.1622
2.167
2.165
2.1662
2.1662
2.1638
2.165
2.1658
2.1642
2.1666
2.1662
2.1666
2.1654
2.1654
2.1622
2.1634
2.1622
2.1646
2.1654
2.1678
2.1646
2.169
2.1642
2.1682
2.1654
2.1662
2.1666
2.1634
2.1646
2.1678
2.1654
2.1686
2.1654
2.1646
2.1642
2.1626
2.1646
2.1626
2.165
2.1654
2.1638
2.1666
2.1626
2.1642
2.1654
2.1642
2.1638
2.163
2.163
2.1678
2.1658
2.1678
2.1634
2.1666
2.1642
2.1638
2.1662
2.1638
2.165
2.165
2.1654
2.165
2.1638
2.1638
2.1654
2.1666
2.1646
2.1674
2.1634
2.167
2.1662
2.1666
2.1642
2.1654
2.1646
2.1674
2.1666
2.1682
2.167
2.1642
2.167
2.1638
2.165
2.1638
2.1646
2.165
2.1618
2.1678
2.1642
2.1642
2.1602
2.1666
2.1686
2.1674
2.1666
2.1714
2.1722
2.1658
2.1678
2.1682
2.167
2.1698
2.1666
2.169
2.165
2.1682
2.1622
2.167
2.167
2.1662
2.1634
2.1698
2.1646
2.163
2.1682
2.1694
2.165
2.1662
2.163
2.1654
2.1646
2.167
2.1646
2.167
2.1638
2.1642
2.1662
2.167
2.1646
2.165
2.1658
2.1662
2.1662
2.1674
2.167
2.1662
2.1642
2.1694
2.1646
2.1666
2.1638
2.1654
2.1674
2.167
2.1658
2.1682
2.1658
2.1658
2.1666
2.1654
2.1646
2.1678
2.1638
2.1618
2.169
2.1686
2.1662
2.1666
2.167
2.1686
2.1678
2.1658
2.1638
2.1662
2.1658
2.1658
2.1662
2.1662
2.1686
2.171
2.1694
2.167
2.171
2.1666
2.1654
2.1694
2.1662
2.1678
2.1658
2.1674
2.167
2.165
2.1658
2.1662
2.163
2.1654
2.1674
2.1662
2.1702
2.1686
2.1658
2.1674
2.1646
2.1646
2.1666
2.1682
2.1694
2.171
2.1658
2.167
2.167
2.1694
2.169
2.1694
2.1726
2.1666
2.1702
2.1698
2.1646
2.1706
2.1678
2.169
2.1682
2.1706
2.1654
2.1678
2.1646
2.1702
2.1666
2.1686
2.169
2.1666
2.1662
2.1702
2.169
2.1662
2.1674
2.171
2.165
2.1718
2.1674
2.1678
2.1674
2.169
2.1694
2.1702
2.171
2.1686
2.1658
2.1678
2.1694
2.1674
2.1702
2.1674
2.1682
2.1706
2.1678
2.1702
2.1682
2.1686
2.1686
2.1694
2.1698
2.1686
2.1682
2.169
2.169
2.169
2.1674
2.1734
2.165
2.1722
2.1686
2.1714
2.1702
2.1722
2.169
2.1722
2.1702
2.1682
2.1658
2.1738
2.1686
2.1702
2.1702
2.1702
2.1702
2.171
2.1722
2.169
2.1674
2.1734
2.1678
2.1722
2.1682
2.1642
2.1702
2.171
2.169
2.169
2.171
2.1702
2.1702
2.169
2.1658
2.1694
2.1706
2.1718
2.1698
2.1714
2.1714
2.1686
2.167
2.1698
2.1718
2.171
2.171
2.1714
2.1686
2.1714
2.1722
2.1702
2.1706
2.1694
2.1714
2.1702
2.1694
2.1706
2.167
2.1722
2.1686
2.1686
2.169
2.1714
2.1686
2.1702
2.1686
2.1702
2.1678
2.1706
2.1678
2.1694
2.1694
2.1658
2.1678
2.1666
2.1702
2.169
2.1702
2.1706
2.1686
2.1698
2.1678
2.1694
2.1698
2.1702
2.1674
2.1718
2.1682
2.1706
2.1722
2.171
2.171
2.1706
2.1698
2.1742
2.167
2.1702
2.169
2.1714
2.1714
2.1706
2.1706
2.1746
2.171
2.1738
2.1674
2.171
2.169
2.1694
2.1698
2.169
2.1694
2.1698
2.1686
2.1718
2.169
2.1698
2.167
2.1706
2.169
2.1702
2.1694
2.1694
2.171
2.169
2.1678
2.1718
2.169
2.1698
2.1694
2.1706
2.169
2.167
2.1694
2.1734
2.1742
2.1702
2.1698
2.175
2.167
2.1702
2.1698
2.1734
2.1698
2.1706
2.169
2.1698
2.169
2.171
2.1702
2.169
2.1738
2.1714
2.1686
2.1734
2.1682
2.1714
2.1698
2.173
2.1694
2.1694
2.1678
2.1718
2.1714
2.1714
2.1694
2.1722
2.1682
2.1738
2.1702
2.1722
2.1746
2.1702
2.1686
2.1702
2.1714
2.1722
2.1694
2.1714
2.1682
2.1722
2.1678
2.1746
2.1718
2.1722
2.1738
2.1718
2.1718
2.1726
2.169
2.1742
2.175
2.173
2.1698
2.1746
2.165
2.1686
2.1726
2.1754
2.1738
2.1718
2.169
2.1694
2.1698
2.1702
2.1706
2.1754
2.1678
2.1686
2.169
2.1718
2.1718
2.1674
2.1718
2.1726
2.1726
2.173
2.1718
2.171
2.1734
2.171
2.1722
2.1702
2.1726
2.1734
2.1722
2.1762
2.1742
2.1674
2.173
2.1734
2.1682
2.1738
2.169
2.1734
2.171
2.1698
2.1698
2.1734
2.1746
2.1702
2.1718
2.1738
2.1682
2.1706
2.1698
2.1698
2.173
2.1706
2.1694
2.1714
2.1694
2.1722
2.1698
2.171
2.173
2.1718
2.1722
2.1722
2.1702
2.1718
2.1698
2.1746
2.1718
2.173
2.1722
2.1758
2.1694
2.1714
2.1682
2.1738
2.1706
2.171
2.1706
2.1746
2.1722
2.1702
2.1734
2.1726
2.1714
2.1726
2.1718
2.1714
2.171
2.1702
2.1702
2.1718
2.1666
2.1706
2.1694
2.1738
2.1738
2.1742
2.1706
2.1726
2.1698
2.169
2.1718
2.175
2.1738
2.1726
2.1754
2.1742
2.1722
2.1738
2.169
2.1722
2.1714
2.1734
2.1706
2.171
2.1718
2.1722
2.1702
2.1694
2.1678
2.1686
2.1698
2.173
2.1698
2.1722
2.1686
2.1722
2.1694
2.1726
2.1726
2.1726
2.1734
2.173
2.171
2.1714
2.1742
2.1738
2.1722
2.173
2.175
2.169
2.1714
2.1742
2.1726
2.173
2.175
2.1718
2.1738
2.1718
2.1722
2.1734
2.1694
2.1734
2.1706
2.1726
2.1738
2.1738
2.1722
2.1742
2.1726
2.1754
2.173
2.1758
2.1758
2.1738
2.1734
2.1734
2.1762
2.1726
2.1706
2.1694
2.171
2.1698
2.1714
2.1734
2.1722
2.1718
2.1722
2.1742
2.1738
2.1718
2.1742
2.1746
2.1774
2.1746
2.1742
2.175
2.1738
2.1746
2.1706
2.1758
2.1738
2.1738
2.1726
2.1754
2.173
2.1758
2.1762
2.1746
2.1714
2.1726
2.1702
2.1738
2.1718
2.1726
2.1726
2.177
2.1714
2.1722
2.1718
2.1734
2.1734
2.1766
2.1742
2.1726
2.173
2.1718
2.1698
2.1742
2.173
2.1738
2.1738
2.1754
2.1722
2.1762
2.1718
2.1742
2.177
2.1742
2.173
2.1766
2.173
2.1738
2.1734
2.1766
2.1754
2.1738
2.1746
2.1738
2.1722
2.1754
2.1754
2.1742
2.1726
2.1722
2.1702
2.175
2.175
2.1734
2.1706
2.1734
2.1766
2.1766
2.1726
2.1726
2.173
2.1726
2.1722
2.1742
2.1762
2.1746
2.173
2.1774
2.1718
2.1738
2.175
2.1718
2.1742
2.1758
2.1746
2.1754
2.1742
2.175
2.173
2.1786
2.1738
2.1714
2.1694
2.1754
2.1754
2.1734
2.1726
2.171
2.1742
2.1754
2.1718
2.1714
2.1774
2.1738
2.1722
2.1726
2.171
2.1738
2.1726
2.1734
2.1742
2.175
2.1738
2.177
2.1742
2.173
2.1726
2.1766
2.1734
2.1702
2.1726
2.175
2.1726
2.175
2.1702
2.1734
2.1738
2.1718
2.175
2.177
2.1738
2.175
2.1726
2.1766
2.1738
2.1738
2.1746
2.1782
2.1774
2.175
2.175
2.175
2.1754
2.1754
2.1714
2.1746
2.1706
2.1738
2.171
2.1774
2.1738
2.1722
2.1738
2.175
2.1738
2.173
2.1746
2.1758
2.177
2.1766
2.1746
2.1766
2.1774
2.1774
2.177
2.1786
2.175
2.177
2.1734
2.1738
2.1754
2.1758
2.1718
2.1738
2.1754
2.1714
2.1754
2.177
2.1806
2.1762
2.1722
2.1774
2.1726
2.1738
2.175
2.175
2.1742
2.1766
2.175
2.1758
2.1702
2.1726
2.1718
2.1726
2.1738
2.1758
2.1698
2.1722
2.173
2.1758
2.1742
2.1754
2.173
2.1746
2.1714
2.1766
2.1746
2.1718
2.1726
2.1742
2.1726
2.1722
2.1758
2.173
2.175
2.175
2.1722
2.173
2.175
2.175
2.1778
2.1754
2.1706
2.173
2.1726
2.1766
2.175
2.1742
2.1738
2.1726
2.1734
2.1738
2.1722
2.1758
2.1758
2.1742
2.1738
2.1774
2.1738
2.1742
2.1726
2.1746
2.1742
2.173
2.1778
2.1754
2.1742
2.1722
2.173
2.1758
2.1742
2.173
2.1754
2.1778
2.175
2.175
2.1758
2.1758
2.179
2.1766
2.1722
2.1762
2.1738
2.1714
2.175
2.175
2.1718
2.175
2.1714
2.1718
2.1742
2.1778
2.1714
2.177
2.177
2.1738
2.1782
2.1758
2.1754
2.1722
2.1758
2.175
2.173
2.1746
2.1754
2.173
2.173
2.1766
2.1742
2.1742
2.1746
2.1758
2.1726
2.1766
2.1758
2.173
2.1718
2.1778
2.1742
2.1734
2.1738
2.1722
2.1762
2.1742
2.177
2.1766
2.1722
2.173
2.1702
2.173
2.1718
2.1718
2.1706
2.1722
2.1702
2.173
2.1726
2.1742
2.173
2.1762
2.1714
2.1774
2.175
2.1726
2.1734
2.1746
2.1738
2.1738
2.1734
2.1754
2.175
2.177
2.1726
2.1746
2.1734
2.1738
2.1722
2.1738
2.175
2.1758
2.1738
2.1734
2.1746
2.175
2.1726
2.1746
2.175
2.1718
2.1718
2.171
2.1738
2.1726
2.173
2.1734
2.173
2.1762
2.1746
2.1778
2.1722
2.1766
2.1714
2.175
2.1738
2.1718
2.1726
2.173
2.1746
2.1742
2.1722
2.1746
2.1706
2.1706
2.1722
2.1738
2.1758
2.1722
2.1706
2.1754
2.1742
2.1782
2.1718
2.1762
2.173
2.175
2.1746
2.1738
2.1742
2.1694
2.1746
2.1746
2.1758
2.1722
2.1726
2.1718
2.1722
2.1766
2.175
2.1774
2.175
2.1738
2.1714
2.1738
2.175
2.1746
2.1718
2.1734
2.1746
2.175
2.1762
2.1762
2.173
2.1746
2.175
2.1762
2.1754
2.1718
2.1726
2.1766
2.1726
2.175
2.1742
2.1766
2.175
2.1766
2.1738
2.1754
2.1726
2.1754
2.1738
2.1734
2.1782
2.1766
2.1714
2.1758
2.173
2.1778
2.1698
2.1774
2.1742
2.1734
2.1758
2.1754
2.173
2.1754
2.1726
2.1742
2.1746
2.1742
2.1714
2.1746
2.1758
2.1702
2.1718
2.1782
2.169
2.1754
2.1758
2.173
2.1734
2.175
2.1742
2.1726
2.175
2.1734
2.1714
2.1718
2.1738
2.1746
2.1758
2.175
2.1706
2.175
2.1742
2.175
2.1746
2.1778
2.1738
2.177
2.1754
2.177
2.1742
2.175
2.1778
2.1738
2.175
2.175
2.1762
2.1738
2.1746
2.1726
2.1746
2.179
2.1734
2.1758
2.1766
2.1738
2.1738
2.177
2.175
2.177
2.1758
2.1766
2.1786
2.1786
2.173
2.1754
2.175
2.1758
2.1762
2.1758
2.175
2.1754
2.1738
2.1762
2.1734
2.175
2.1758
2.1778
2.1758
2.179
2.1746
2.1766
2.1762
2.1766
2.1758
2.175
2.1778
2.177
2.1714
2.1782
2.175
2.1766
2.1734
2.177
2.177
2.1782
2.1762
2.1774
2.1758
2.1798
2.177
2.1778
2.1762
2.1762
2.1746
2.1774
2.1794
2.1734
2.1726
2.177
2.1782
2.1766
2.1794
2.1794
2.1762
2.177
2.1722
2.1786
2.175
2.177
2.1786
2.1794
2.1762
2.1762
2.1762
2.1798
2.1746
2.1782
2.1758
2.1762
2.1758
2.1782
2.1742
2.1746
2.1742
2.1774
2.177
2.1758
2.1742
2.173
2.1726
2.1746
2.1758
2.179
2.177
2.1806
2.1782
2.1742
2.1742
2.1734
2.1778
2.1762
2.1742
2.177
2.1794
2.1778
2.1746
2.1738
2.1726
2.1734
2.1802
2.1794
2.1742
2.179
2.1766
2.1794
2.1758
2.1782
2.1758
2.1798
2.1742
2.1754
2.177
2.1758
2.177
2.1766
2.1774
2.181
2.1734
2.1786
2.1754
2.177
2.1722
2.1718
2.179
2.1778
2.1766
2.1762
2.1758
2.181
2.1754
2.1746
2.1726
2.1754
2.1758
2.1774
2.1722
2.1746
2.1754
2.1734
2.1746
2.1742
2.177
2.1742
2.1754
2.1762
2.177
2.1738
2.175
2.1766
2.1714
2.1758
2.1766
2.1762
2.1714
2.177
2.1774
2.177
2.1754
2.175
2.1722
2.173
2.1742
2.1726
2.177
2.1762
2.175
2.1746
2.175
2.1774
2.1742
2.1774
2.1726
2.179
2.1766
2.1786
2.1774
2.1758
2.1766
2.1738
2.173
2.1762
2.1734
2.1762
2.1762
2.1774
2.1754
2.1742
2.173
2.1782
2.1742
2.173
2.1742
2.1758
2.1754
2.1778
2.1722
2.1738
2.1778
2.1746
2.1762
2.175
2.1742
2.1754
2.1746
2.1726
2.1762
2.1754
2.1726
2.1774
2.1742
2.1758
2.1742
2.1766
2.1758
2.1726
2.1774
2.1774
2.1766
2.1786
2.1714
2.177
2.1754
2.175
2.1722
2.1786
2.1762
2.175
2.1726
2.1774
2.1714
2.1746
2.1734
2.1738
2.1758
2.177
2.177
2.1778
2.1754
2.1714
2.1762
2.173
2.1778
2.1746
2.175
2.1738
2.1734
2.1766
2.173
2.1762
2.1758
2.1766
2.1746
2.1746
2.1778
2.173
2.1742
2.1754
2.1746
2.1762
2.1734
2.1774
2.1722
2.1754
2.1766
2.1762
2.179
2.1758
2.1758
2.177
2.1794
2.1758
2.1722
2.1786
2.177
2.1722
2.1786
2.1766
2.1746
2.1742
2.1762
2.1778
2.1762
2.1798
2.1738
2.175
2.177
2.1762
2.1722
2.181
2.1746
2.1738
2.1722
2.1742
2.1726
2.1762
2.1718
2.1742
2.1738
2.1754
2.1774
2.1742
2.1734
2.1762
2.1758
2.1766
2.177
2.1746
2.1762
2.1786
2.1734
2.177
2.1746
2.1762
2.177
2.173
2.1738
2.1778
2.1766
2.1758
2.1774
2.1774
2.1766
2.1798
2.1746
2.1782
2.1746
2.1742
2.175
2.1766
2.1746
2.1754
2.1754
2.1778
2.175
2.175
2.1738
2.1758
2.1746
2.1738
2.1738
2.177
2.1782
2.175
2.1722
2.173
2.1778
2.1742
2.1742
2.1778
2.1746
2.1758
2.1754
2.177
2.1758
2.1762
2.1726
2.1738
2.1742
2.173
2.171
2.1766
2.1722
2.1738
2.1726
2.177
2.1742
2.1758
2.1722
2.1762
2.1734
2.1742
2.1734
2.1758
2.1746
2.1762
2.1698
2.177
2.173
2.1742
2.1778
2.179
2.173
2.1778
2.1738
2.1758
2.173
2.1738
2.1734
2.1742
2.1758
2.1738
2.1726
2.1722
2.1746
2.1746
2.1766
2.173
2.175
2.175
2.1738
2.1742
2.171
2.1742
2.1734
2.175
2.1722
2.177
2.173
2.1778
2.1738
2.1762
2.1778
2.1766
2.1754
2.1742
2.1742
2.1758
2.175
2.1774
2.1742
2.1754
2.1766
2.1722
2.1714
2.1726
2.1734
2.1762
2.1722
2.1742
2.173
2.1726
2.1742
2.1734
2.1722
2.1738
2.1754
2.1766
2.1746
2.1754
2.1766
2.1742
2.173
2.173
2.1694
2.1754
2.171
2.1722
2.1746
2.1742
2.1778
2.177
2.1746
2.1758
2.1766
2.1714
2.1738
2.1714
2.1702
2.1726
2.1746
2.1754
2.177
2.1746
2.175
2.1762
2.1746
2.175
2.1726
2.175
2.1754
2.1734
2.1714
2.177
2.1738
2.1762
2.1758
2.1746
2.177
2.1762
2.1734
2.1786
2.1758
2.1718
2.1714
2.1754
2.1762
2.1786
2.1762
2.1758
2.1758
2.1766
2.1758
2.1734
2.177
2.1746
2.1754
2.1766
2.1762
2.1774
2.173
2.1746
2.1758
2.1754
2.1746
2.1754
2.1754
2.1738
2.1742
2.1786
2.1774
2.171
2.173
2.1774
2.177
2.1762
2.1758
2.1762
2.1718
2.177
2.1778
2.1754
2.1766
2.1742
2.1782
2.1798
2.177
2.1822
2.1754
2.1734
2.1758
2.1766
2.1734
2.1754
2.1766
2.175
2.1754
2.1774
2.1774
2.1738
2.1746
2.1762
2.1774
2.1742
2.1754
2.1774
2.1782
2.1726
2.1754
2.1738
2.1786
2.1766
2.175
2.1774
2.1758
2.1766
2.1718
2.1758
2.1746
2.1762
2.1746
2.1762
2.1742
2.1754
2.1758
2.1774
2.1766
2.1742
2.1718
2.1766
2.1774
2.1782
2.1738
2.1782
2.1758
2.1758
2.1746
2.1766
2.177
2.1782
2.1782
