
2 1 1 01
1 1 1 02
2 2 1 03
1 2 1 04
2 3 1 05
1 3 1 06
2 4 1 07
1 4 1 08
2 5 1 09
1 5 1 10
1 6 1 11
2 6 1 12
1 7 1 13
1 8 1 14
3 6 1 15
2 7 1 16
2 8 1 17
3 5 1 18
3 7 1 19
3 8 1 20
3 4 1 21
3 3 1 22
3 2 1 23
3 1 1 24
4 5 1 25
4 6 1 26
4 3 1 27
4 2 1 28
4 1 1 29
4 7 1 30
4 4 1 31
4 8 1 32
5 8 1 33
5 5 1 34
5 7 1 35
5 4 1 36
5 1 1 37
5 2 1 38
5 3 1 39
5 6 1 40
6 8 1 41
6 5 1 42
7 8 1 43
6 7 1 44
6 4 1 45
7 7 1 46
6 1 1 47
6 2 1 48
6 3 1 49
6 6 1 50
8 8 1 51
8 7 1 52
7 6 1 53
8 6 1 54
8 5 1 55
7 5 1 56
8 4 1 57
8 3 1 58
8 2 1 59
8 1 1 60
7 1 1 61
7 2 1 62
7 3 1 63
7 4 1 64
2 9 2 01
1 9 2 02
2 10 2 03
1 10 2 04
2 11 2 05
1 11 2 06
2 12 2 07
1 12 2 08
2 13 2 09
1 13 2 10
1 14 2 11
2 14 2 12
1 15 2 13
1 16 2 14
3 14 2 15
2 15 2 16
2 16 2 17
3 13 2 18
3 15 2 19
3 16 2 20
3 12 2 21
3 11 2 22
3 10 2 23
3 9 2 24
4 13 2 25
4 14 2 26
4 11 2 27
4 10 2 28
4 9 2 29
4 15 2 30
4 12 2 31
4 16 2 32
5 16 2 33
5 13 2 34
5 15 2 35
5 12 2 36
5 9 2 37
5 10 2 38
5 11 2 39
5 14 2 40
6 16 2 41
6 13 2 42
7 16 2 43
6 15 2 44
6 12 2 45
7 15 2 46
6 9 2 47
6 10 2 48
6 11 2 49
6 14 2 50
8 16 2 51
8 15 2 52
7 14 2 53
8 14 2 54
8 13 2 55
7 13 2 56
8 12 2 57
8 11 2 58
8 10 2 59
8 9 2 60
7 9 2 61
7 10 2 62
7 11 2 63
7 12 2 64
2 17 3 01
1 17 3 02
2 18 3 03
1 18 3 04
2 19 3 05
1 19 3 06
2 20 3 07
1 20 3 08
2 21 3 09
1 21 3 10
1 22 3 11
2 22 3 12
1 23 3 13
1 24 3 14
3 22 3 15
2 23 3 16
2 24 3 17
3 21 3 18
3 23 3 19
3 24 3 20
3 20 3 21
3 19 3 22
3 18 3 23
3 17 3 24
4 21 3 25
4 22 3 26
4 19 3 27
4 18 3 28
4 17 3 29
4 23 3 30
4 20 3 31
4 24 3 32
5 24 3 33
5 21 3 34
5 23 3 35
5 20 3 36
5 17 3 37
5 18 3 38
5 19 3 39
5 22 3 40
6 24 3 41
6 21 3 42
7 24 3 43
6 23 3 44
6 20 3 45
7 23 3 46
6 17 3 47
6 18 3 48
6 19 3 49
6 22 3 50
8 24 3 51
8 23 3 52
7 22 3 53
8 22 3 54
8 21 3 55
7 21 3 56
8 20 3 57
8 19 3 58
8 18 3 59
8 17 3 60
7 17 3 61
7 18 3 62
7 19 3 63
7 20 3 64
2 25 4 01
1 25 4 02
2 26 4 03
1 26 4 04
2 27 4 05
1 27 4 06
2 28 4 07
1 28 4 08
2 29 4 09
1 29 4 10
1 30 4 11
2 30 4 12
3 30 4 15
3 29 4 18
3 28 4 21
3 27 4 22
3 26 4 23
3 25 4 24
4 28 4 25
4 30 4 26
4 27 4 27
4 26 4 28
4 25 4 29
4 29 4 31
5 30 4 34
5 29 4 36
5 25 4 37
5 26 4 38
5 27 4 39
5 28 4 40
6 29 4 42
6 28 4 45
6 25 4 47
6 26 4 48
6 27 4 49
6 30 4 50
7 30 4 53
8 30 4 54
8 29 4 55
7 29 4 56
8 28 4 57
8 27 4 58
8 26 4 59
8 25 4 60
7 25 4 61
7 26 4 62
7 27 4 63
7 28 4 64
10 1 5 01
9 1 5 02
10 2 5 03
9 2 5 04
10 3 5 05
9 3 5 06
10 4 5 07
9 4 5 08
10 5 5 09
9 5 5 10
9 6 5 11
10 6 5 12
9 7 5 13
9 8 5 14
11 6 5 15
10 7 5 16
10 8 5 17
11 5 5 18
11 7 5 19
11 8 5 20
11 4 5 21
11 3 5 22
11 2 5 23
11 1 5 24
12 5 5 25
12 6 5 26
12 3 5 27
12 2 5 28
12 1 5 29
12 7 5 30
12 4 5 31
12 8 5 32
13 8 5 33
13 5 5 34
13 7 5 35
13 4 5 36
13 1 5 37
13 2 5 38
13 3 5 39
13 6 5 40
14 8 5 41
14 5 5 42
15 8 5 43
14 7 5 44
14 4 5 45
15 7 5 46
14 1 5 47
14 2 5 48
14 3 5 49
14 6 5 50
16 8 5 51
16 7 5 52
15 6 5 53
16 6 5 54
16 5 5 55
15 5 5 56
16 4 5 57
16 3 5 58
16 2 5 59
16 1 5 60
15 1 5 61
15 2 5 62
15 3 5 63
15 4 5 64
10 9 6 01
9 9 6 02
10 10 6 03
9 10 6 04
10 11 6 05
9 11 6 06
10 12 6 07
9 12 6 08
10 13 6 09
9 13 6 10
9 14 6 11
10 14 6 12
9 15 6 13
9 16 6 14
11 14 6 15
10 15 6 16
10 16 6 17
11 13 6 18
11 15 6 19
11 16 6 20
11 12 6 21
11 11 6 22
11 10 6 23
11 9 6 24
12 13 6 25
12 14 6 26
12 11 6 27
12 10 6 28
12 9 6 29
12 15 6 30
12 12 6 31
12 16 6 32
13 16 6 33
13 13 6 34
13 15 6 35
13 12 6 36
13 9 6 37
13 10 6 38
13 11 6 39
13 14 6 40
14 16 6 41
14 13 6 42
15 16 6 43
14 15 6 44
14 12 6 45
15 15 6 46
14 9 6 47
14 10 6 48
14 11 6 49
14 14 6 50
16 16 6 51
16 15 6 52
15 14 6 53
16 14 6 54
16 13 6 55
15 13 6 56
16 12 6 57
16 11 6 58
16 10 6 59
16 9 6 60
15 9 6 61
15 10 6 62
15 11 6 63
15 12 6 64
10 17 7 01
9 17 7 02
10 18 7 03
9 18 7 04
10 19 7 05
9 19 7 06
10 20 7 07
9 20 7 08
10 21 7 09
9 21 7 10
9 22 7 11
10 22 7 12
9 23 7 13
9 24 7 14
11 22 7 15
10 23 7 16
10 24 7 17
11 21 7 18
11 23 7 19
11 24 7 20
11 20 7 21
11 19 7 22
11 18 7 23
11 17 7 24
12 21 7 25
12 22 7 26
12 19 7 27
12 18 7 28
12 17 7 29
12 23 7 30
12 20 7 31
12 24 7 32
13 24 7 33
13 21 7 34
13 23 7 35
13 20 7 36
13 17 7 37
13 18 7 38
13 19 7 39
13 22 7 40
14 24 7 41
14 21 7 42
15 24 7 43
14 23 7 44
14 20 7 45
15 23 7 46
14 17 7 47
14 18 7 48
14 19 7 49
14 22 7 50
16 24 7 51
16 23 7 52
15 22 7 53
16 22 7 54
16 21 7 55
15 21 7 56
16 20 7 57
16 19 7 58
16 18 7 59
16 17 7 60
15 17 7 61
15 18 7 62
15 19 7 63
15 20 7 64
10 25 8 01
9 25 8 02
10 26 8 03
9 26 8 04
10 27 8 05
9 27 8 06
10 28 8 07
9 28 8 08
10 29 8 09
9 29 8 10
9 30 8 11
10 30 8 12
11 30 8 15
11 29 8 18
11 28 8 21
11 27 8 22
11 26 8 23
11 25 8 24
12 28 8 25
12 30 8 26
12 27 8 27
12 26 8 28
12 25 8 29
12 29 8 31
13 30 8 34
13 29 8 36
13 25 8 37
13 26 8 38
13 27 8 39
13 28 8 40
14 29 8 42
14 28 8 45
14 25 8 47
14 26 8 48
14 27 8 49
14 30 8 50
15 30 8 53
16 30 8 54
16 29 8 55
15 29 8 56
16 28 8 57
16 27 8 58
16 26 8 59
16 25 8 60
15 25 8 61
15 26 8 62
15 27 8 63
15 28 8 64
18 1 9 01
17 1 9 02
18 2 9 03
17 2 9 04
18 3 9 05
17 3 9 06
18 4 9 07
17 4 9 08
18 5 9 09
17 5 9 10
17 6 9 11
18 6 9 12
17 7 9 13
17 8 9 14
19 6 9 15
18 7 9 16
18 8 9 17
19 5 9 18
19 7 9 19
19 8 9 20
19 4 9 21
19 3 9 22
19 2 9 23
19 1 9 24
20 5 9 25
20 6 9 26
20 3 9 27
20 2 9 28
20 1 9 29
20 7 9 30
20 4 9 31
20 8 9 32
21 8 9 33
21 5 9 34
21 7 9 35
21 4 9 36
21 1 9 37
21 2 9 38
21 3 9 39
21 6 9 40
22 8 9 41
22 5 9 42
23 8 9 43
22 7 9 44
22 4 9 45
23 7 9 46
22 1 9 47
22 2 9 48
22 3 9 49
22 6 9 50
24 8 9 51
24 7 9 52
23 6 9 53
24 6 9 54
24 5 9 55
23 5 9 56
24 4 9 57
24 3 9 58
24 2 9 59
24 1 9 60
23 1 9 61
23 2 9 62
23 3 9 63
23 4 9 64
18 9 10 01
17 9 10 02
18 10 10 03
17 10 10 04
18 11 10 05
17 11 10 06
18 12 10 07
17 12 10 08
18 13 10 09
17 13 10 10
17 14 10 11
18 14 10 12
17 15 10 13
17 16 10 14
19 14 10 15
18 15 10 16
18 16 10 17
19 13 10 18
19 15 10 19
19 16 10 20
19 12 10 21
19 11 10 22
19 10 10 23
19 9 10 24
20 13 10 25
20 14 10 26
20 11 10 27
20 10 10 28
20 9 10 29
20 15 10 30
20 12 10 31
20 16 10 32
21 16 10 33
21 13 10 34
21 15 10 35
21 12 10 36
21 9 10 37
21 10 10 38
21 11 10 39
21 14 10 40
22 16 10 41
22 13 10 42
23 16 10 43
22 15 10 44
22 12 10 45
23 15 10 46
22 9 10 47
22 10 10 48
22 11 10 49
22 14 10 50
24 16 10 51
24 15 10 52
23 14 10 53
24 14 10 54
24 13 10 55
23 13 10 56
24 12 10 57
24 11 10 58
24 10 10 59
24 9 10 60
23 9 10 61
23 10 10 62
23 11 10 63
23 12 10 64
18 17 11 01
17 17 11 02
18 18 11 03
17 18 11 04
18 19 11 05
17 19 11 06
18 20 11 07
17 20 11 08
18 21 11 09
17 21 11 10
17 22 11 11
18 22 11 12
17 23 11 13
17 24 11 14
19 22 11 15
18 23 11 16
18 24 11 17
19 21 11 18
19 23 11 19
19 24 11 20
19 20 11 21
19 19 11 22
19 18 11 23
19 17 11 24
20 21 11 25
20 22 11 26
20 19 11 27
20 18 11 28
20 17 11 29
20 23 11 30
20 20 11 31
20 24 11 32
21 24 11 33
21 21 11 34
21 23 11 35
21 20 11 36
21 17 11 37
21 18 11 38
21 19 11 39
21 22 11 40
22 24 11 41
22 21 11 42
23 24 11 43
22 23 11 44
22 20 11 45
23 23 11 46
22 17 11 47
22 18 11 48
22 19 11 49
22 22 11 50
24 24 11 51
24 23 11 52
23 22 11 53
24 22 11 54
24 21 11 55
23 21 11 56
24 20 11 57
24 19 11 58
24 18 11 59
24 17 11 60
23 17 11 61
23 18 11 62
23 19 11 63
23 20 11 64
18 25 12 01
17 25 12 02
18 26 12 03
17 26 12 04
18 27 12 05
17 27 12 06
18 28 12 07
17 28 12 08
18 29 12 09
17 29 12 10
17 30 12 11
18 30 12 12
19 30 12 15
19 29 12 18
19 28 12 21
19 27 12 22
19 26 12 23
19 25 12 24
20 28 12 25
20 30 12 26
20 27 12 27
20 26 12 28
20 25 12 29
20 29 12 31
21 30 12 34
21 29 12 36
21 25 12 37
21 26 12 38
21 27 12 39
21 28 12 40
22 29 12 42
22 28 12 45
22 25 12 47
22 26 12 48
22 27 12 49
22 30 12 50
23 30 12 53
24 30 12 54
24 29 12 55
23 29 12 56
24 28 12 57
24 27 12 58
24 26 12 59
24 25 12 60
23 25 12 61
23 26 12 62
23 27 12 63
23 28 12 64
26 1 13 01
25 1 13 02
26 2 13 03
25 2 13 04
26 3 13 05
25 3 13 06
26 4 13 07
25 4 13 08
26 5 13 09
25 5 13 10
25 6 13 11
26 6 13 12
25 7 13 13
25 8 13 14
27 6 13 15
26 7 13 16
26 8 13 17
27 5 13 18
27 7 13 19
27 8 13 20
27 4 13 21
27 3 13 22
27 2 13 23
27 1 13 24
28 5 13 25
28 6 13 26
28 3 13 27
28 2 13 28
28 1 13 29
28 7 13 30
28 4 13 31
28 8 13 32
29 8 13 33
29 7 13 35
29 6 13 40
30 8 13 41
30 7 13 44
30 6 13 50
29 5 13 51
30 5 13 52
29 4 13 53
30 4 13 54
29 3 13 55
30 3 13 56
30 1 13 57
29 1 13 58
30 2 13 59
29 2 13 60
26 9 14 01
25 9 14 02
26 10 14 03
25 10 14 04
26 11 14 05
25 11 14 06
26 12 14 07
25 12 14 08
26 13 14 09
25 13 14 10
25 14 14 11
26 14 14 12
25 15 14 13
25 16 14 14
27 14 14 15
26 15 14 16
26 16 14 17
27 13 14 18
27 15 14 19
27 16 14 20
27 12 14 21
27 11 14 22
27 10 14 23
27 9 14 24
28 13 14 25
28 14 14 26
28 11 14 27
28 10 14 28
28 9 14 29
28 15 14 30
28 12 14 31
28 16 14 32
29 16 14 33
29 15 14 35
29 14 14 40
30 16 14 41
30 15 14 44
30 14 14 50
29 13 14 51
30 13 14 52
29 12 14 53
30 12 14 54
29 11 14 55
30 11 14 56
30 9 14 57
29 9 14 58
30 10 14 59
29 10 14 60
26 17 15 01
25 17 15 02
26 18 15 03
25 18 15 04
26 19 15 05
25 19 15 06
26 20 15 07
25 20 15 08
26 21 15 09
25 21 15 10
25 22 15 11
26 22 15 12
25 23 15 13
25 24 15 14
27 22 15 15
26 23 15 16
26 24 15 17
27 21 15 18
27 23 15 19
27 24 15 20
27 20 15 21
27 19 15 22
27 18 15 23
27 17 15 24
28 21 15 25
28 22 15 26
28 19 15 27
28 18 15 28
28 17 15 29
28 23 15 30
28 20 15 31
28 24 15 32
29 24 15 33
29 23 15 35
29 22 15 40
30 24 15 41
30 23 15 44
30 22 15 50
29 21 15 51
30 21 15 52
29 20 15 53
30 20 15 54
29 19 15 55
30 19 15 56
30 17 15 57
29 17 15 58
30 18 15 59
29 18 15 60
26 25 16 01
25 25 16 02
26 26 16 03
25 26 16 04
26 27 16 05
25 27 16 06
26 28 16 07
25 28 16 08
26 29 16 09
25 29 16 10
25 30 16 11
26 30 16 12
27 30 16 15
27 29 16 18
27 28 16 21
27 27 16 22
27 26 16 23
27 25 16 24
28 28 16 25
28 30 16 26
28 27 16 27
28 26 16 28
28 25 16 29
28 29 16 31
29 30 16 35
30 30 16 50
29 29 16 51
30 29 16 52
29 28 16 53
30 28 16 54
29 27 16 55
30 27 16 56
30 25 16 57
29 25 16 58
30 26 16 59
29 26 16 60

